Url,FAQs
https://www.booking.com/hotel/vn/rose-valley.vi.html,"{'Rose Valley Hotel Da Lat Vietnam có những loại phòng nào?': 'Lựa chọn phòng tại Rose Valley Hotel Da Lat Vietnam bao gồm: Phòng giường đôi, Phòng 4 người, Phòng gia đình', 'Rose Valley Hotel Da Lat Vietnam có giờ nhận và trả phòng như thế nào?': 'Rose Valley Hotel Da Lat Vietnam có giờ nhận phòng từ 14:00 và giờ trả phòng trước 12:00.', 'Chi phí nghỉ tại Rose Valley Hotel Da Lat Vietnam là bao nhiêu?': 'Giá tại Rose Valley Hotel Da Lat Vietnam có thể khác nhau tùy vào kỳ nghỉ của bạn (ví dụ: ngày bạn chọn, chính sách khách sạn,v.v.). Vui lòng xem giá bằng cách nhập ngày của bạn.', 'Rose Valley Hotel Da Lat Vietnam cách trung tâm Đà Lạt bao xa?': 'Rose Valley Hotel Da Lat Vietnam cách trung tâm Đà Lạt 1,8 km.\nTất cả khoảng cách được đo theo đường thẳng. Khoảng cách di chuyển thực sự có thể khác.', 'Rose Valley Hotel Da Lat Vietnam có phổ biến với các gia đình không?': 'Có, Rose Valley Hotel Da Lat Vietnam khá phổ biến đối với khách đặt kỳ nghỉ gia đình.', 'Tôi có thể làm gì ở Rose Valley Hotel Da Lat Vietnam?': 'Rose Valley Hotel Da Lat Vietnam có những hoạt động/dịch vụ sau (có thể áp dụng phí):'}"
https://www.booking.com/hotel/vn/huong-anh-luxury-dalat.vi.html,"{'Huong Anh DaLat Palace có những loại phòng nào?': 'Lựa chọn phòng tại Huong Anh Da, Lat Palace bao gồm: Phòng giường đôi, Suite, Phòng gia đình, Phòng 3 người', 'Huong Anh DaLat Palace có giờ nhận và trả phòng như thế nào?': 'Huong Anh Da, Lat Palace có giờ nhận phòng từ 14:00 và giờ trả phòng trước 12:00.', 'Chi phí nghỉ tại Huong Anh DaLat Palace là bao nhiêu?': 'Giá tại Huong Anh Da, Lat Palace có thể khác nhau tùy vào kỳ nghỉ của bạn (ví dụ: ngày bạn chọn, chính sách khách sạn,v.v.). Vui lòng xem giá bằng cách nhập ngày của bạn.', 'Tôi có thể làm gì ở Huong Anh DaLat Palace?': 'Huong Anh Da, Lat Palace có những hoạt động/dịch vụ sau (có thể áp dụng phí): Cho thuê xe đạp', 'Huong Anh DaLat Palace cách trung tâm Đà Lạt bao xa?': 'Huong Anh Da, Lat Palace cách trung tâm Đà Lạt 4,3 km.\nTất cả khoảng cách được đo theo đường thẳng. Khoảng cách di chuyển thực sự có thể khác.'}"
https://www.booking.com/hotel/vn/tho-non-garden-villa-bao-loc.vi.html,"{'Chi phí nghỉ tại Thỏ Non Garden Villa Bảo Lộc là bao nhiêu?': 'Giá tại Thỏ Non Garden Villa Bảo Lộc có thể khác nhau tùy vào kỳ nghỉ của bạn (ví dụ: ngày bạn chọn, chính sách khách sạn,v.v.). Vui lòng xem giá bằng cách nhập ngày của bạn.', 'Thỏ Non Garden Villa Bảo Lộc có nhà hàng trong khuôn viên không?': 'Thỏ Non Garden Villa Bảo Lộc có 1 nhà hàng: Ca Tam Vu Tru', 'Thỏ Non Garden Villa Bảo Lộc có giờ nhận và trả phòng như thế nào?': 'Thỏ Non Garden Villa Bảo Lộc có giờ nhận phòng từ 14:00 và giờ trả phòng trước 11:00.', 'Tôi có thể làm gì ở Thỏ Non Garden Villa Bảo Lộc?': 'Thỏ Non Garden Villa Bảo Lộc có những hoạt động/dịch vụ sau (có thể áp dụng phí): Tiện nghi chơi thể thao dưới nước (trong khuôn viên)', 'Thỏ Non Garden Villa Bảo Lộc có những loại phòng nào?': 'Lựa chọn phòng tại Thỏ Non Garden Villa Bảo Lộc bao gồm: Biệt thự, Nhà di động', 'Thỏ Non Garden Villa Bảo Lộc có phổ biến với các gia đình không?': 'Có, Thỏ Non Garden Villa Bảo Lộc khá phổ biến đối với khách đặt kỳ nghỉ gia đình.', 'Thỏ Non Garden Villa Bảo Lộc cách trung tâm Bảo Lộc bao xa?': 'Thỏ Non Garden Villa Bảo Lộc cách trung tâm Bảo Lộc 18 km.\nTất cả khoảng cách được đo theo đường thẳng. Khoảng cách di chuyển thực sự có thể khác.'}"
https://www.booking.com/hotel/vn/nature-dalat-thanh-pho-da-lat.vi.html,"{'NATURE Hotel Dalat By K D H có những loại phòng nào?': 'Lựa chọn phòng tại N, A, T, U, R, E Hotel Dalat By K D H bao gồm: Phòng giường đôi, Phòng giường đôi/2 giường đơn, Suite', 'NATURE Hotel Dalat By K D H có phổ biến với các gia đình không?': 'Có, N, A, T, U, R, E Hotel Dalat By K D H khá phổ biến đối với khách đặt kỳ nghỉ gia đình.', 'NATURE Hotel Dalat By K D H có phục vụ dạng bữa sáng nào?': 'Khách lưu trú tại N, A, T, U, R, E Hotel Dalat By K D H có thể tận hưởng bữa sáng được đánh giá cao trong kỳ nghỉ của họ (điểm đánh giá của khách: 9.6)\n\nLựa chọn bữa sáng bao gồm: Tự chọn', 'Chi phí nghỉ tại NATURE Hotel Dalat By K D H là bao nhiêu?': 'Giá tại N, A, T, U, R, E Hotel Dalat By K D H có thể khác nhau tùy vào kỳ nghỉ của bạn (ví dụ: ngày bạn chọn, chính sách khách sạn,v.v.). Vui lòng xem giá bằng cách nhập ngày của bạn.', 'Tôi có thể làm gì ở NATURE Hotel Dalat By K D H?': 'N, A, T, U, R, E Hotel Dalat By K D H có những hoạt động/dịch vụ sau (có thể áp dụng phí): Trung tâm thể dục, Cho thuê xe đạp, Phòng gửi đồ ở spa/gym, Phòng gym', 'NATURE Hotel Dalat By K D H có giờ nhận và trả phòng như thế nào?': 'N, A, T, U, R, E Hotel Dalat By K D H có giờ nhận phòng từ 14:00 và giờ trả phòng trước 12:00.', 'NATURE Hotel Dalat By K D H cách trung tâm Đà Lạt bao xa?': 'N, A, T, U, R, E Hotel Dalat By K D H cách trung tâm Đà Lạt 1,4 km.\nTất cả khoảng cách được đo theo đường thẳng. Khoảng cách di chuyển thực sự có thể khác.', 'NATURE Hotel Dalat By K D H có nhà hàng trong khuôn viên không?': 'N, A, T, U, R, E Hotel Dalat By K D H có 1 nhà hàng: Nature Restaurant'}"
https://www.booking.com/hotel/vn/pine-view-dalat.vi.html,"{'PINE VIEW Hotel Dalat có những loại phòng nào?': 'Lựa chọn phòng tại P, I, N, E V, I, E, W Hotel Dalat bao gồm: Phòng giường đôi, Suite, Phòng gia đình', 'PINE VIEW Hotel Dalat có giờ nhận và trả phòng như thế nào?': 'P, I, N, E V, I, E, W Hotel Dalat có giờ nhận phòng từ 14:00 và giờ trả phòng trước 12:00.', 'PINE VIEW Hotel Dalat cách trung tâm Đà Lạt bao xa?': 'P, I, N, E V, I, E, W Hotel Dalat cách trung tâm Đà Lạt 2,3 km.\nTất cả khoảng cách được đo theo đường thẳng. Khoảng cách di chuyển thực sự có thể khác.', 'Chi phí nghỉ tại PINE VIEW Hotel Dalat là bao nhiêu?': 'Giá tại P, I, N, E V, I, E, W Hotel Dalat có thể khác nhau tùy vào kỳ nghỉ của bạn (ví dụ: ngày bạn chọn, chính sách khách sạn,v.v.). Vui lòng xem giá bằng cách nhập ngày của bạn.', 'Tôi có thể làm gì ở PINE VIEW Hotel Dalat?': 'P, I, N, E V, I, E, W Hotel Dalat có những hoạt động/dịch vụ sau (có thể áp dụng phí):'}"
https://www.booking.com/hotel/vn/nature-nam-ky-khoi-nghia.vi.html,"{'Tôi có thể làm gì ở Nature Hotel - Nam Kỳ Khởi Nghĩa?': 'Nature Hotel - Nam Kỳ Khởi Nghĩa có những hoạt động/dịch vụ sau (có thể áp dụng phí): Xe đạp, Tour đi bộ, Giờ vàng, Lớp dạy nấu ăn, Tour đi xe đạp, Sự kiện thể thao (truyền hình trực tiếp)Tour/lớp về văn hóa địa phương, Cho thuê xe đạp', 'Nature Hotel - Nam Kỳ Khởi Nghĩa có phục vụ dạng bữa sáng nào?': 'Khách lưu trú tại Nature Hotel - Nam Kỳ Khởi Nghĩa có thể tận hưởng bữa sáng được đánh giá cao trong kỳ nghỉ của họ (điểm đánh giá của khách: 10.0)\n\nLựa chọn bữa sáng bao gồm: Kiểu Á', 'Nature Hotel - Nam Kỳ Khởi Nghĩa cách trung tâm Đà Lạt bao xa?': 'Nature Hotel - Nam Kỳ Khởi Nghĩa cách trung tâm Đà Lạt 250 m.\nTất cả khoảng cách được đo theo đường thẳng. Khoảng cách di chuyển thực sự có thể khác.', 'Nature Hotel - Nam Kỳ Khởi Nghĩa có giờ nhận và trả phòng như thế nào?': 'Nature Hotel - Nam Kỳ Khởi Nghĩa có giờ nhận phòng từ 14:00 và giờ trả phòng trước 12:00.', 'Chi phí nghỉ tại Nature Hotel - Nam Kỳ Khởi Nghĩa là bao nhiêu?': 'Giá tại Nature Hotel - Nam Kỳ Khởi Nghĩa có thể khác nhau tùy vào kỳ nghỉ của bạn (ví dụ: ngày bạn chọn, chính sách khách sạn,v.v.). Vui lòng xem giá bằng cách nhập ngày của bạn.', 'Nature Hotel - Nam Kỳ Khởi Nghĩa có phổ biến với các gia đình không?': 'Có, Nature Hotel - Nam Kỳ Khởi Nghĩa khá phổ biến đối với khách đặt kỳ nghỉ gia đình.', 'Nature Hotel - Nam Kỳ Khởi Nghĩa có những loại phòng nào?': 'Lựa chọn phòng tại Nature Hotel - Nam Kỳ Khởi Nghĩa bao gồm: Phòng giường đôi/2 giường đơn, Phòng 4 người, Phòng gia đình', 'Nature Hotel - Nam Kỳ Khởi Nghĩa có nhà hàng trong khuôn viên không?': 'Nature Hotel - Nam Kỳ Khởi Nghĩa có 1 nhà hàng: Restaurant #1'}"
https://www.booking.com/hotel/vn/phuong-trinh-thanh-pho-da-lat1.vi.html,"{'Phương Trinh Hotel cách trung tâm Ấp Ða Thiên bao xa?': 'Phương Trinh Hotel cách trung tâm Ấp Ða Thiên 750 m.\nTất cả khoảng cách được đo theo đường thẳng. Khoảng cách di chuyển thực sự có thể khác.', 'Tôi có thể làm gì ở Phương Trinh Hotel?': 'Phương Trinh Hotel có những hoạt động/dịch vụ sau (có thể áp dụng phí):', 'Phương Trinh Hotel có những loại phòng nào?': 'Lựa chọn phòng tại Phương Trinh Hotel bao gồm: Phòng giường đôi, Phòng giường đôi/2 giường đơn, Phòng gia đình', 'Phương Trinh Hotel có giờ nhận và trả phòng như thế nào?': 'Phương Trinh Hotel có giờ nhận phòng từ 14:00 và giờ trả phòng trước 12:00.', 'Chi phí nghỉ tại Phương Trinh Hotel là bao nhiêu?': 'Giá tại Phương Trinh Hotel có thể khác nhau tùy vào kỳ nghỉ của bạn (ví dụ: ngày bạn chọn, chính sách khách sạn,v.v.). Vui lòng xem giá bằng cách nhập ngày của bạn.'}"
https://www.booking.com/hotel/vn/savio-bui-thi-xuan.vi.html,"{'Chi phí nghỉ tại Savio House Bui Thi Xuan là bao nhiêu?': 'Giá tại Savio House Bui Thi Xuan có thể khác nhau tùy vào kỳ nghỉ của bạn (ví dụ: ngày bạn chọn, chính sách khách sạn,v.v.). Vui lòng xem giá bằng cách nhập ngày của bạn.', 'Savio House Bui Thi Xuan có giờ nhận và trả phòng như thế nào?': 'Savio House Bui Thi Xuan có giờ nhận phòng từ 14:00 và giờ trả phòng trước 11:30.', 'Savio House Bui Thi Xuan có những loại phòng nào?': 'Lựa chọn phòng tại Savio House Bui Thi Xuan bao gồm: Phòng giường đôi, Phòng gia đình', 'Tôi có thể làm gì ở Savio House Bui Thi Xuan?': 'Savio House Bui Thi Xuan có những hoạt động/dịch vụ sau (có thể áp dụng phí):', 'Savio House Bui Thi Xuan cách trung tâm Đà Lạt bao xa?': 'Savio House Bui Thi Xuan cách trung tâm Đà Lạt 800 m.\nTất cả khoảng cách được đo theo đường thẳng. Khoảng cách di chuyển thực sự có thể khác.'}"
https://www.booking.com/hotel/vn/homestay-bo-cong-anh.vi.html,"{'Homestay BỒ CÔNG ANH có giờ nhận và trả phòng như thế nào?': 'Homestay BỒ CÔ, N, G A, N, H có giờ nhận phòng từ 14:00 và giờ trả phòng trước 12:00.', 'Chi phí nghỉ tại Homestay BỒ CÔNG ANH là bao nhiêu?': 'Giá tại Homestay BỒ CÔ, N, G A, N, H có thể khác nhau tùy vào kỳ nghỉ của bạn (ví dụ: ngày bạn chọn, chính sách khách sạn,v.v.). Vui lòng xem giá bằng cách nhập ngày của bạn.', 'Homestay BỒ CÔNG ANH cách trung tâm Đà Lạt bao xa?': 'Homestay BỒ CÔ, N, G A, N, H cách trung tâm Đà Lạt 1 km.\nTất cả khoảng cách được đo theo đường thẳng. Khoảng cách di chuyển thực sự có thể khác.', 'Tôi có thể làm gì ở Homestay BỒ CÔNG ANH?': 'Homestay BỒ CÔ, N, G A, N, H có những hoạt động/dịch vụ sau (có thể áp dụng phí):'}"
https://www.booking.com/hotel/vn/anh-quan-khoi-thanh-pho-da-lat.vi.html,"{'Tôi có thể làm gì ở Anh Quan Khoi Hotel?': 'Anh Quan Khoi Hotel có những hoạt động/dịch vụ sau (có thể áp dụng phí): Sân gôn (trong vòng 3km)', 'Anh Quan Khoi Hotel có giờ nhận và trả phòng như thế nào?': 'Anh Quan Khoi Hotel có giờ nhận phòng từ 14:00 và giờ trả phòng trước 12:00.', 'Chi phí nghỉ tại Anh Quan Khoi Hotel là bao nhiêu?': 'Giá tại Anh Quan Khoi Hotel có thể khác nhau tùy vào kỳ nghỉ của bạn (ví dụ: ngày bạn chọn, chính sách khách sạn,v.v.). Vui lòng xem giá bằng cách nhập ngày của bạn.', 'Anh Quan Khoi Hotel cách trung tâm Đà Lạt bao xa?': 'Anh Quan Khoi Hotel cách trung tâm Đà Lạt 1,2 km.\nTất cả khoảng cách được đo theo đường thẳng. Khoảng cách di chuyển thực sự có thể khác.', 'Anh Quan Khoi Hotel có những loại phòng nào?': 'Lựa chọn phòng tại Anh Quan Khoi Hotel bao gồm: Phòng giường đôi, Phòng gia đình'}"
https://www.booking.com/hotel/vn/the-manor-villas-da-lat-thanh-pho-da-lat.vi.html,"{'The Manor Villas Da Lat có những loại phòng nào?': 'Lựa chọn phòng tại The Manor Villas Da Lat bao gồm: Phòng giường đôi, Suite, Phòng gia đình, Phòng 2 giường đơn ', 'Tôi có thể làm gì ở The Manor Villas Da Lat?': 'The Manor Villas Da Lat có những hoạt động/dịch vụ sau (có thể áp dụng phí):', 'The Manor Villas Da Lat có giờ nhận và trả phòng như thế nào?': 'The Manor Villas Da Lat có giờ nhận phòng từ 14:00 và giờ trả phòng trước 12:00.', 'The Manor Villas Da Lat cách trung tâm Ấp Xuân An bao xa?': 'The Manor Villas Da Lat cách trung tâm Ấp Xuân An 1,1 km.\nTất cả khoảng cách được đo theo đường thẳng. Khoảng cách di chuyển thực sự có thể khác.', 'Chi phí nghỉ tại The Manor Villas Da Lat là bao nhiêu?': 'Giá tại The Manor Villas Da Lat có thể khác nhau tùy vào kỳ nghỉ của bạn (ví dụ: ngày bạn chọn, chính sách khách sạn,v.v.). Vui lòng xem giá bằng cách nhập ngày của bạn.'}"
https://www.booking.com/hotel/vn/koze-mini-apartment.vi.html,"{'Tôi có thể làm gì ở Kōzē Mini Apartment?': 'Kōzē Mini Apartment có những hoạt động/dịch vụ sau (có thể áp dụng phí): Tour đi bộ, Tour/lớp về văn hóa địa phương, Tour đi xe đạp, Cho thuê xe đạp', 'Chi phí nghỉ tại Kōzē Mini Apartment là bao nhiêu?': 'Giá tại Kōzē Mini Apartment có thể khác nhau tùy vào kỳ nghỉ của bạn (ví dụ: ngày bạn chọn, chính sách khách sạn,v.v.). Vui lòng xem giá bằng cách nhập ngày của bạn.', 'Kōzē Mini Apartment có phổ biến với các gia đình không?': 'Có, Kōzē Mini Apartment khá phổ biến đối với khách đặt kỳ nghỉ gia đình.', 'Kōzē Mini Apartment cách trung tâm Đà Lạt bao xa?': 'Kōzē Mini Apartment cách trung tâm Đà Lạt 750 m.\nTất cả khoảng cách được đo theo đường thẳng. Khoảng cách di chuyển thực sự có thể khác.', 'Kōzē Mini Apartment có giờ nhận và trả phòng như thế nào?': 'Kōzē Mini Apartment có giờ nhận phòng từ 14:00 và giờ trả phòng trước 12:00.'}"
https://www.booking.com/hotel/vn/moonvalley-villas-da-lat.vi.html,"{'Tôi có thể làm gì ở Moon Valley Villas Đà Lạt?': 'Moon Valley Villas Đà Lạt có những hoạt động/dịch vụ sau (có thể áp dụng phí):', 'Moon Valley Villas Đà Lạt có giờ nhận và trả phòng như thế nào?': 'Moon Valley Villas Đà Lạt có giờ nhận phòng từ 14:00 và giờ trả phòng trước 12:00.', 'Chi phí nghỉ tại Moon Valley Villas Đà Lạt là bao nhiêu?': 'Giá tại Moon Valley Villas Đà Lạt có thể khác nhau tùy vào kỳ nghỉ của bạn (ví dụ: ngày bạn chọn, chính sách khách sạn,v.v.). Vui lòng xem giá bằng cách nhập ngày của bạn.', 'Moon Valley Villas Đà Lạt có những loại phòng nào?': 'Lựa chọn phòng tại Moon Valley Villas Đà Lạt bao gồm: Phòng 2 giường đơn Phòng gia đình, Phòng giường đôi, Phòng 3 người', 'Moon Valley Villas Đà Lạt cách trung tâm Ấp Xuân An bao xa?': 'Moon Valley Villas Đà Lạt cách trung tâm Ấp Xuân An 400 m.\nTất cả khoảng cách được đo theo đường thẳng. Khoảng cách di chuyển thực sự có thể khác.'}"
https://www.booking.com/hotel/vn/nhy-villa-da-lat-review.vi.html,"{'Chi phí nghỉ tại Nhý Villa Đà Lạt Review là bao nhiêu?': 'Giá tại Nhý Villa Đà Lạt Review có thể khác nhau tùy vào kỳ nghỉ của bạn (ví dụ: ngày bạn chọn, chính sách khách sạn,v.v.). Vui lòng xem giá bằng cách nhập ngày của bạn.', 'Tôi có thể làm gì ở Nhý Villa Đà Lạt Review?': 'Nhý Villa Đà Lạt Review có những hoạt động/dịch vụ sau (có thể áp dụng phí): Phòng chơi game, Phi tiêu, Giải trí buổi tối, Tour đi xe đạp, Thiết bị dành cho cầu lông, Triển lãm tranh đương đại, Biểu diễn/nhạc sống, Bữa tối theo chủ đề, Thiết bị dành cho tennis, Nhảy/khám phá bar, Tour đi bộ', 'Nhý Villa Đà Lạt Review cách trung tâm Đà Lạt bao xa?': 'Nhý Villa Đà Lạt Review cách trung tâm Đà Lạt 3,5 km.\nTất cả khoảng cách được đo theo đường thẳng. Khoảng cách di chuyển thực sự có thể khác.', 'Nhý Villa Đà Lạt Review có giờ nhận và trả phòng như thế nào?': 'Nhý Villa Đà Lạt Review có giờ nhận phòng từ 14:00 và giờ trả phòng trước 12:00.', 'Nhý Villa Đà Lạt Review có những loại phòng nào?': 'Lựa chọn phòng tại Nhý Villa Đà Lạt Review bao gồm: Biệt thự, Phòng giường đôi, Phòng 4 người, Phòng gia đình, Giường trong phòng tập thể'}"
https://www.booking.com/hotel/vn/terracotta-amp-resort-dalat.vi.html,"{'Terracotta Hotel & Resort Dalat có phổ biến với các gia đình không?': 'Có, Terracotta Hotel & Resort Dalat khá phổ biến đối với khách đặt kỳ nghỉ gia đình.', 'Terracotta Hotel & Resort Dalat có những loại phòng nào?': 'Lựa chọn phòng tại Terracotta Hotel & Resort Dalat bao gồm: Biệt thự, Phòng 2 giường đơn Phòng giường đôi, Phòng gia đình', 'Terracotta Hotel & Resort Dalat có nhà hàng trong khuôn viên không?': 'Terracotta Hotel & Resort Dalat có 1 nhà hàng: Montagne', 'Terracotta Hotel & Resort Dalat có phục vụ dạng bữa sáng nào?': 'Khách lưu trú tại Terracotta Hotel & Resort Dalat có thể tận hưởng bữa sáng được đánh giá cao trong kỳ nghỉ của họ (điểm đánh giá của khách: 7.7)\n\nLựa chọn bữa sáng bao gồm: Kiểu lục địa, Kiểu Ý, Kiểu Á, Kiểu Mỹ', 'Terracotta Hotel & Resort Dalat cách trung tâm Đà Lạt bao xa?': 'Terracotta Hotel & Resort Dalat cách trung tâm Đà Lạt 5 km.\nTất cả khoảng cách được đo theo đường thẳng. Khoảng cách di chuyển thực sự có thể khác.', 'Terracotta Hotel & Resort Dalat có giờ nhận và trả phòng như thế nào?': 'Terracotta Hotel & Resort Dalat có giờ nhận phòng từ 14:00 và giờ trả phòng trước 12:00.', 'Chi phí nghỉ tại Terracotta Hotel & Resort Dalat là bao nhiêu?': 'Giá tại Terracotta Hotel & Resort Dalat có thể khác nhau tùy vào kỳ nghỉ của bạn (ví dụ: ngày bạn chọn, chính sách khách sạn,v.v.). Vui lòng xem giá bằng cách nhập ngày của bạn.', 'Terracotta Hotel & Resort Dalat có hồ bơi không?': 'Có, khách sạn này có hồ bơi. Tìm hiểu chi tiết về hồ bơi và các tiện nghi khác trong trang này.', 'Tôi có thể làm gì ở Terracotta Hotel & Resort Dalat?': 'Terracotta Hotel & Resort Dalat có những hoạt động/dịch vụ sau (có thể áp dụng phí): Trung tâm Spa & chăm sóc sức khoẻTrung tâm thể dục, Phòng xông hơi, Massage, Đi bộ đường dài, Sân chơi trẻ em, Bida, Phòng chơi game, Bóng bàn, Sân tennis, Karaoke, Sân gôn (trong vòng 3km)Câu lạc bộ trẻ em, Khu vực thư giãn/spa lounge, Dịch Vụ Làm Đẹp, Mát-xa lưng, Phòng gửi đồ ở spa/gym, Mát-xa đầu, Trị Liệu Cơ Thể, Mát-xa chân, Thiết bị dành cho tennis, Phòng gym, Cắt tóc, Mát-xa cổ, Thiết bị dành cho cầu lông, Mát-xa tay, Phòng xông hơi ướt, Mát-xa dành cho cặp đôi, Chăm sóc tóc, Mát-xa toàn thân, Tiện Nghi Spa, Tạo kiểu tóc, Hồ bơi'}"
https://www.booking.com/hotel/vn/ttr-midtown-view.vi.html,"{'Chi phí nghỉ tại TTR Midtown View Hotel là bao nhiêu?': 'Giá tại T, T, R Midtown View Hotel có thể khác nhau tùy vào kỳ nghỉ của bạn (ví dụ: ngày bạn chọn, chính sách khách sạn,v.v.). Vui lòng xem giá bằng cách nhập ngày của bạn.', 'TTR Midtown View Hotel cách trung tâm Đà Lạt bao xa?': 'T, T, R Midtown View Hotel cách trung tâm Đà Lạt 350 m.\nTất cả khoảng cách được đo theo đường thẳng. Khoảng cách di chuyển thực sự có thể khác.', 'TTR Midtown View Hotel có giờ nhận và trả phòng như thế nào?': 'T, T, R Midtown View Hotel có giờ nhận phòng từ 14:00 và giờ trả phòng trước 12:00.', 'Tôi có thể làm gì ở TTR Midtown View Hotel?': 'T, T, R Midtown View Hotel có những hoạt động/dịch vụ sau (có thể áp dụng phí): Trung tâm Spa & chăm sóc sức khoẻMassage, Khu vực thư giãn/spa lounge, Dịch Vụ Làm Đẹp, Gói spa/chăm sóc sức khỏe, Tiện Nghi Spa, Dịch vụ ngâm chân', 'TTR Midtown View Hotel có những loại phòng nào?': 'Lựa chọn phòng tại T, T, R Midtown View Hotel bao gồm: Phòng giường đôi, Phòng gia đình, Suite, Phòng 2 giường đơn ', 'TTR Midtown View Hotel có phục vụ dạng bữa sáng nào?': 'Khách lưu trú tại T, T, R Midtown View Hotel có thể tận hưởng bữa sáng được đánh giá cao trong kỳ nghỉ của họ (điểm đánh giá của khách: 7.5)\n\nLựa chọn bữa sáng bao gồm: Gọi món (à la carte)'}"
https://www.booking.com/hotel/vn/kim-little-house.vi.html,"{'Kim Little House Hotel có giờ nhận và trả phòng như thế nào?': 'Kim Little House Hotel có giờ nhận phòng từ 14:00 và giờ trả phòng trước 12:00.', 'Chi phí nghỉ tại Kim Little House Hotel là bao nhiêu?': 'Giá tại Kim Little House Hotel có thể khác nhau tùy vào kỳ nghỉ của bạn (ví dụ: ngày bạn chọn, chính sách khách sạn,v.v.). Vui lòng xem giá bằng cách nhập ngày của bạn.', 'Kim Little House Hotel cách trung tâm Đà Lạt bao xa?': 'Kim Little House Hotel cách trung tâm Đà Lạt 1,4 km.\nTất cả khoảng cách được đo theo đường thẳng. Khoảng cách di chuyển thực sự có thể khác.', 'Tôi có thể làm gì ở Kim Little House Hotel?': 'Kim Little House Hotel có những hoạt động/dịch vụ sau (có thể áp dụng phí): Xe đạp', 'Kim Little House Hotel có những loại phòng nào?': 'Lựa chọn phòng tại Kim Little House Hotel bao gồm: Suite, Phòng gia đình, Phòng giường đôi, Phòng 3 người'}"
https://www.booking.com/hotel/vn/joy-villa-da-lat.vi.html,"{""TTR Joy Apart' Hotel có bao nhiêu phòng ngủ?"": ""Bạn có thể chọn từ nhiều lựa chọn chỗ nghỉ tại T, T, R Joy Apart' Hotel (tùy vào tình trạng có sẵn). Những chỗ này có: 2 phòng ngủ3 phòng ngủ\n\nĐể biết thêm thông tin, vui lòng kiểm tra chi tiết (các) lựa chọn chỗ nghỉ ở trang này."", ""Tôi có thể làm gì ở TTR Joy Apart' Hotel?"": ""T, T, R Joy Apart' Hotel có những hoạt động/dịch vụ sau (có thể áp dụng phí): Đi bộ đường dài"", ""TTR Joy Apart' Hotel có sân hiên không?"": ""Có, nhiều lựa chọn tại chỗ nghỉ này có sân hiên. Bạn có thể tìm hiểu thêm về điều này và các tiện nghi khác tại T, T, R Joy Apart' Hotel trên trang này."", ""TTR Joy Apart' Hotel có giờ nhận và trả phòng như thế nào?"": ""T, T, R Joy Apart' Hotel có giờ nhận phòng từ 14:00 và giờ trả phòng trước 12:00."", ""TTR Joy Apart' Hotel có ban công không?"": ""Có, nhiều lựa chọn tại chỗ nghỉ này có ban công. Bạn có thể tìm hiểu thêm về điều này và các tiện nghi khác tại T, T, R Joy Apart' Hotel trên trang này."", ""Chi phí nghỉ tại TTR Joy Apart' Hotel là bao nhiêu?"": ""Giá tại T, T, R Joy Apart' Hotel có thể khác nhau tùy vào kỳ nghỉ của bạn (ví dụ: ngày bạn chọn, chính sách khách sạn,v.v.). Vui lòng xem giá bằng cách nhập ngày của bạn."", ""TTR Joy Apart' Hotel có phổ biến với các gia đình không?"": ""Có, T, T, R Joy Apart' Hotel khá phổ biến đối với khách đặt kỳ nghỉ gia đình."", ""Bao nhiêu khách có thể lưu trú tại TTR Joy Apart' Hotel?"": ""Bạn có thể chọn từ nhiều lựa chọn chỗ nghỉ tại T, T, R Joy Apart' Hotel (tùy vào tình trạng có sẵn). Những chỗ này có thể tiếp đón: 4 khách6 khách8 khách\n\nĐể biết thêm thông tin, vui lòng kiểm tra chi tiết (các) lựa chọn chỗ nghỉ ở trang này."", ""TTR Joy Apart' Hotel cách trung tâm Đà Lạt bao xa?"": ""T, T, R Joy Apart' Hotel cách trung tâm Đà Lạt 1,8 km.\nTất cả khoảng cách được đo theo đường thẳng. Khoảng cách di chuyển thực sự có thể khác.""}"
https://www.booking.com/hotel/vn/four-spring-villas-and-golfs-da-lat.vi.html,"{'Tôi có thể làm gì ở Four Spring Villas & Golfs Da Lat?': 'Four Spring Villas & Golfs Da Lat có những hoạt động/dịch vụ sau (có thể áp dụng phí): Sân gôn mini, Sân gôn (trong vòng 3km)Tour đi bộ, Bữa tối theo chủ đề', 'Four Spring Villas & Golfs Da Lat có những loại phòng nào?': 'Lựa chọn phòng tại Four Spring Villas & Golfs Da Lat bao gồm: Phòng giường đôi, Phòng gia đình, Căn hộBiệt thự', 'Chi phí nghỉ tại Four Spring Villas & Golfs Da Lat là bao nhiêu?': 'Giá tại Four Spring Villas & Golfs Da Lat có thể khác nhau tùy vào kỳ nghỉ của bạn (ví dụ: ngày bạn chọn, chính sách khách sạn,v.v.). Vui lòng xem giá bằng cách nhập ngày của bạn.', 'Four Spring Villas & Golfs Da Lat có giờ nhận và trả phòng như thế nào?': 'Four Spring Villas & Golfs Da Lat có giờ nhận phòng từ 14:00 và giờ trả phòng trước 12:00.', 'Four Spring Villas & Golfs Da Lat cách trung tâm Đà Lạt bao xa?': 'Four Spring Villas & Golfs Da Lat cách trung tâm Đà Lạt 12 km.\nTất cả khoảng cách được đo theo đường thẳng. Khoảng cách di chuyển thực sự có thể khác.'}"
https://www.booking.com/hotel/vn/tp-pineview-dalat.vi.html,"{'Tôi có thể làm gì ở TP Dalat Hotel?': 'T, P Dalat Hotel có những hoạt động/dịch vụ sau (có thể áp dụng phí):', 'TP Dalat Hotel có giờ nhận và trả phòng như thế nào?': 'T, P Dalat Hotel có giờ nhận phòng từ 14:00 và giờ trả phòng trước 12:00.', 'TP Dalat Hotel có phổ biến với các gia đình không?': 'Có, T, P Dalat Hotel khá phổ biến đối với khách đặt kỳ nghỉ gia đình.', 'TP Dalat Hotel có những loại phòng nào?': 'Lựa chọn phòng tại T, P Dalat Hotel bao gồm: Phòng giường đôi, Phòng 2 giường đơn Phòng 3 người, Phòng gia đình', 'TP Dalat Hotel cách trung tâm Đà Lạt bao xa?': 'T, P Dalat Hotel cách trung tâm Đà Lạt 3,5 km.\nTất cả khoảng cách được đo theo đường thẳng. Khoảng cách di chuyển thực sự có thể khác.', 'Chi phí nghỉ tại TP Dalat Hotel là bao nhiêu?': 'Giá tại T, P Dalat Hotel có thể khác nhau tùy vào kỳ nghỉ của bạn (ví dụ: ngày bạn chọn, chính sách khách sạn,v.v.). Vui lòng xem giá bằng cách nhập ngày của bạn.', 'TP Dalat Hotel có nhà hàng trong khuôn viên không?': 'T, P Dalat Hotel có 1 nhà hàng: Nhà hàng #1'}"
https://www.booking.com/hotel/vn/sois-homestay.vi.html,"{'Nhà Sói Homestay Da Lat có giờ nhận và trả phòng như thế nào?': 'Nhà Sói Homestay Da Lat có giờ nhận phòng từ 14:00 và giờ trả phòng trước 12:00.', 'Tôi có thể làm gì ở Nhà Sói Homestay Da Lat?': 'Nhà Sói Homestay Da Lat có những hoạt động/dịch vụ sau (có thể áp dụng phí):', 'Chi phí nghỉ tại Nhà Sói Homestay Da Lat là bao nhiêu?': 'Giá tại Nhà Sói Homestay Da Lat có thể khác nhau tùy vào kỳ nghỉ của bạn (ví dụ: ngày bạn chọn, chính sách khách sạn,v.v.). Vui lòng xem giá bằng cách nhập ngày của bạn.', 'Nhà Sói Homestay Da Lat cách trung tâm Đà Lạt bao xa?': 'Nhà Sói Homestay Da Lat cách trung tâm Đà Lạt 5 km.\nTất cả khoảng cách được đo theo đường thẳng. Khoảng cách di chuyển thực sự có thể khác.'}"
https://www.booking.com/hotel/vn/best-king-dalat2.vi.html,"{'Tôi có thể làm gì ở Kings Hotel Dalat?': 'Kings Hotel Dalat có những hoạt động/dịch vụ sau (có thể áp dụng phí): Dịch Vụ Làm Đẹp, Nhuộm tóc, Chăm sóc tóc, Tiện Nghi Spa, Dịch vụ triệt lông, Trị Liệu Cơ Thể, Dịch vụ làm móng chân, Ghế mát-xa, Chăm sóc da mặt, Tạo kiểu tóc, Dịch vụ làm móng tay, Gói spa/chăm sóc sức khỏe, Dịch vụ trang điểm, Tẩy tế bào chết toàn thân, Cắt tóc', 'Kings Hotel Dalat có những loại phòng nào?': 'Lựa chọn phòng tại Kings Hotel Dalat bao gồm: Phòng giường đôi, Phòng gia đình, Phòng 2 giường đơn Phòng 3 người', 'Kings Hotel Dalat có phổ biến với các gia đình không?': 'Có, Kings Hotel Dalat khá phổ biến đối với khách đặt kỳ nghỉ gia đình.', 'Kings Hotel Dalat có giờ nhận và trả phòng như thế nào?': 'Kings Hotel Dalat có giờ nhận phòng từ 14:00 và giờ trả phòng trước 12:00.', 'Kings Hotel Dalat có nhà hàng trong khuôn viên không?': 'Kings Hotel Dalat có 1 nhà hàng: Kings restaurant', 'Chi phí nghỉ tại Kings Hotel Dalat là bao nhiêu?': 'Giá tại Kings Hotel Dalat có thể khác nhau tùy vào kỳ nghỉ của bạn (ví dụ: ngày bạn chọn, chính sách khách sạn,v.v.). Vui lòng xem giá bằng cách nhập ngày của bạn.', 'Kings Hotel Dalat cách trung tâm Đà Lạt bao xa?': 'Kings Hotel Dalat cách trung tâm Đà Lạt 400 m.\nTất cả khoảng cách được đo theo đường thẳng. Khoảng cách di chuyển thực sự có thể khác.'}"
https://www.booking.com/hotel/vn/the-elegant-dalat-dalat.vi.html,"{'The Elegant Dalat có những loại phòng nào?': 'Lựa chọn phòng tại The Elegant Dalat bao gồm: Phòng giường đôi, Phòng gia đình', 'Tôi có thể làm gì ở The Elegant Dalat?': 'The Elegant Dalat có những hoạt động/dịch vụ sau (có thể áp dụng phí): Giải trí buổi tối, Bữa tối theo chủ đề', 'Chi phí nghỉ tại The Elegant Dalat là bao nhiêu?': 'Giá tại The Elegant Dalat có thể khác nhau tùy vào kỳ nghỉ của bạn (ví dụ: ngày bạn chọn, chính sách khách sạn,v.v.). Vui lòng xem giá bằng cách nhập ngày của bạn.', 'The Elegant Dalat cách trung tâm Đà Lạt bao xa?': 'The Elegant Dalat cách trung tâm Đà Lạt 3 km.\nTất cả khoảng cách được đo theo đường thẳng. Khoảng cách di chuyển thực sự có thể khác.', 'The Elegant Dalat có giờ nhận và trả phòng như thế nào?': 'The Elegant Dalat có giờ nhận phòng từ 14:00 và giờ trả phòng trước 12:00.'}"
https://www.booking.com/hotel/vn/bach-place-dalat.vi.html,"{'Bach Place Dalat có những loại phòng nào?': 'Lựa chọn phòng tại Bach Place Dalat bao gồm: Suite, Phòng giường đôi, Phòng 2 giường đơn ', 'Bach Place Dalat cách trung tâm Đà Lạt bao xa?': 'Bach Place Dalat cách trung tâm Đà Lạt 950 m.\nTất cả khoảng cách được đo theo đường thẳng. Khoảng cách di chuyển thực sự có thể khác.', 'Chi phí nghỉ tại Bach Place Dalat là bao nhiêu?': 'Giá tại Bach Place Dalat có thể khác nhau tùy vào kỳ nghỉ của bạn (ví dụ: ngày bạn chọn, chính sách khách sạn,v.v.). Vui lòng xem giá bằng cách nhập ngày của bạn.', 'Bach Place Dalat có giờ nhận và trả phòng như thế nào?': 'Bach Place Dalat có giờ nhận phòng từ 14:00 và giờ trả phòng trước 12:00.', 'Tôi có thể làm gì ở Bach Place Dalat?': 'Bach Place Dalat có những hoạt động/dịch vụ sau (có thể áp dụng phí): Tour/lớp về văn hóa địa phương'}"
https://www.booking.com/hotel/vn/green-valley-thanh-pho-da-lat.vi.html,"{'Thung Lũng Xanh TQK Hotel có phổ biến với các gia đình không?': 'Có, Thung Lũng Xanh T, Q, K Hotel khá phổ biến đối với khách đặt kỳ nghỉ gia đình.', 'Tôi có thể làm gì ở Thung Lũng Xanh TQK Hotel?': 'Thung Lũng Xanh T, Q, K Hotel có những hoạt động/dịch vụ sau (có thể áp dụng phí): Massage, Đêm phim, Tour đi bộ, Mát-xa toàn thân', 'Chi phí nghỉ tại Thung Lũng Xanh TQK Hotel là bao nhiêu?': 'Giá tại Thung Lũng Xanh T, Q, K Hotel có thể khác nhau tùy vào kỳ nghỉ của bạn (ví dụ: ngày bạn chọn, chính sách khách sạn,v.v.). Vui lòng xem giá bằng cách nhập ngày của bạn.', 'Thung Lũng Xanh TQK Hotel có giờ nhận và trả phòng như thế nào?': 'Thung Lũng Xanh T, Q, K Hotel có giờ nhận phòng từ 14:00 và giờ trả phòng trước 12:00.', 'Thung Lũng Xanh TQK Hotel cách trung tâm Đà Lạt bao xa?': 'Thung Lũng Xanh T, Q, K Hotel cách trung tâm Đà Lạt 3,3 km.\nTất cả khoảng cách được đo theo đường thẳng. Khoảng cách di chuyển thực sự có thể khác.'}"
https://www.booking.com/hotel/vn/stillus-boutique.vi.html,"{'Stillus Boutique Hotel Dalat có giờ nhận và trả phòng như thế nào?': 'Stillus Boutique Hotel Dalat có giờ nhận phòng từ 14:00 và giờ trả phòng trước 12:00.', 'Stillus Boutique Hotel Dalat có phổ biến với các gia đình không?': 'Có, Stillus Boutique Hotel Dalat khá phổ biến đối với khách đặt kỳ nghỉ gia đình.', 'Stillus Boutique Hotel Dalat có những loại phòng nào?': 'Lựa chọn phòng tại Stillus Boutique Hotel Dalat bao gồm: Phòng 4 người, Phòng 3 người, Suite, Phòng giường đôi, Phòng 2 giường đơn ', 'Stillus Boutique Hotel Dalat có hồ bơi không?': 'Có, khách sạn này có hồ bơi. Tìm hiểu chi tiết về hồ bơi và các tiện nghi khác trong trang này.', 'Chi phí nghỉ tại Stillus Boutique Hotel Dalat là bao nhiêu?': 'Giá tại Stillus Boutique Hotel Dalat có thể khác nhau tùy vào kỳ nghỉ của bạn (ví dụ: ngày bạn chọn, chính sách khách sạn,v.v.). Vui lòng xem giá bằng cách nhập ngày của bạn.', 'Tôi có thể làm gì ở Stillus Boutique Hotel Dalat?': 'Stillus Boutique Hotel Dalat có những hoạt động/dịch vụ sau (có thể áp dụng phí): Hồ bơi', 'Stillus Boutique Hotel Dalat có phục vụ dạng bữa sáng nào?': 'Khách lưu trú tại Stillus Boutique Hotel Dalat có thể tận hưởng bữa sáng được đánh giá cao trong kỳ nghỉ của họ (điểm đánh giá của khách: 5.8)\n\nLựa chọn bữa sáng bao gồm: Tự chọn', 'Stillus Boutique Hotel Dalat cách trung tâm Đà Lạt bao xa?': 'Stillus Boutique Hotel Dalat cách trung tâm Đà Lạt 2,2 km.\nTất cả khoảng cách được đo theo đường thẳng. Khoảng cách di chuyển thực sự có thể khác.', 'Stillus Boutique Hotel Dalat có nhà hàng trong khuôn viên không?': 'Stillus Boutique Hotel Dalat có 1 nhà hàng: T, H, E A, T, T, I, C'}"
https://www.booking.com/hotel/vn/gia-hoang-da-lat12.vi.html,"{'HANZ Gia Hoang Hotel Dalat có giờ nhận và trả phòng như thế nào?': 'H, A, N, Z Gia Hoang Hotel Dalat có giờ nhận phòng từ 16:00 và giờ trả phòng trước 11:00.', 'HANZ Gia Hoang Hotel Dalat có phổ biến với các gia đình không?': 'Có, H, A, N, Z Gia Hoang Hotel Dalat khá phổ biến đối với khách đặt kỳ nghỉ gia đình.', 'Chi phí nghỉ tại HANZ Gia Hoang Hotel Dalat là bao nhiêu?': 'Giá tại H, A, N, Z Gia Hoang Hotel Dalat có thể khác nhau tùy vào kỳ nghỉ của bạn (ví dụ: ngày bạn chọn, chính sách khách sạn,v.v.). Vui lòng xem giá bằng cách nhập ngày của bạn.', 'HANZ Gia Hoang Hotel Dalat cách trung tâm Đà Lạt bao xa?': 'H, A, N, Z Gia Hoang Hotel Dalat cách trung tâm Đà Lạt 1,2 km.\nTất cả khoảng cách được đo theo đường thẳng. Khoảng cách di chuyển thực sự có thể khác.', 'Tôi có thể làm gì ở HANZ Gia Hoang Hotel Dalat?': 'H, A, N, Z Gia Hoang Hotel Dalat có những hoạt động/dịch vụ sau (có thể áp dụng phí): Tour đi bộ, Tour đi xe đạp'}"
https://www.booking.com/hotel/vn/merperle-dalat-thanh-pho-da-lat.vi.html,"{'Tôi có thể làm gì ở MerPerle Dalat Hotel?': 'Mer, Perle Dalat Hotel có những hoạt động/dịch vụ sau (có thể áp dụng phí): Trung tâm Spa & chăm sóc sức khoẻTrung tâm thể dục, Bồn tắm nóng/bể sục (Jacuzzi)Phòng xông hơi, Massage, Karaoke, Câu lạc bộ trẻ em, Phòng xông hơi ướt, Phòng gym, Tiện Nghi Spa, Khu vực thư giãn/spa lounge, Hồ bơi, Gói spa/chăm sóc sức khỏe', 'MerPerle Dalat Hotel có phổ biến với các gia đình không?': 'Có, Mer, Perle Dalat Hotel khá phổ biến đối với khách đặt kỳ nghỉ gia đình.', 'MerPerle Dalat Hotel có giờ nhận và trả phòng như thế nào?': 'Mer, Perle Dalat Hotel có giờ nhận phòng từ 14:30 và giờ trả phòng trước 11:30.', 'MerPerle Dalat Hotel có những loại phòng nào?': 'Lựa chọn phòng tại Mer, Perle Dalat Hotel bao gồm: Phòng giường đôi, Phòng 2 giường đơn Phòng gia đình, Phòng 3 người, Suite', 'MerPerle Dalat Hotel có nhà hàng trong khuôn viên không?': 'Mer, Perle Dalat Hotel có 1 nhà hàng: Rustic', 'MerPerle Dalat Hotel có hồ bơi không?': 'Có, khách sạn này có hồ bơi. Tìm hiểu chi tiết về hồ bơi và các tiện nghi khác trong trang này.', 'MerPerle Dalat Hotel có bể sục cho khách không?': 'Chỗ nghỉ có bể sục. Bạn có thể tìm hiểu thêm về điều này và các tiện nghi khác tại Mer, Perle Dalat Hotel trên trang này.', 'MerPerle Dalat Hotel có phục vụ dạng bữa sáng nào?': 'Khách lưu trú tại Mer, Perle Dalat Hotel có thể tận hưởng bữa sáng được đánh giá cao trong kỳ nghỉ của họ (điểm đánh giá của khách: 7.5)\n\nLựa chọn bữa sáng bao gồm: Tự chọn', 'Chi phí nghỉ tại MerPerle Dalat Hotel là bao nhiêu?': 'Giá tại Mer, Perle Dalat Hotel có thể khác nhau tùy vào kỳ nghỉ của bạn (ví dụ: ngày bạn chọn, chính sách khách sạn,v.v.). Vui lòng xem giá bằng cách nhập ngày của bạn.', 'MerPerle Dalat Hotel cách trung tâm Đà Lạt bao xa?': 'Mer, Perle Dalat Hotel cách trung tâm Đà Lạt 2,4 km.\nTất cả khoảng cách được đo theo đường thẳng. Khoảng cách di chuyển thực sự có thể khác.'}"
https://www.booking.com/hotel/vn/xu-dong-duong-apartment-thanh-pho-da-lat.vi.html,"{'Tôi có thể làm gì ở Xứ Đông Dương Apartment?': 'Xứ Đông Dương Apartment có những hoạt động/dịch vụ sau (có thể áp dụng phí):', 'Xứ Đông Dương Apartment cách trung tâm Đà Lạt bao xa?': 'Xứ Đông Dương Apartment cách trung tâm Đà Lạt 2,2 km.\nTất cả khoảng cách được đo theo đường thẳng. Khoảng cách di chuyển thực sự có thể khác.', 'Xứ Đông Dương Apartment có sân hiên không?': 'Có, nhiều lựa chọn tại chỗ nghỉ này có sân hiên. Bạn có thể tìm hiểu thêm về điều này và các tiện nghi khác tại Xứ Đông Dương Apartment trên trang này.', 'Chi phí nghỉ tại Xứ Đông Dương Apartment là bao nhiêu?': 'Giá tại Xứ Đông Dương Apartment có thể khác nhau tùy vào kỳ nghỉ của bạn (ví dụ: ngày bạn chọn, chính sách khách sạn,v.v.). Vui lòng xem giá bằng cách nhập ngày của bạn.', 'Xứ Đông Dương Apartment có bao nhiêu phòng ngủ?': 'Bạn có thể chọn từ nhiều lựa chọn chỗ nghỉ tại Xứ Đông Dương Apartment (tùy vào tình trạng có sẵn). Những chỗ này có: 1 phòng ngủ2 phòng ngủ\n\nĐể biết thêm thông tin, vui lòng kiểm tra chi tiết (các) lựa chọn chỗ nghỉ ở trang này.', 'Bao nhiêu khách có thể lưu trú tại Xứ Đông Dương Apartment?': 'Bạn có thể chọn từ nhiều lựa chọn chỗ nghỉ tại Xứ Đông Dương Apartment (tùy vào tình trạng có sẵn). Những chỗ này có thể tiếp đón: 2 khách4 khách6 khách\n\nĐể biết thêm thông tin, vui lòng kiểm tra chi tiết (các) lựa chọn chỗ nghỉ ở trang này.', 'Xứ Đông Dương Apartment có ban công không?': 'Có, nhiều lựa chọn tại chỗ nghỉ này có ban công. Bạn có thể tìm hiểu thêm về điều này và các tiện nghi khác tại Xứ Đông Dương Apartment trên trang này.', 'Xứ Đông Dương Apartment có giờ nhận và trả phòng như thế nào?': 'Xứ Đông Dương Apartment có giờ nhận phòng từ 14:00 và giờ trả phòng trước 12:00.', 'Xứ Đông Dương Apartment có phổ biến với các gia đình không?': 'Có, Xứ Đông Dương Apartment khá phổ biến đối với khách đặt kỳ nghỉ gia đình.'}"
https://www.booking.com/hotel/vn/aurora-dalat.vi.html,"{'Tôi có thể làm gì ở Aurora Hotel Dalat?': 'Aurora Hotel Dalat có những hoạt động/dịch vụ sau (có thể áp dụng phí):', 'Aurora Hotel Dalat có giờ nhận và trả phòng như thế nào?': 'Aurora Hotel Dalat có giờ nhận phòng từ 14:00 và giờ trả phòng trước 12:30.', 'Aurora Hotel Dalat có những loại phòng nào?': 'Lựa chọn phòng tại Aurora Hotel Dalat bao gồm: Phòng giường đôi, Phòng 4 người, Phòng gia đình', 'Aurora Hotel Dalat cách trung tâm Đà Lạt bao xa?': 'Aurora Hotel Dalat cách trung tâm Đà Lạt 1,9 km.\nTất cả khoảng cách được đo theo đường thẳng. Khoảng cách di chuyển thực sự có thể khác.', 'Chi phí nghỉ tại Aurora Hotel Dalat là bao nhiêu?': 'Giá tại Aurora Hotel Dalat có thể khác nhau tùy vào kỳ nghỉ của bạn (ví dụ: ngày bạn chọn, chính sách khách sạn,v.v.). Vui lòng xem giá bằng cách nhập ngày của bạn.', 'Aurora Hotel Dalat có phổ biến với các gia đình không?': 'Có, Aurora Hotel Dalat khá phổ biến đối với khách đặt kỳ nghỉ gia đình.'}"
https://www.booking.com/hotel/vn/dalat-memory.vi.html,"{'Dalat Memory Inn có giờ nhận và trả phòng như thế nào?': 'Dalat Memory Inn có giờ nhận phòng từ 14:00 và giờ trả phòng trước 12:00.', 'Dalat Memory Inn có những loại phòng nào?': 'Lựa chọn phòng tại Dalat Memory Inn bao gồm: Phòng giường đôi, Phòng 4 người, Phòng gia đình', 'Tôi có thể làm gì ở Dalat Memory Inn?': 'Dalat Memory Inn có những hoạt động/dịch vụ sau (có thể áp dụng phí): Cho thuê xe đạp', 'Chi phí nghỉ tại Dalat Memory Inn là bao nhiêu?': 'Giá tại Dalat Memory Inn có thể khác nhau tùy vào kỳ nghỉ của bạn (ví dụ: ngày bạn chọn, chính sách khách sạn,v.v.). Vui lòng xem giá bằng cách nhập ngày của bạn.', 'Dalat Memory Inn cách trung tâm Đà Lạt bao xa?': 'Dalat Memory Inn cách trung tâm Đà Lạt 950 m.\nTất cả khoảng cách được đo theo đường thẳng. Khoảng cách di chuyển thực sự có thể khác.'}"
https://www.booking.com/hotel/vn/k-boutique.vi.html,"{'Chi phí nghỉ tại TTR Skypool View Hotel là bao nhiêu?': 'Giá tại T, T, R Skypool View Hotel có thể khác nhau tùy vào kỳ nghỉ của bạn (ví dụ: ngày bạn chọn, chính sách khách sạn,v.v.). Vui lòng xem giá bằng cách nhập ngày của bạn.', 'TTR Skypool View Hotel có giờ nhận và trả phòng như thế nào?': 'T, T, R Skypool View Hotel có giờ nhận phòng từ 14:00 và giờ trả phòng trước 12:00.', 'TTR Skypool View Hotel có phổ biến với các gia đình không?': 'Có, T, T, R Skypool View Hotel khá phổ biến đối với khách đặt kỳ nghỉ gia đình.', 'TTR Skypool View Hotel cách trung tâm Đà Lạt bao xa?': 'T, T, R Skypool View Hotel cách trung tâm Đà Lạt 1 km.\nTất cả khoảng cách được đo theo đường thẳng. Khoảng cách di chuyển thực sự có thể khác.', 'TTR Skypool View Hotel có những loại phòng nào?': 'Lựa chọn phòng tại T, T, R Skypool View Hotel bao gồm: Phòng giường đôi, Phòng 3 người, Phòng gia đình, Suite', 'Tôi có thể làm gì ở TTR Skypool View Hotel?': 'T, T, R Skypool View Hotel có những hoạt động/dịch vụ sau (có thể áp dụng phí):'}"
https://www.booking.com/hotel/vn/dahill-196.vi.html,"{'Dahill 196 Dalat cách trung tâm Đà Lạt bao xa?': 'Dahill 196 Dalat cách trung tâm Đà Lạt 2,9 km.\nTất cả khoảng cách được đo theo đường thẳng. Khoảng cách di chuyển thực sự có thể khác.', 'Chi phí nghỉ tại Dahill 196 Dalat là bao nhiêu?': 'Giá tại Dahill 196 Dalat có thể khác nhau tùy vào kỳ nghỉ của bạn (ví dụ: ngày bạn chọn, chính sách khách sạn,v.v.). Vui lòng xem giá bằng cách nhập ngày của bạn.', 'Tôi có thể làm gì ở Dahill 196 Dalat?': 'Dahill 196 Dalat có những hoạt động/dịch vụ sau (có thể áp dụng phí): Massage, Xe đạp, Đi bộ đường dài, Câu cáSân gôn (trong vòng 3km)Mát-xa lưng, Cho thuê xe đạp, Mát-xa đầu, Tour/lớp về văn hóa địa phương, Mát-xa chân, Cưỡi ngựa, Mát-xa toàn thân, Mát-xa cổ, Mát-xa tay, Mát-xa dành cho cặp đôi', 'Dahill 196 Dalat có những loại phòng nào?': 'Lựa chọn phòng tại Dahill 196 Dalat bao gồm: Phòng giường đôi, Phòng 4 người, Phòng 3 người, Phòng gia đình', 'Dahill 196 Dalat có giờ nhận và trả phòng như thế nào?': 'Dahill 196 Dalat có giờ nhận phòng từ 14:00 và giờ trả phòng trước 12:00.'}"
https://www.booking.com/hotel/vn/meek-home-and-coffee.vi.html,"{'Chi phí nghỉ tại Meek - Home and Coffee là bao nhiêu?': 'Giá tại Meek - Home and Coffee có thể khác nhau tùy vào kỳ nghỉ của bạn (ví dụ: ngày bạn chọn, chính sách khách sạn,v.v.). Vui lòng xem giá bằng cách nhập ngày của bạn.', 'Meek - Home and Coffee có những loại phòng nào?': 'Lựa chọn phòng tại Meek - Home and Coffee bao gồm: Phòng gia đình, Phòng giường đôi', 'Tôi có thể làm gì ở Meek - Home and Coffee?': 'Meek - Home and Coffee có những hoạt động/dịch vụ sau (có thể áp dụng phí):', 'Meek - Home and Coffee cách trung tâm Đà Lạt bao xa?': 'Meek - Home and Coffee cách trung tâm Đà Lạt 2,5 km.\nTất cả khoảng cách được đo theo đường thẳng. Khoảng cách di chuyển thực sự có thể khác.', 'Meek - Home and Coffee có giờ nhận và trả phòng như thế nào?': 'Meek - Home and Coffee có giờ nhận phòng từ 14:00 và giờ trả phòng trước 12:00.'}"
https://www.booking.com/hotel/vn/ho-gia-trang.vi.html,"{'Du Lịch Lâm Hà - Hồ Gia Trang Villas có nhà hàng trong khuôn viên không?': 'Du Lịch Lâm Hà - Hồ Gia Trang Villas có 1 nhà hàng: Nhà hàng #1', 'Du Lịch Lâm Hà - Hồ Gia Trang Villas có phục vụ dạng bữa sáng nào?': 'Khách lưu trú tại Du Lịch Lâm Hà - Hồ Gia Trang Villas có thể tận hưởng bữa sáng được đánh giá cao trong kỳ nghỉ của họ (điểm đánh giá của khách: 5.0)\n\nLựa chọn bữa sáng bao gồm: Gọi món (à la carte)', 'Du Lịch Lâm Hà - Hồ Gia Trang Villas cách trung tâm Lam Ha bao xa?': 'Du Lịch Lâm Hà - Hồ Gia Trang Villas cách trung tâm Lam Ha 9 km.\nTất cả khoảng cách được đo theo đường thẳng. Khoảng cách di chuyển thực sự có thể khác.', 'Du Lịch Lâm Hà - Hồ Gia Trang Villas có những loại phòng nào?': 'Lựa chọn phòng tại Du Lịch Lâm Hà - Hồ Gia Trang Villas bao gồm: Phòng giường đôi, Phòng 4 người, Bungalow, Biệt thự, Căn hộ', 'Du Lịch Lâm Hà - Hồ Gia Trang Villas có giờ nhận và trả phòng như thế nào?': 'Du Lịch Lâm Hà - Hồ Gia Trang Villas có giờ nhận phòng từ 12:00 và giờ trả phòng trước 13:00.', 'Chi phí nghỉ tại Du Lịch Lâm Hà - Hồ Gia Trang Villas là bao nhiêu?': 'Giá tại Du Lịch Lâm Hà - Hồ Gia Trang Villas có thể khác nhau tùy vào kỳ nghỉ của bạn (ví dụ: ngày bạn chọn, chính sách khách sạn,v.v.). Vui lòng xem giá bằng cách nhập ngày của bạn.', 'Tôi có thể làm gì ở Du Lịch Lâm Hà - Hồ Gia Trang Villas?': 'Du Lịch Lâm Hà - Hồ Gia Trang Villas có những hoạt động/dịch vụ sau (có thể áp dụng phí): Trung tâm Spa & chăm sóc sức khoẻMassage, Bida, Bóng bàn, Câu cáKaraoke, Bắn cung, Mát-xa lưng, Tour/lớp về văn hóa địa phương, Khu vực thư giãn/spa lounge, Hồ bơi, Ghế mát-xa, Phòng xông hơi ướt, Gói spa/chăm sóc sức khỏe', 'Du Lịch Lâm Hà - Hồ Gia Trang Villas có hồ bơi không?': 'Có, khách sạn này có hồ bơi. Tìm hiểu chi tiết về hồ bơi và các tiện nghi khác trong trang này.'}"
https://www.booking.com/hotel/vn/ha-na-da-lat.vi.html,"{'Hạ Na Hotel Đà Lạt có phổ biến với các gia đình không?': 'Có, Hạ Na Hotel Đà Lạt khá phổ biến đối với khách đặt kỳ nghỉ gia đình.', 'Tôi có thể làm gì ở Hạ Na Hotel Đà Lạt?': 'Hạ Na Hotel Đà Lạt có những hoạt động/dịch vụ sau (có thể áp dụng phí):', 'Hạ Na Hotel Đà Lạt có giờ nhận và trả phòng như thế nào?': 'Hạ Na Hotel Đà Lạt có giờ nhận phòng từ 14:00 và giờ trả phòng trước 12:00.', 'Hạ Na Hotel Đà Lạt cách trung tâm Đà Lạt bao xa?': 'Hạ Na Hotel Đà Lạt cách trung tâm Đà Lạt 700 m.\nTất cả khoảng cách được đo theo đường thẳng. Khoảng cách di chuyển thực sự có thể khác.', 'Chi phí nghỉ tại Hạ Na Hotel Đà Lạt là bao nhiêu?': 'Giá tại Hạ Na Hotel Đà Lạt có thể khác nhau tùy vào kỳ nghỉ của bạn (ví dụ: ngày bạn chọn, chính sách khách sạn,v.v.). Vui lòng xem giá bằng cách nhập ngày của bạn.', 'Hạ Na Hotel Đà Lạt có những loại phòng nào?': 'Lựa chọn phòng tại Hạ Na Hotel Đà Lạt bao gồm: Phòng giường đôi, Phòng 4 người, Phòng gia đình'}"
https://www.booking.com/hotel/vn/rosa-villa-da-lat.vi.html,"{'ROSA VILLA & HOTEL Dalat có giờ nhận và trả phòng như thế nào?': 'R, O, S, A V, I, L, L, A & H, O, T, E, L Dalat có giờ nhận phòng từ 13:30 và giờ trả phòng trước 00:00.', 'ROSA VILLA & HOTEL Dalat có phổ biến với các gia đình không?': 'Có, R, O, S, A V, I, L, L, A & H, O, T, E, L Dalat khá phổ biến đối với khách đặt kỳ nghỉ gia đình.', 'Chi phí nghỉ tại ROSA VILLA & HOTEL Dalat là bao nhiêu?': 'Giá tại R, O, S, A V, I, L, L, A & H, O, T, E, L Dalat có thể khác nhau tùy vào kỳ nghỉ của bạn (ví dụ: ngày bạn chọn, chính sách khách sạn,v.v.). Vui lòng xem giá bằng cách nhập ngày của bạn.', 'Tôi có thể làm gì ở ROSA VILLA & HOTEL Dalat?': 'R, O, S, A V, I, L, L, A & H, O, T, E, L Dalat có những hoạt động/dịch vụ sau (có thể áp dụng phí): Xe đạp, Đi bộ đường dài, Bowling, Câu cáSân gôn (trong vòng 3km)Cưỡi ngựa', 'ROSA VILLA & HOTEL Dalat cách trung tâm Đà Lạt bao xa?': 'R, O, S, A V, I, L, L, A & H, O, T, E, L Dalat cách trung tâm Đà Lạt 3 km.\nTất cả khoảng cách được đo theo đường thẳng. Khoảng cách di chuyển thực sự có thể khác.'}"
https://www.booking.com/hotel/vn/taladalat-thanh-pho-da-lat123.vi.html,"{'Tôi có thể làm gì ở TALA Dalat Hotel?': 'T, A, L, A Dalat Hotel có những hoạt động/dịch vụ sau (có thể áp dụng phí):', 'TALA Dalat Hotel có những loại phòng nào?': 'Lựa chọn phòng tại T, A, L, A Dalat Hotel bao gồm: Phòng giường đôi, Phòng 2 giường đơn Phòng gia đình', 'TALA Dalat Hotel có phục vụ dạng bữa sáng nào?': 'Khách lưu trú tại T, A, L, A Dalat Hotel có thể tận hưởng bữa sáng được đánh giá cao trong kỳ nghỉ của họ (điểm đánh giá của khách: 8.8)\n\nLựa chọn bữa sáng bao gồm: Gọi món (à la carte)', 'Chi phí nghỉ tại TALA Dalat Hotel là bao nhiêu?': 'Giá tại T, A, L, A Dalat Hotel có thể khác nhau tùy vào kỳ nghỉ của bạn (ví dụ: ngày bạn chọn, chính sách khách sạn,v.v.). Vui lòng xem giá bằng cách nhập ngày của bạn.', 'TALA Dalat Hotel có phổ biến với các gia đình không?': 'Có, T, A, L, A Dalat Hotel khá phổ biến đối với khách đặt kỳ nghỉ gia đình.', 'TALA Dalat Hotel cách trung tâm Đà Lạt bao xa?': 'T, A, L, A Dalat Hotel cách trung tâm Đà Lạt 1,9 km.\nTất cả khoảng cách được đo theo đường thẳng. Khoảng cách di chuyển thực sự có thể khác.', 'TALA Dalat Hotel có giờ nhận và trả phòng như thế nào?': 'T, A, L, A Dalat Hotel có giờ nhận phòng từ 14:00 và giờ trả phòng trước 12:00.', 'TALA Dalat Hotel có nhà hàng trong khuôn viên không?': 'T, A, L, A Dalat Hotel có 1 nhà hàng: Taladalat'}"
https://www.booking.com/hotel/vn/sambuja-homestay.vi.html,"{'Sambuja Homestay có giờ nhận và trả phòng như thế nào?': 'Sambuja Homestay có giờ nhận phòng từ 14:00 và giờ trả phòng trước 12:00.', 'Sambuja Homestay cách trung tâm Khu Chi Lăng bao xa?': 'Sambuja Homestay cách trung tâm Khu Chi Lăng 1,4 km.\nTất cả khoảng cách được đo theo đường thẳng. Khoảng cách di chuyển thực sự có thể khác.', 'Chi phí nghỉ tại Sambuja Homestay là bao nhiêu?': 'Giá tại Sambuja Homestay có thể khác nhau tùy vào kỳ nghỉ của bạn (ví dụ: ngày bạn chọn, chính sách khách sạn,v.v.). Vui lòng xem giá bằng cách nhập ngày của bạn.', 'Tôi có thể làm gì ở Sambuja Homestay?': 'Sambuja Homestay có những hoạt động/dịch vụ sau (có thể áp dụng phí):'}"
https://www.booking.com/hotel/vn/thanh-do-1.vi.html,"{'Savio Hotel Trieu Viet Vuong có giờ nhận và trả phòng như thế nào?': 'Savio Hotel Trieu Viet Vuong có giờ nhận phòng từ 14:00 và giờ trả phòng trước 12:00.', 'Savio Hotel Trieu Viet Vuong cách trung tâm Đà Lạt bao xa?': 'Savio Hotel Trieu Viet Vuong cách trung tâm Đà Lạt 1,6 km.\nTất cả khoảng cách được đo theo đường thẳng. Khoảng cách di chuyển thực sự có thể khác.', 'Savio Hotel Trieu Viet Vuong có những loại phòng nào?': 'Lựa chọn phòng tại Savio Hotel Trieu Viet Vuong bao gồm: Phòng giường đôi, Phòng gia đình, Phòng 4 người', 'Savio Hotel Trieu Viet Vuong có phổ biến với các gia đình không?': 'Có, Savio Hotel Trieu Viet Vuong khá phổ biến đối với khách đặt kỳ nghỉ gia đình.', 'Tôi có thể làm gì ở Savio Hotel Trieu Viet Vuong?': 'Savio Hotel Trieu Viet Vuong có những hoạt động/dịch vụ sau (có thể áp dụng phí):', 'Chi phí nghỉ tại Savio Hotel Trieu Viet Vuong là bao nhiêu?': 'Giá tại Savio Hotel Trieu Viet Vuong có thể khác nhau tùy vào kỳ nghỉ của bạn (ví dụ: ngày bạn chọn, chính sách khách sạn,v.v.). Vui lòng xem giá bằng cách nhập ngày của bạn.'}"
https://www.booking.com/hotel/vn/nam-phuong-dalat-central.vi.html,"{'Nam Phuong Dalat Central có những loại phòng nào?': 'Lựa chọn phòng tại Nam Phuong Dalat Central bao gồm: Phòng giường đôi, Suite, Phòng 2 giường đơn Phòng gia đình', 'Tôi có thể làm gì ở Nam Phuong Dalat Central?': 'Nam Phuong Dalat Central có những hoạt động/dịch vụ sau (có thể áp dụng phí):', 'Chi phí nghỉ tại Nam Phuong Dalat Central là bao nhiêu?': 'Giá tại Nam Phuong Dalat Central có thể khác nhau tùy vào kỳ nghỉ của bạn (ví dụ: ngày bạn chọn, chính sách khách sạn,v.v.). Vui lòng xem giá bằng cách nhập ngày của bạn.', 'Nam Phuong Dalat Central cách trung tâm Đà Lạt bao xa?': 'Nam Phuong Dalat Central cách trung tâm Đà Lạt 200 m.\nTất cả khoảng cách được đo theo đường thẳng. Khoảng cách di chuyển thực sự có thể khác.', 'Nam Phuong Dalat Central có giờ nhận và trả phòng như thế nào?': 'Nam Phuong Dalat Central có giờ nhận phòng từ 14:00 và giờ trả phòng trước 12:00.'}"
https://www.booking.com/hotel/vn/dalat-paradise-thanh-pho-da-lat.vi.html,"{'Dalat Paradise Hotel có phục vụ dạng bữa sáng nào?': 'Khách lưu trú tại Dalat Paradise Hotel có thể tận hưởng bữa sáng được đánh giá cao trong kỳ nghỉ của họ (điểm đánh giá của khách: 8.3)\n\nLựa chọn bữa sáng bao gồm: Kiểu Á', 'Dalat Paradise Hotel có giờ nhận và trả phòng như thế nào?': 'Dalat Paradise Hotel có giờ nhận phòng từ 14:00 và giờ trả phòng trước 12:00.', 'Chi phí nghỉ tại Dalat Paradise Hotel là bao nhiêu?': 'Giá tại Dalat Paradise Hotel có thể khác nhau tùy vào kỳ nghỉ của bạn (ví dụ: ngày bạn chọn, chính sách khách sạn,v.v.). Vui lòng xem giá bằng cách nhập ngày của bạn.', 'Dalat Paradise Hotel có phổ biến với các gia đình không?': 'Có, Dalat Paradise Hotel khá phổ biến đối với khách đặt kỳ nghỉ gia đình.', 'Dalat Paradise Hotel có những loại phòng nào?': 'Lựa chọn phòng tại Dalat Paradise Hotel bao gồm: Phòng 2 giường đơn Phòng giường đôi, Phòng 4 người, Phòng 3 người, Suite', 'Tôi có thể làm gì ở Dalat Paradise Hotel?': 'Dalat Paradise Hotel có những hoạt động/dịch vụ sau (có thể áp dụng phí):', 'Dalat Paradise Hotel có nhà hàng trong khuôn viên không?': 'Dalat Paradise Hotel có 1 nhà hàng: Restaurant #1', 'Dalat Paradise Hotel cách trung tâm Đà Lạt bao xa?': 'Dalat Paradise Hotel cách trung tâm Đà Lạt 550 m.\nTất cả khoảng cách được đo theo đường thẳng. Khoảng cách di chuyển thực sự có thể khác.'}"
https://www.booking.com/hotel/vn/an-nhi.vi.html,"{'Chi phí nghỉ tại An Nhi Hotel là bao nhiêu?': 'Giá tại An Nhi Hotel có thể khác nhau tùy vào kỳ nghỉ của bạn (ví dụ: ngày bạn chọn, chính sách khách sạn,v.v.). Vui lòng xem giá bằng cách nhập ngày của bạn.', 'An Nhi Hotel có giờ nhận và trả phòng như thế nào?': 'An Nhi Hotel có giờ nhận phòng từ 14:00 và giờ trả phòng trước 11:30.', 'Tôi có thể làm gì ở An Nhi Hotel?': 'An Nhi Hotel có những hoạt động/dịch vụ sau (có thể áp dụng phí):', 'An Nhi Hotel cách trung tâm Đà Lạt bao xa?': 'An Nhi Hotel cách trung tâm Đà Lạt 800 m.\nTất cả khoảng cách được đo theo đường thẳng. Khoảng cách di chuyển thực sự có thể khác.', 'An Nhi Hotel có những loại phòng nào?': 'Lựa chọn phòng tại An Nhi Hotel bao gồm: Phòng 4 người, Phòng giường đôi'}"
https://www.booking.com/hotel/vn/khach-san-duy-vinh-da-lat.vi.html,"{'Duy Vinh Hotel Dalat có giờ nhận và trả phòng như thế nào?': 'Duy Vinh Hotel Dalat có giờ nhận phòng từ 14:00 và giờ trả phòng trước 12:00.', 'Tôi có thể làm gì ở Duy Vinh Hotel Dalat?': 'Duy Vinh Hotel Dalat có những hoạt động/dịch vụ sau (có thể áp dụng phí): Sân tennis, Sân gôn (trong vòng 3km)', 'Chi phí nghỉ tại Duy Vinh Hotel Dalat là bao nhiêu?': 'Giá tại Duy Vinh Hotel Dalat có thể khác nhau tùy vào kỳ nghỉ của bạn (ví dụ: ngày bạn chọn, chính sách khách sạn,v.v.). Vui lòng xem giá bằng cách nhập ngày của bạn.', 'Duy Vinh Hotel Dalat có những loại phòng nào?': 'Lựa chọn phòng tại Duy Vinh Hotel Dalat bao gồm: Phòng giường đôi, Phòng gia đình, Phòng 2 giường đơn ', 'Duy Vinh Hotel Dalat cách trung tâm Đà Lạt bao xa?': 'Duy Vinh Hotel Dalat cách trung tâm Đà Lạt 950 m.\nTất cả khoảng cách được đo theo đường thẳng. Khoảng cách di chuyển thực sự có thể khác.'}"
https://www.booking.com/hotel/vn/co-so-luu-tru-nguyen-minh-2.vi.html,"{'Cơ sở lưu trú Nguyên Minh 2 cách trung tâm Đà Lạt bao xa?': 'Cơ sở lưu trú Nguyên Minh 2 cách trung tâm Đà Lạt 350 m.\nTất cả khoảng cách được đo theo đường thẳng. Khoảng cách di chuyển thực sự có thể khác.', 'Chi phí nghỉ tại Cơ sở lưu trú Nguyên Minh 2 là bao nhiêu?': 'Giá tại Cơ sở lưu trú Nguyên Minh 2 có thể khác nhau tùy vào kỳ nghỉ của bạn (ví dụ: ngày bạn chọn, chính sách khách sạn,v.v.). Vui lòng xem giá bằng cách nhập ngày của bạn.', 'Tôi có thể làm gì ở Cơ sở lưu trú Nguyên Minh 2?': 'Cơ sở lưu trú Nguyên Minh 2 có những hoạt động/dịch vụ sau (có thể áp dụng phí):', 'Cơ sở lưu trú Nguyên Minh 2 có giờ nhận và trả phòng như thế nào?': 'Cơ sở lưu trú Nguyên Minh 2 có giờ nhận phòng từ 13:00 và giờ trả phòng trước 12:00.'}"
https://www.booking.com/hotel/vn/nha-chuot-farmstay-thanh-pho-da-lat1.vi.html,"{'Nhà Chuột Farmstay - Đà Lạt cách trung tâm Đà Lạt bao xa?': 'Nhà Chuột Farmstay - Đà Lạt cách trung tâm Đà Lạt 1,4 km.\nTất cả khoảng cách được đo theo đường thẳng. Khoảng cách di chuyển thực sự có thể khác.', 'Tôi có thể làm gì ở Nhà Chuột Farmstay - Đà Lạt?': 'Nhà Chuột Farmstay - Đà Lạt có những hoạt động/dịch vụ sau (có thể áp dụng phí):', 'Nhà Chuột Farmstay - Đà Lạt có những loại phòng nào?': 'Lựa chọn phòng tại Nhà Chuột Farmstay - Đà Lạt bao gồm: Phòng 4 người, Phòng 3 người, Phòng 2 giường đơn Phòng giường đôi, Phòng gia đình', 'Nhà Chuột Farmstay - Đà Lạt có giờ nhận và trả phòng như thế nào?': 'Nhà Chuột Farmstay - Đà Lạt có giờ nhận phòng từ 14:00 và giờ trả phòng trước 12:00.', 'Chi phí nghỉ tại Nhà Chuột Farmstay - Đà Lạt là bao nhiêu?': 'Giá tại Nhà Chuột Farmstay - Đà Lạt có thể khác nhau tùy vào kỳ nghỉ của bạn (ví dụ: ngày bạn chọn, chính sách khách sạn,v.v.). Vui lòng xem giá bằng cách nhập ngày của bạn.'}"
https://www.booking.com/hotel/vn/brics-boutique-dalat.vi.html,"{'BRICS Boutique Dalat có những loại phòng nào?': 'Lựa chọn phòng tại B, R, I, C, S Boutique Dalat bao gồm: Phòng giường đôi, Suite, Phòng 2 giường đơn Căn hộ', 'BRICS Boutique Dalat có giờ nhận và trả phòng như thế nào?': 'B, R, I, C, S Boutique Dalat có giờ nhận phòng từ 14:00 và giờ trả phòng trước 12:00.', 'BRICS Boutique Dalat cách trung tâm Đà Lạt bao xa?': 'B, R, I, C, S Boutique Dalat cách trung tâm Đà Lạt 2 km.\nTất cả khoảng cách được đo theo đường thẳng. Khoảng cách di chuyển thực sự có thể khác.', 'BRICS Boutique Dalat có phổ biến với các gia đình không?': 'Có, B, R, I, C, S Boutique Dalat khá phổ biến đối với khách đặt kỳ nghỉ gia đình.', 'BRICS Boutique Dalat có nhà hàng trong khuôn viên không?': 'B, R, I, C, S Boutique Dalat có 1 nhà hàng: Nhà hàng #1', 'Tôi có thể làm gì ở BRICS Boutique Dalat?': 'B, R, I, C, S Boutique Dalat có những hoạt động/dịch vụ sau (có thể áp dụng phí):', 'Chi phí nghỉ tại BRICS Boutique Dalat là bao nhiêu?': 'Giá tại B, R, I, C, S Boutique Dalat có thể khác nhau tùy vào kỳ nghỉ của bạn (ví dụ: ngày bạn chọn, chính sách khách sạn,v.v.). Vui lòng xem giá bằng cách nhập ngày của bạn.', 'BRICS Boutique Dalat có phục vụ dạng bữa sáng nào?': 'Khách lưu trú tại B, R, I, C, S Boutique Dalat có thể tận hưởng bữa sáng được đánh giá cao trong kỳ nghỉ của họ (điểm đánh giá của khách: 7.5)\n\nLựa chọn bữa sáng bao gồm: Tự chọn'}"
https://www.booking.com/hotel/vn/la-sapinette.vi.html,"{'La Sapinette Hotel Dalat có phổ biến với các gia đình không?': 'Có, La Sapinette Hotel Dalat khá phổ biến đối với khách đặt kỳ nghỉ gia đình.', 'La Sapinette Hotel Dalat có nhà hàng trong khuôn viên không?': 'La Sapinette Hotel Dalat có 1 nhà hàng: Nhà Hàng Lá Thông', 'Tôi có thể làm gì ở La Sapinette Hotel Dalat?': 'La Sapinette Hotel Dalat có những hoạt động/dịch vụ sau (có thể áp dụng phí): Trung tâm Spa & chăm sóc sức khoẻBồn tắm nóng/bể sục (Jacuzzi)Trung tâm thể dục, Phòng xông hơi, Massage, Đi bộ đường dài, Bida, Dịch Vụ Làm Đẹp, Tour/lớp về văn hóa địa phương, Khu vực thư giãn/spa lounge, Bữa tối theo chủ đề, Tiện Nghi Spa, Giờ vàng, Phòng gym, Chăm sóc da mặt, Gói spa/chăm sóc sức khỏe, Phòng xông hơi ướt', 'La Sapinette Hotel Dalat có những loại phòng nào?': 'Lựa chọn phòng tại La Sapinette Hotel Dalat bao gồm: Phòng giường đôi/2 giường đơn, Suite, Phòng 3 người, Phòng gia đình', 'La Sapinette Hotel Dalat cách trung tâm Đà Lạt bao xa?': 'La Sapinette Hotel Dalat cách trung tâm Đà Lạt 3 km.\nTất cả khoảng cách được đo theo đường thẳng. Khoảng cách di chuyển thực sự có thể khác.', 'Chi phí nghỉ tại La Sapinette Hotel Dalat là bao nhiêu?': 'Giá tại La Sapinette Hotel Dalat có thể khác nhau tùy vào kỳ nghỉ của bạn (ví dụ: ngày bạn chọn, chính sách khách sạn,v.v.). Vui lòng xem giá bằng cách nhập ngày của bạn.', 'La Sapinette Hotel Dalat có giờ nhận và trả phòng như thế nào?': 'La Sapinette Hotel Dalat có giờ nhận phòng từ 14:00 và giờ trả phòng trước 12:00.', 'La Sapinette Hotel Dalat có bể sục cho khách không?': 'Chỗ nghỉ có bể sục. Bạn có thể tìm hiểu thêm về điều này và các tiện nghi khác tại La Sapinette Hotel Dalat trên trang này.', 'La Sapinette Hotel Dalat có phục vụ dạng bữa sáng nào?': 'Khách lưu trú tại La Sapinette Hotel Dalat có thể tận hưởng bữa sáng được đánh giá cao trong kỳ nghỉ của họ (điểm đánh giá của khách: 8.0)\n\nLựa chọn bữa sáng bao gồm: Tự chọn'}"
https://www.booking.com/hotel/vn/tui-ba-gang-central.vi.html,"{'Túi Ba Gang Central Hotel có giờ nhận và trả phòng như thế nào?': 'Túi Ba Gang Central Hotel có giờ nhận phòng từ 14:00 và giờ trả phòng trước 11:00.', 'Chi phí nghỉ tại Túi Ba Gang Central Hotel là bao nhiêu?': 'Giá tại Túi Ba Gang Central Hotel có thể khác nhau tùy vào kỳ nghỉ của bạn (ví dụ: ngày bạn chọn, chính sách khách sạn,v.v.). Vui lòng xem giá bằng cách nhập ngày của bạn.', 'Tôi có thể làm gì ở Túi Ba Gang Central Hotel?': 'Túi Ba Gang Central Hotel có những hoạt động/dịch vụ sau (có thể áp dụng phí):', 'Túi Ba Gang Central Hotel có những loại phòng nào?': 'Lựa chọn phòng tại Túi Ba Gang Central Hotel bao gồm: Phòng giường đôi, Phòng gia đình, Phòng 3 người', 'Túi Ba Gang Central Hotel cách trung tâm Đà Lạt bao xa?': 'Túi Ba Gang Central Hotel cách trung tâm Đà Lạt 350 m.\nTất cả khoảng cách được đo theo đường thẳng. Khoảng cách di chuyển thực sự có thể khác.', 'Túi Ba Gang Central Hotel có nhà hàng trong khuôn viên không?': 'Túi Ba Gang Central Hotel có 1 nhà hàng: Nhà hàng #1', 'Túi Ba Gang Central Hotel có phổ biến với các gia đình không?': 'Có, Túi Ba Gang Central Hotel khá phổ biến đối với khách đặt kỳ nghỉ gia đình.'}"
https://www.booking.com/hotel/vn/whammy-house.vi.html,"{'Chi phí nghỉ tại Whammy House Dalat là bao nhiêu?': 'Giá tại Whammy House Dalat có thể khác nhau tùy vào kỳ nghỉ của bạn (ví dụ: ngày bạn chọn, chính sách khách sạn,v.v.). Vui lòng xem giá bằng cách nhập ngày của bạn.', 'Whammy House Dalat có giờ nhận và trả phòng như thế nào?': 'Whammy House Dalat có giờ nhận phòng từ 14:00 và giờ trả phòng trước 12:00.', 'Tôi có thể làm gì ở Whammy House Dalat?': 'Whammy House Dalat có những hoạt động/dịch vụ sau (có thể áp dụng phí):', 'Whammy House Dalat cách trung tâm Đà Lạt bao xa?': 'Whammy House Dalat cách trung tâm Đà Lạt 1,7 km.\nTất cả khoảng cách được đo theo đường thẳng. Khoảng cách di chuyển thực sự có thể khác.'}"
https://www.booking.com/hotel/vn/khach-san-my-hang.vi.html,"{'Khách Sạn Mỹ Hằng cách trung tâm Đà Lạt bao xa?': 'Khách Sạn Mỹ Hằng cách trung tâm Đà Lạt 850 m.\nTất cả khoảng cách được đo theo đường thẳng. Khoảng cách di chuyển thực sự có thể khác.', 'Chi phí nghỉ tại Khách Sạn Mỹ Hằng là bao nhiêu?': 'Giá tại Khách Sạn Mỹ Hằng có thể khác nhau tùy vào kỳ nghỉ của bạn (ví dụ: ngày bạn chọn, chính sách khách sạn,v.v.). Vui lòng xem giá bằng cách nhập ngày của bạn.', 'Tôi có thể làm gì ở Khách Sạn Mỹ Hằng?': 'Khách Sạn Mỹ Hằng có những hoạt động/dịch vụ sau (có thể áp dụng phí): Sân gôn (trong vòng 3km)', 'Khách Sạn Mỹ Hằng có những loại phòng nào?': 'Lựa chọn phòng tại Khách Sạn Mỹ Hằng bao gồm: Phòng giường đôi, Phòng gia đình, Phòng tập thể', 'Khách Sạn Mỹ Hằng có giờ nhận và trả phòng như thế nào?': 'Khách Sạn Mỹ Hằng có giờ nhận phòng từ 12:00 và giờ trả phòng trước 12:00.'}"
https://www.booking.com/hotel/vn/thao-nguyen-house-da-lat.vi.html,"{'Thảo Nguyên House cách trung tâm Đà Lạt bao xa?': 'Thảo Nguyên House cách trung tâm Đà Lạt 650 m.\nTất cả khoảng cách được đo theo đường thẳng. Khoảng cách di chuyển thực sự có thể khác.', 'Tôi có thể làm gì ở Thảo Nguyên House?': 'Thảo Nguyên House có những hoạt động/dịch vụ sau (có thể áp dụng phí): Cho thuê xe đạp', 'Thảo Nguyên House có những loại phòng nào?': 'Lựa chọn phòng tại Thảo Nguyên House bao gồm: Phòng giường đôi', 'Thảo Nguyên House có giờ nhận và trả phòng như thế nào?': 'Thảo Nguyên House có giờ nhận phòng từ 12:00 và giờ trả phòng trước 12:00.', 'Chi phí nghỉ tại Thảo Nguyên House là bao nhiêu?': 'Giá tại Thảo Nguyên House có thể khác nhau tùy vào kỳ nghỉ của bạn (ví dụ: ngày bạn chọn, chính sách khách sạn,v.v.). Vui lòng xem giá bằng cách nhập ngày của bạn.'}"
https://www.booking.com/hotel/vn/khach-san-da-lat-thanh-pho-da-lat-lam-dong.vi.html,"{'Tôi có thể làm gì ở Sunrise Valley Dalat Hotel?': 'Sunrise Valley Dalat Hotel có những hoạt động/dịch vụ sau (có thể áp dụng phí):', 'Sunrise Valley Dalat Hotel có những loại phòng nào?': 'Lựa chọn phòng tại Sunrise Valley Dalat Hotel bao gồm: Phòng giường đôi, Phòng 4 người, Phòng gia đình', 'Sunrise Valley Dalat Hotel có giờ nhận và trả phòng như thế nào?': 'Sunrise Valley Dalat Hotel có giờ nhận phòng từ 14:00 và giờ trả phòng trước 12:00.', 'Chi phí nghỉ tại Sunrise Valley Dalat Hotel là bao nhiêu?': 'Giá tại Sunrise Valley Dalat Hotel có thể khác nhau tùy vào kỳ nghỉ của bạn (ví dụ: ngày bạn chọn, chính sách khách sạn,v.v.). Vui lòng xem giá bằng cách nhập ngày của bạn.', 'Sunrise Valley Dalat Hotel có phổ biến với các gia đình không?': 'Có, Sunrise Valley Dalat Hotel khá phổ biến đối với khách đặt kỳ nghỉ gia đình.', 'Sunrise Valley Dalat Hotel cách trung tâm Đà Lạt bao xa?': 'Sunrise Valley Dalat Hotel cách trung tâm Đà Lạt 800 m.\nTất cả khoảng cách được đo theo đường thẳng. Khoảng cách di chuyển thực sự có thể khác.'}"
https://www.booking.com/hotel/vn/newcentury.vi.html,"{'New Century Dalat Hotel có giờ nhận và trả phòng như thế nào?': 'New Century Dalat Hotel có giờ nhận phòng từ 14:00 và giờ trả phòng trước 12:00.', 'New Century Dalat Hotel cách trung tâm Đà Lạt bao xa?': 'New Century Dalat Hotel cách trung tâm Đà Lạt 2,2 km.\nTất cả khoảng cách được đo theo đường thẳng. Khoảng cách di chuyển thực sự có thể khác.', 'Chi phí nghỉ tại New Century Dalat Hotel là bao nhiêu?': 'Giá tại New Century Dalat Hotel có thể khác nhau tùy vào kỳ nghỉ của bạn (ví dụ: ngày bạn chọn, chính sách khách sạn,v.v.). Vui lòng xem giá bằng cách nhập ngày của bạn.', 'New Century Dalat Hotel có nhà hàng trong khuôn viên không?': 'New Century Dalat Hotel có 1 nhà hàng: Restaurant #1', 'New Century Dalat Hotel có những loại phòng nào?': 'Lựa chọn phòng tại New Century Dalat Hotel bao gồm: Phòng giường đôi, Suite', 'New Century Dalat Hotel có bể sục cho khách không?': 'Chỗ nghỉ có bể sục. Bạn có thể tìm hiểu thêm về điều này và các tiện nghi khác tại New Century Dalat Hotel trên trang này.', 'New Century Dalat Hotel có phục vụ dạng bữa sáng nào?': 'Khách lưu trú tại New Century Dalat Hotel có thể tận hưởng bữa sáng được đánh giá cao trong kỳ nghỉ của họ (điểm đánh giá của khách: 5.0)\n\nLựa chọn bữa sáng bao gồm: Tự chọn', 'Tôi có thể làm gì ở New Century Dalat Hotel?': 'New Century Dalat Hotel có những hoạt động/dịch vụ sau (có thể áp dụng phí): Bồn tắm nóng/bể sục (Jacuzzi)'}"
https://www.booking.com/hotel/vn/seven-a.vi.html,"{'Seven A Hotel có giờ nhận và trả phòng như thế nào?': 'Seven A Hotel có giờ nhận phòng từ 14:00 và giờ trả phòng trước 12:00.', 'Tôi có thể làm gì ở Seven A Hotel?': 'Seven A Hotel có những hoạt động/dịch vụ sau (có thể áp dụng phí):', 'Seven A Hotel có những loại phòng nào?': 'Lựa chọn phòng tại Seven A Hotel bao gồm: Phòng giường đôi, Phòng gia đình', 'Chi phí nghỉ tại Seven A Hotel là bao nhiêu?': 'Giá tại Seven A Hotel có thể khác nhau tùy vào kỳ nghỉ của bạn (ví dụ: ngày bạn chọn, chính sách khách sạn,v.v.). Vui lòng xem giá bằng cách nhập ngày của bạn.', 'Seven A Hotel cách trung tâm Đà Lạt bao xa?': 'Seven A Hotel cách trung tâm Đà Lạt 1,2 km.\nTất cả khoảng cách được đo theo đường thẳng. Khoảng cách di chuyển thực sự có thể khác.'}"
https://www.booking.com/hotel/vn/dalat-terrasse-des-roses-villa.vi.html,"{'Dalat Terrasse Des Roses Villa có nhà hàng trong khuôn viên không?': 'Dalat Terrasse Des Roses Villa có 1 nhà hàng: Le Jardin Bistrot', 'Dalat Terrasse Des Roses Villa có giờ nhận và trả phòng như thế nào?': 'Dalat Terrasse Des Roses Villa có giờ nhận phòng từ 14:00 và giờ trả phòng trước 12:00.', 'Dalat Terrasse Des Roses Villa cách trung tâm Đà Lạt bao xa?': 'Dalat Terrasse Des Roses Villa cách trung tâm Đà Lạt 2,9 km.\nTất cả khoảng cách được đo theo đường thẳng. Khoảng cách di chuyển thực sự có thể khác.', 'Dalat Terrasse Des Roses Villa có những loại phòng nào?': 'Lựa chọn phòng tại Dalat Terrasse Des Roses Villa bao gồm: Phòng 4 người, Phòng giường đôi, Suite, Phòng gia đình, Phòng 2 giường đơn ', 'Tôi có thể làm gì ở Dalat Terrasse Des Roses Villa?': 'Dalat Terrasse Des Roses Villa có những hoạt động/dịch vụ sau (có thể áp dụng phí): Tour đi bộ, Tour/lớp về văn hóa địa phương, Tour đi xe đạp', 'Chi phí nghỉ tại Dalat Terrasse Des Roses Villa là bao nhiêu?': 'Giá tại Dalat Terrasse Des Roses Villa có thể khác nhau tùy vào kỳ nghỉ của bạn (ví dụ: ngày bạn chọn, chính sách khách sạn,v.v.). Vui lòng xem giá bằng cách nhập ngày của bạn.'}"
https://www.booking.com/hotel/vn/tuan-thuy-dalat.vi.html,"{'Tuan Thuy Hotel cách trung tâm Đà Lạt bao xa?': 'Tuan Thuy Hotel cách trung tâm Đà Lạt 850 m.\nTất cả khoảng cách được đo theo đường thẳng. Khoảng cách di chuyển thực sự có thể khác.', 'Chi phí nghỉ tại Tuan Thuy Hotel là bao nhiêu?': 'Giá tại Tuan Thuy Hotel có thể khác nhau tùy vào kỳ nghỉ của bạn (ví dụ: ngày bạn chọn, chính sách khách sạn,v.v.). Vui lòng xem giá bằng cách nhập ngày của bạn.', 'Tuan Thuy Hotel có những loại phòng nào?': 'Lựa chọn phòng tại Tuan Thuy Hotel bao gồm: Phòng giường đôi, Phòng 4 người, Phòng đơn, Phòng gia đình', 'Tuan Thuy Hotel có giờ nhận và trả phòng như thế nào?': 'Tuan Thuy Hotel có giờ nhận phòng từ 14:00 và giờ trả phòng trước 12:00.', 'Tôi có thể làm gì ở Tuan Thuy Hotel?': 'Tuan Thuy Hotel có những hoạt động/dịch vụ sau (có thể áp dụng phí): Tour đi bộ, Tour đi xe đạp', 'Tuan Thuy Hotel có phổ biến với các gia đình không?': 'Có, Tuan Thuy Hotel khá phổ biến đối với khách đặt kỳ nghỉ gia đình.'}"
https://www.booking.com/hotel/vn/tasme.vi.html,"{'Chi phí nghỉ tại Tasme Hotel là bao nhiêu?': 'Giá tại Tasme Hotel có thể khác nhau tùy vào kỳ nghỉ của bạn (ví dụ: ngày bạn chọn, chính sách khách sạn,v.v.). Vui lòng xem giá bằng cách nhập ngày của bạn.', 'Tasme Hotel cách trung tâm Đà Lạt bao xa?': 'Tasme Hotel cách trung tâm Đà Lạt 1,6 km.\nTất cả khoảng cách được đo theo đường thẳng. Khoảng cách di chuyển thực sự có thể khác.', 'Tasme Hotel có giờ nhận và trả phòng như thế nào?': 'Tasme Hotel có giờ nhận phòng từ 14:00 và giờ trả phòng trước 12:00.', 'Tasme Hotel có nhà hàng trong khuôn viên không?': 'Tasme Hotel có 1 nhà hàng: Nhà hàng #1', 'Tasme Hotel có phục vụ dạng bữa sáng nào?': 'Khách lưu trú tại Tasme Hotel có thể tận hưởng bữa sáng được đánh giá cao trong kỳ nghỉ của họ (điểm đánh giá của khách: 10.0)\n\nLựa chọn bữa sáng bao gồm: Kiểu Á, Gọi món (à la carte)', 'Tasme Hotel có những loại phòng nào?': 'Lựa chọn phòng tại Tasme Hotel bao gồm: Phòng 4 người, Phòng tập thểPhòng giường đôi, Phòng 2 giường đơn Phòng 3 người', 'Tôi có thể làm gì ở Tasme Hotel?': 'Tasme Hotel có những hoạt động/dịch vụ sau (có thể áp dụng phí):'}"
https://www.booking.com/hotel/vn/dalat-stream.vi.html,"{'DALAT STREAM HOTEL-Khách sạn đẹp Đà Lạt có giờ nhận và trả phòng như thế nào?': 'D, A, L, A, T S, T, R, E, A, M H, O, T, E, L-Khách sạn đẹp Đà Lạt có giờ nhận phòng từ 12:00 và giờ trả phòng trước 12:00.', 'Tôi có thể làm gì ở DALAT STREAM HOTEL-Khách sạn đẹp Đà Lạt?': 'D, A, L, A, T S, T, R, E, A, M H, O, T, E, L-Khách sạn đẹp Đà Lạt có những hoạt động/dịch vụ sau (có thể áp dụng phí): Sân chơi trẻ em, Karaoke, Cho thuê xe đạp', 'DALAT STREAM HOTEL-Khách sạn đẹp Đà Lạt cách trung tâm Đà Lạt bao xa?': 'D, A, L, A, T S, T, R, E, A, M H, O, T, E, L-Khách sạn đẹp Đà Lạt cách trung tâm Đà Lạt 1,3 km.\nTất cả khoảng cách được đo theo đường thẳng. Khoảng cách di chuyển thực sự có thể khác.', 'Chi phí nghỉ tại DALAT STREAM HOTEL-Khách sạn đẹp Đà Lạt là bao nhiêu?': 'Giá tại D, A, L, A, T S, T, R, E, A, M H, O, T, E, L-Khách sạn đẹp Đà Lạt có thể khác nhau tùy vào kỳ nghỉ của bạn (ví dụ: ngày bạn chọn, chính sách khách sạn,v.v.). Vui lòng xem giá bằng cách nhập ngày của bạn.', 'DALAT STREAM HOTEL-Khách sạn đẹp Đà Lạt có phổ biến với các gia đình không?': 'Có, D, A, L, A, T S, T, R, E, A, M H, O, T, E, L-Khách sạn đẹp Đà Lạt khá phổ biến đối với khách đặt kỳ nghỉ gia đình.', 'DALAT STREAM HOTEL-Khách sạn đẹp Đà Lạt có những loại phòng nào?': 'Lựa chọn phòng tại D, A, L, A, T S, T, R, E, A, M H, O, T, E, L-Khách sạn đẹp Đà Lạt bao gồm: Phòng giường đôi, Phòng 4 người'}"
https://www.booking.com/hotel/vn/khach-san-nguyen-long-thanh-pho-bao-loc.vi.html,"{'Chi phí nghỉ tại Khách sạn Nguyên Long là bao nhiêu?': 'Giá tại Khách sạn Nguyên Long có thể khác nhau tùy vào kỳ nghỉ của bạn (ví dụ: ngày bạn chọn, chính sách khách sạn,v.v.). Vui lòng xem giá bằng cách nhập ngày của bạn.', 'Khách sạn Nguyên Long cách trung tâm Bảo Lộc bao xa?': 'Khách sạn Nguyên Long cách trung tâm Bảo Lộc 1,4 km.\nTất cả khoảng cách được đo theo đường thẳng. Khoảng cách di chuyển thực sự có thể khác.', 'Khách sạn Nguyên Long có phổ biến với các gia đình không?': 'Có, Khách sạn Nguyên Long khá phổ biến đối với khách đặt kỳ nghỉ gia đình.', 'Khách sạn Nguyên Long có những loại phòng nào?': 'Lựa chọn phòng tại Khách sạn Nguyên Long bao gồm: Phòng giường đôi, Phòng 4 người', 'Khách sạn Nguyên Long có giờ nhận và trả phòng như thế nào?': 'Khách sạn Nguyên Long có giờ nhận phòng từ 14:00 và giờ trả phòng trước 12:00.', 'Tôi có thể làm gì ở Khách sạn Nguyên Long?': 'Khách sạn Nguyên Long có những hoạt động/dịch vụ sau (có thể áp dụng phí):'}"
https://www.booking.com/hotel/vn/mua-dalat-wellness.vi.html,"{'Mùa Dalat Wellness Hotel có nhà hàng trong khuôn viên không?': 'Mùa Dalat Wellness Hotel có 3 nhà hàng: Nhà hàng #3Nhà hàng #2Nhà hàng #1', 'Chi phí nghỉ tại Mùa Dalat Wellness Hotel là bao nhiêu?': 'Giá tại Mùa Dalat Wellness Hotel có thể khác nhau tùy vào kỳ nghỉ của bạn (ví dụ: ngày bạn chọn, chính sách khách sạn,v.v.). Vui lòng xem giá bằng cách nhập ngày của bạn.', 'Mùa Dalat Wellness Hotel cách trung tâm Đà Lạt bao xa?': 'Mùa Dalat Wellness Hotel cách trung tâm Đà Lạt 1,8 km.\nTất cả khoảng cách được đo theo đường thẳng. Khoảng cách di chuyển thực sự có thể khác.', 'Mùa Dalat Wellness Hotel có phổ biến với các gia đình không?': 'Có, Mùa Dalat Wellness Hotel khá phổ biến đối với khách đặt kỳ nghỉ gia đình.', 'Tôi có thể làm gì ở Mùa Dalat Wellness Hotel?': 'Mùa Dalat Wellness Hotel có những hoạt động/dịch vụ sau (có thể áp dụng phí): Trung tâm thể dục, Xe đạp, Sân gôn (trong vòng 3km)Lớp học yoga, Huấn luyện viên cá nhân, Dịch vụ ngâm chân, Tour đi xe đạp', 'Mùa Dalat Wellness Hotel có những loại phòng nào?': 'Lựa chọn phòng tại Mùa Dalat Wellness Hotel bao gồm: Phòng giường đôi, Phòng 3 người', 'Mùa Dalat Wellness Hotel có giờ nhận và trả phòng như thế nào?': 'Mùa Dalat Wellness Hotel có giờ nhận phòng từ 14:00 và giờ trả phòng trước 12:00.'}"
https://www.booking.com/hotel/vn/myrtle.vi.html,"{'Tôi có thể làm gì ở Myrtle Boutique Hotel?': 'Myrtle Boutique Hotel có những hoạt động/dịch vụ sau (có thể áp dụng phí): Sân gôn (trong vòng 3km)Bữa tối theo chủ đề', 'Myrtle Boutique Hotel có nhà hàng trong khuôn viên không?': 'Myrtle Boutique Hotel có 1 nhà hàng: Nhà hàng #1', 'Myrtle Boutique Hotel có giờ nhận và trả phòng như thế nào?': 'Myrtle Boutique Hotel có giờ nhận phòng từ 14:00 và giờ trả phòng trước 12:00.', 'Chi phí nghỉ tại Myrtle Boutique Hotel là bao nhiêu?': 'Giá tại Myrtle Boutique Hotel có thể khác nhau tùy vào kỳ nghỉ của bạn (ví dụ: ngày bạn chọn, chính sách khách sạn,v.v.). Vui lòng xem giá bằng cách nhập ngày của bạn.', 'Myrtle Boutique Hotel có những loại phòng nào?': 'Lựa chọn phòng tại Myrtle Boutique Hotel bao gồm: Phòng giường đôi, Phòng gia đình', 'Myrtle Boutique Hotel cách trung tâm Đà Lạt bao xa?': 'Myrtle Boutique Hotel cách trung tâm Đà Lạt 1,6 km.\nTất cả khoảng cách được đo theo đường thẳng. Khoảng cách di chuyển thực sự có thể khác.', 'Myrtle Boutique Hotel có phục vụ dạng bữa sáng nào?': 'Khách lưu trú tại Myrtle Boutique Hotel có thể tận hưởng bữa sáng được đánh giá cao trong kỳ nghỉ của họ (điểm đánh giá của khách: 10.0)\n\nLựa chọn bữa sáng bao gồm: Kiểu Á, Kiểu Mỹ, Gọi món (à la carte)'}"
https://www.booking.com/hotel/vn/mon-min-thanh-pho-da-lat.vi.html,"{'Mon Min Hotel Dalat có những loại phòng nào?': 'Lựa chọn phòng tại Mon Min Hotel Dalat bao gồm: Phòng giường đôi, Phòng 4 người, Phòng gia đình', 'Chi phí nghỉ tại Mon Min Hotel Dalat là bao nhiêu?': 'Giá tại Mon Min Hotel Dalat có thể khác nhau tùy vào kỳ nghỉ của bạn (ví dụ: ngày bạn chọn, chính sách khách sạn,v.v.). Vui lòng xem giá bằng cách nhập ngày của bạn.', 'Mon Min Hotel Dalat cách trung tâm Đà Lạt bao xa?': 'Mon Min Hotel Dalat cách trung tâm Đà Lạt 750 m.\nTất cả khoảng cách được đo theo đường thẳng. Khoảng cách di chuyển thực sự có thể khác.', 'Mon Min Hotel Dalat có phổ biến với các gia đình không?': 'Có, Mon Min Hotel Dalat khá phổ biến đối với khách đặt kỳ nghỉ gia đình.', 'Mon Min Hotel Dalat có giờ nhận và trả phòng như thế nào?': 'Mon Min Hotel Dalat có giờ nhận phòng từ 14:00 và giờ trả phòng trước 12:00.', 'Tôi có thể làm gì ở Mon Min Hotel Dalat?': 'Mon Min Hotel Dalat có những hoạt động/dịch vụ sau (có thể áp dụng phí):'}"
https://www.booking.com/hotel/vn/lengkeng-da-lat-homestay-thanh-pho-da-lat.vi.html,"{'Chi phí nghỉ tại Lengkeng Da Lat Homestay là bao nhiêu?': 'Giá tại Lengkeng Da Lat Homestay có thể khác nhau tùy vào kỳ nghỉ của bạn (ví dụ: ngày bạn chọn, chính sách khách sạn,v.v.). Vui lòng xem giá bằng cách nhập ngày của bạn.', 'Lengkeng Da Lat Homestay có giờ nhận và trả phòng như thế nào?': 'Lengkeng Da Lat Homestay có giờ nhận phòng từ 14:00 và giờ trả phòng trước 12:00.', 'Lengkeng Da Lat Homestay có phổ biến với các gia đình không?': 'Có, Lengkeng Da Lat Homestay khá phổ biến đối với khách đặt kỳ nghỉ gia đình.', 'Tôi có thể làm gì ở Lengkeng Da Lat Homestay?': 'Lengkeng Da Lat Homestay có những hoạt động/dịch vụ sau (có thể áp dụng phí): Sân chơi trẻ em, Tour đi bộ, Tour/lớp về văn hóa địa phương', 'Lengkeng Da Lat Homestay cách trung tâm Đà Lạt bao xa?': 'Lengkeng Da Lat Homestay cách trung tâm Đà Lạt 3 km.\nTất cả khoảng cách được đo theo đường thẳng. Khoảng cách di chuyển thực sự có thể khác.'}"
https://www.booking.com/hotel/vn/ana-mandara-villa-dalat-resort-spa.vi.html,"{'Ana Mandara Villas Dalat Resort & Spa có giờ nhận và trả phòng như thế nào?': 'Ana Mandara Villas Dalat Resort & Spa có giờ nhận phòng từ 14:00 và giờ trả phòng trước 12:00.', 'Ana Mandara Villas Dalat Resort & Spa có phục vụ dạng bữa sáng nào?': 'Khách lưu trú tại Ana Mandara Villas Dalat Resort & Spa có thể tận hưởng bữa sáng được đánh giá cao trong kỳ nghỉ của họ (điểm đánh giá của khách: 8.3)\n\nLựa chọn bữa sáng bao gồm: Tự chọn, Gọi món (à la carte)', 'Ana Mandara Villas Dalat Resort & Spa cách trung tâm Đà Lạt bao xa?': 'Ana Mandara Villas Dalat Resort & Spa cách trung tâm Đà Lạt 1,5 km.\nTất cả khoảng cách được đo theo đường thẳng. Khoảng cách di chuyển thực sự có thể khác.', 'Chi phí nghỉ tại Ana Mandara Villas Dalat Resort & Spa là bao nhiêu?': 'Giá tại Ana Mandara Villas Dalat Resort & Spa có thể khác nhau tùy vào kỳ nghỉ của bạn (ví dụ: ngày bạn chọn, chính sách khách sạn,v.v.). Vui lòng xem giá bằng cách nhập ngày của bạn.', 'Tôi có thể làm gì ở Ana Mandara Villas Dalat Resort & Spa?': 'Ana Mandara Villas Dalat Resort & Spa có những hoạt động/dịch vụ sau (có thể áp dụng phí): Trung tâm Spa & chăm sóc sức khoẻTrung tâm thể dục, Phòng xông hơi, Massage, Sân chơi trẻ em, Karaoke, Sân gôn (trong vòng 3km)Câu lạc bộ trẻ em, Gói spa/chăm sóc sức khỏe, Tiện Nghi Spa, Phòng gym, Hồ bơi, Ghế mát-xa, Phòng xông hơi ướt, Khu vực thư giãn/spa lounge', 'Ana Mandara Villas Dalat Resort & Spa có hồ bơi không?': 'Có, khách sạn này có hồ bơi. Tìm hiểu chi tiết về hồ bơi và các tiện nghi khác trong trang này.', 'Ana Mandara Villas Dalat Resort & Spa có phổ biến với các gia đình không?': 'Có, Ana Mandara Villas Dalat Resort & Spa khá phổ biến đối với khách đặt kỳ nghỉ gia đình.', 'Ana Mandara Villas Dalat Resort & Spa có những loại phòng nào?': 'Lựa chọn phòng tại Ana Mandara Villas Dalat Resort & Spa bao gồm: Phòng giường đôi, Phòng giường đôi/2 giường đơn', 'Ana Mandara Villas Dalat Resort & Spa có nhà hàng trong khuôn viên không?': 'Ana Mandara Villas Dalat Resort & Spa có 1 nhà hàng: Le Petit Restaurant'}"
https://www.booking.com/hotel/vn/mercure-da-lat-resort.vi.html,"{'Mercure Dalat Resort có phục vụ dạng bữa sáng nào?': 'Khách lưu trú tại Mercure Dalat Resort có thể tận hưởng bữa sáng được đánh giá cao trong kỳ nghỉ của họ (điểm đánh giá của khách: 9.0)\n\nLựa chọn bữa sáng bao gồm: Tự chọn', 'Mercure Dalat Resort cách trung tâm Đà Lạt bao xa?': 'Mercure Dalat Resort cách trung tâm Đà Lạt 2,5 km.\nTất cả khoảng cách được đo theo đường thẳng. Khoảng cách di chuyển thực sự có thể khác.', 'Tôi có thể làm gì ở Mercure Dalat Resort?': 'Mercure Dalat Resort có những hoạt động/dịch vụ sau (có thể áp dụng phí): Sân chơi trẻ em, Cho thuê xe đạp, Giờ vàng', 'Chi phí nghỉ tại Mercure Dalat Resort là bao nhiêu?': 'Giá tại Mercure Dalat Resort có thể khác nhau tùy vào kỳ nghỉ của bạn (ví dụ: ngày bạn chọn, chính sách khách sạn,v.v.). Vui lòng xem giá bằng cách nhập ngày của bạn.', 'Mercure Dalat Resort có giờ nhận và trả phòng như thế nào?': 'Mercure Dalat Resort có giờ nhận phòng từ 15:00 và giờ trả phòng trước 12:00.', 'Mercure Dalat Resort có nhà hàng trong khuôn viên không?': 'Mercure Dalat Resort có 1 nhà hàng: D, E, U, X A, M, A, N, T, S R, E, S, T, A, U, R, A, N, T', 'Mercure Dalat Resort có phổ biến với các gia đình không?': 'Có, Mercure Dalat Resort khá phổ biến đối với khách đặt kỳ nghỉ gia đình.', 'Mercure Dalat Resort có những loại phòng nào?': 'Lựa chọn phòng tại Mercure Dalat Resort bao gồm: Phòng 3 người, Phòng 4 người'}"
https://www.booking.com/hotel/vn/khanh-uyen.vi.html,"{'Khanh Uyen 1 Hotel có những loại phòng nào?': 'Lựa chọn phòng tại Khanh Uyen 1 Hotel bao gồm: Phòng giường đôi, Phòng 4 người', 'Khanh Uyen 1 Hotel có phổ biến với các gia đình không?': 'Có, Khanh Uyen 1 Hotel khá phổ biến đối với khách đặt kỳ nghỉ gia đình.', 'Tôi có thể làm gì ở Khanh Uyen 1 Hotel?': 'Khanh Uyen 1 Hotel có những hoạt động/dịch vụ sau (có thể áp dụng phí): Tour/lớp về văn hóa địa phương, Cho thuê xe đạp', 'Chi phí nghỉ tại Khanh Uyen 1 Hotel là bao nhiêu?': 'Giá tại Khanh Uyen 1 Hotel có thể khác nhau tùy vào kỳ nghỉ của bạn (ví dụ: ngày bạn chọn, chính sách khách sạn,v.v.). Vui lòng xem giá bằng cách nhập ngày của bạn.', 'Khanh Uyen 1 Hotel cách trung tâm Đà Lạt bao xa?': 'Khanh Uyen 1 Hotel cách trung tâm Đà Lạt 800 m.\nTất cả khoảng cách được đo theo đường thẳng. Khoảng cách di chuyển thực sự có thể khác.', 'Khanh Uyen 1 Hotel có giờ nhận và trả phòng như thế nào?': 'Khanh Uyen 1 Hotel có giờ nhận phòng từ 13:30 và giờ trả phòng trước 12:00.'}"
https://www.booking.com/hotel/vn/the-grandview-villa-dalat.vi.html,"{'The Grandview Villa Dalat có phổ biến với các gia đình không?': 'Có, The Grandview Villa Dalat khá phổ biến đối với khách đặt kỳ nghỉ gia đình.', 'The Grandview Villa Dalat có nhà hàng trong khuôn viên không?': 'The Grandview Villa Dalat có 1 nhà hàng: Nhà hàng #1', 'The Grandview Villa Dalat cách trung tâm Đà Lạt bao xa?': 'The Grandview Villa Dalat cách trung tâm Đà Lạt 4,7 km.\nTất cả khoảng cách được đo theo đường thẳng. Khoảng cách di chuyển thực sự có thể khác.', 'The Grandview Villa Dalat có những loại phòng nào?': 'Lựa chọn phòng tại The Grandview Villa Dalat bao gồm: Phòng giường đôi, Phòng gia đình, Căn hộ', 'The Grandview Villa Dalat có giờ nhận và trả phòng như thế nào?': 'The Grandview Villa Dalat có giờ nhận phòng từ 14:00 và giờ trả phòng trước 12:00.', 'Tôi có thể làm gì ở The Grandview Villa Dalat?': 'The Grandview Villa Dalat có những hoạt động/dịch vụ sau (có thể áp dụng phí): Xe đạp, Đi bộ đường dài, Câu cáBữa tối theo chủ đề, Sự kiện thể thao (truyền hình trực tiếp)Tour đi bộ, Thể dục nhịp điệu (aerobic)Biểu diễn/nhạc sống, Nhảy/khám phá bar, Tour đi xe đạp', 'Chi phí nghỉ tại The Grandview Villa Dalat là bao nhiêu?': 'Giá tại The Grandview Villa Dalat có thể khác nhau tùy vào kỳ nghỉ của bạn (ví dụ: ngày bạn chọn, chính sách khách sạn,v.v.). Vui lòng xem giá bằng cách nhập ngày của bạn.', 'The Grandview Villa Dalat có phục vụ dạng bữa sáng nào?': 'Khách lưu trú tại The Grandview Villa Dalat có thể tận hưởng bữa sáng được đánh giá cao trong kỳ nghỉ của họ (điểm đánh giá của khách: 10.0)\n\nLựa chọn bữa sáng bao gồm: Kiểu Á, Gọi món (à la carte)'}"
https://www.booking.com/hotel/vn/the-balcony-bnb.vi.html,"{'The Balcony BnB có những loại phòng nào?': 'Lựa chọn phòng tại The Balcony Bn, B bao gồm: Phòng giường đôi, Phòng 2 giường đơn Studio', 'Chi phí nghỉ tại The Balcony BnB là bao nhiêu?': 'Giá tại The Balcony Bn, B có thể khác nhau tùy vào kỳ nghỉ của bạn (ví dụ: ngày bạn chọn, chính sách khách sạn,v.v.). Vui lòng xem giá bằng cách nhập ngày của bạn.', 'Tôi có thể làm gì ở The Balcony BnB?': 'The Balcony Bn, B có những hoạt động/dịch vụ sau (có thể áp dụng phí):', 'The Balcony BnB có giờ nhận và trả phòng như thế nào?': 'The Balcony Bn, B có giờ nhận phòng từ 14:00 và giờ trả phòng trước 12:00.', 'The Balcony BnB cách trung tâm Đà Lạt bao xa?': 'The Balcony Bn, B cách trung tâm Đà Lạt 2,5 km.\nTất cả khoảng cách được đo theo đường thẳng. Khoảng cách di chuyển thực sự có thể khác.'}"
https://www.booking.com/hotel/vn/xuan-truong-luxury-dalat.vi.html,"{'Xuan Truong Luxury DaLat có những loại phòng nào?': 'Lựa chọn phòng tại Xuan Truong Luxury Da, Lat bao gồm: Phòng giường đôi, Phòng gia đình, Phòng 3 người', 'Xuan Truong Luxury DaLat có phổ biến với các gia đình không?': 'Có, Xuan Truong Luxury Da, Lat khá phổ biến đối với khách đặt kỳ nghỉ gia đình.', 'Xuan Truong Luxury DaLat có giờ nhận và trả phòng như thế nào?': 'Xuan Truong Luxury Da, Lat có giờ nhận phòng từ 14:00 và giờ trả phòng trước 12:00.', 'Chi phí nghỉ tại Xuan Truong Luxury DaLat là bao nhiêu?': 'Giá tại Xuan Truong Luxury Da, Lat có thể khác nhau tùy vào kỳ nghỉ của bạn (ví dụ: ngày bạn chọn, chính sách khách sạn,v.v.). Vui lòng xem giá bằng cách nhập ngày của bạn.', 'Xuan Truong Luxury DaLat cách trung tâm Đà Lạt bao xa?': 'Xuan Truong Luxury Da, Lat cách trung tâm Đà Lạt 1,9 km.\nTất cả khoảng cách được đo theo đường thẳng. Khoảng cách di chuyển thực sự có thể khác.', 'Tôi có thể làm gì ở Xuan Truong Luxury DaLat?': 'Xuan Truong Luxury Da, Lat có những hoạt động/dịch vụ sau (có thể áp dụng phí): Sân gôn (trong vòng 3km)Cho thuê xe đạp'}"
https://www.booking.com/hotel/vn/new-life-thanh-pho-da-lat.vi.html,"{'New Life Hotel - Da Lat có phục vụ dạng bữa sáng nào?': 'Khách lưu trú tại New Life Hotel - Da Lat có thể tận hưởng bữa sáng được đánh giá cao trong kỳ nghỉ của họ (điểm đánh giá của khách: 7.5)\n\nLựa chọn bữa sáng bao gồm: Gọi món (à la carte)', 'Tôi có thể làm gì ở New Life Hotel - Da Lat?': 'New Life Hotel - Da Lat có những hoạt động/dịch vụ sau (có thể áp dụng phí):', 'Chi phí nghỉ tại New Life Hotel - Da Lat là bao nhiêu?': 'Giá tại New Life Hotel - Da Lat có thể khác nhau tùy vào kỳ nghỉ của bạn (ví dụ: ngày bạn chọn, chính sách khách sạn,v.v.). Vui lòng xem giá bằng cách nhập ngày của bạn.', 'New Life Hotel - Da Lat có giờ nhận và trả phòng như thế nào?': 'New Life Hotel - Da Lat có giờ nhận phòng từ 14:00 và giờ trả phòng trước 12:00.', 'New Life Hotel - Da Lat cách trung tâm Đà Lạt bao xa?': 'New Life Hotel - Da Lat cách trung tâm Đà Lạt 2,1 km.\nTất cả khoảng cách được đo theo đường thẳng. Khoảng cách di chuyển thực sự có thể khác.', 'New Life Hotel - Da Lat có nhà hàng trong khuôn viên không?': 'New Life Hotel - Da Lat có 1 nhà hàng: N, E, W L, I, F, E H, O, T, E, L', 'New Life Hotel - Da Lat có những loại phòng nào?': 'Lựa chọn phòng tại New Life Hotel - Da Lat bao gồm: Phòng giường đôi, Phòng 2 giường đơn Phòng gia đình, Phòng 3 người, Phòng đơn'}"
https://www.booking.com/hotel/vn/lumina-da-lat.vi.html,"{'Chi phí nghỉ tại Lumina Hotel Da Lat Central là bao nhiêu?': 'Giá tại Lumina Hotel Da Lat Central có thể khác nhau tùy vào kỳ nghỉ của bạn (ví dụ: ngày bạn chọn, chính sách khách sạn,v.v.). Vui lòng xem giá bằng cách nhập ngày của bạn.', 'Lumina Hotel Da Lat Central cách trung tâm Đà Lạt bao xa?': 'Lumina Hotel Da Lat Central cách trung tâm Đà Lạt 550 m.\nTất cả khoảng cách được đo theo đường thẳng. Khoảng cách di chuyển thực sự có thể khác.', 'Tôi có thể làm gì ở Lumina Hotel Da Lat Central?': 'Lumina Hotel Da Lat Central có những hoạt động/dịch vụ sau (có thể áp dụng phí): Trung tâm Spa & chăm sóc sức khoẻMassage, Dịch vụ ngâm chân, Trị Liệu Cơ Thể, Mát-xa đầu, Chăm sóc da mặt, Mát-xa chân, Tiện Nghi Spa, Mát-xa toàn thân, Phòng gửi đồ ở spa/gym, Mát-xa lưng, Tẩy tế bào chết toàn thân, Mát-xa tay, Chăm sóc tóc, Mát-xa dành cho cặp đôi, Khu vực thư giãn/spa lounge, Gói spa/chăm sóc sức khỏe, Dịch Vụ Làm Đẹp, Mát-xa cổ', 'Lumina Hotel Da Lat Central có giờ nhận và trả phòng như thế nào?': 'Lumina Hotel Da Lat Central có giờ nhận phòng từ 14:00 và giờ trả phòng trước 12:00.', 'Lumina Hotel Da Lat Central có phổ biến với các gia đình không?': 'Có, Lumina Hotel Da Lat Central khá phổ biến đối với khách đặt kỳ nghỉ gia đình.', 'Lumina Hotel Da Lat Central có phục vụ dạng bữa sáng nào?': 'Khách lưu trú tại Lumina Hotel Da Lat Central có thể tận hưởng bữa sáng được đánh giá cao trong kỳ nghỉ của họ (điểm đánh giá của khách: 6.5)\n\nLựa chọn bữa sáng bao gồm: Kiểu Á, Gọi món (à la carte)Bữa sáng mang đi', 'Lumina Hotel Da Lat Central có những loại phòng nào?': 'Lựa chọn phòng tại Lumina Hotel Da Lat Central bao gồm: Phòng giường đôi, Phòng 3 người, Phòng gia đình', 'Lumina Hotel Da Lat Central có nhà hàng trong khuôn viên không?': 'Lumina Hotel Da Lat Central có 1 nhà hàng: Nhà hàng #1'}"
https://www.booking.com/hotel/vn/europa.vi.html,"{'Tôi có thể làm gì ở Europa Hotel?': 'Europa Hotel có những hoạt động/dịch vụ sau (có thể áp dụng phí): Xe đạp, Đi bộ đường dài, Tour đi bộ, Tour/lớp về văn hóa địa phương, Tour đi xe đạp, Cho thuê xe đạp', 'Europa Hotel có những loại phòng nào?': 'Lựa chọn phòng tại Europa Hotel bao gồm: Phòng giường đôi, Phòng 4 người, Phòng gia đình', 'Chi phí nghỉ tại Europa Hotel là bao nhiêu?': 'Giá tại Europa Hotel có thể khác nhau tùy vào kỳ nghỉ của bạn (ví dụ: ngày bạn chọn, chính sách khách sạn,v.v.). Vui lòng xem giá bằng cách nhập ngày của bạn.', 'Europa Hotel cách trung tâm Đà Lạt bao xa?': 'Europa Hotel cách trung tâm Đà Lạt 150 m.\nTất cả khoảng cách được đo theo đường thẳng. Khoảng cách di chuyển thực sự có thể khác.', 'Europa Hotel có giờ nhận và trả phòng như thế nào?': 'Europa Hotel có giờ nhận phòng từ 12:30 và giờ trả phòng trước 11:30.'}"
https://www.booking.com/hotel/vn/the-aratana-villa.vi.html,"{'The Aratana Villa có giờ nhận và trả phòng như thế nào?': 'The Aratana Villa có giờ nhận phòng từ 14:00 và giờ trả phòng trước 12:30.', 'Tôi có thể làm gì ở The Aratana Villa?': 'The Aratana Villa có những hoạt động/dịch vụ sau (có thể áp dụng phí):', 'Chi phí nghỉ tại The Aratana Villa là bao nhiêu?': 'Giá tại The Aratana Villa có thể khác nhau tùy vào kỳ nghỉ của bạn (ví dụ: ngày bạn chọn, chính sách khách sạn,v.v.). Vui lòng xem giá bằng cách nhập ngày của bạn.', 'The Aratana Villa cách trung tâm Đà Lạt bao xa?': 'The Aratana Villa cách trung tâm Đà Lạt 1,4 km.\nTất cả khoảng cách được đo theo đường thẳng. Khoảng cách di chuyển thực sự có thể khác.'}"
https://www.booking.com/hotel/vn/dalat-du-parc.vi.html,"{'Du Parc Hotel Dalat cách trung tâm Đà Lạt bao xa?': 'Du Parc Hotel Dalat cách trung tâm Đà Lạt 750 m.\nTất cả khoảng cách được đo theo đường thẳng. Khoảng cách di chuyển thực sự có thể khác.', 'Du Parc Hotel Dalat có những loại phòng nào?': 'Lựa chọn phòng tại Du Parc Hotel Dalat bao gồm: Phòng giường đôi/2 giường đơn, Phòng giường đôi, Phòng 2 giường đơn ', 'Du Parc Hotel Dalat có nhà hàng trong khuôn viên không?': 'Du Parc Hotel Dalat có 1 nhà hàng: Le Bistro', 'Tôi có thể làm gì ở Du Parc Hotel Dalat?': 'Du Parc Hotel Dalat có những hoạt động/dịch vụ sau (có thể áp dụng phí): Phòng xông hơi, Massage, Karaoke, Sân gôn (trong vòng 3km)Phòng gym, Giờ vàng, Mát-xa toàn thân', 'Chi phí nghỉ tại Du Parc Hotel Dalat là bao nhiêu?': 'Giá tại Du Parc Hotel Dalat có thể khác nhau tùy vào kỳ nghỉ của bạn (ví dụ: ngày bạn chọn, chính sách khách sạn,v.v.). Vui lòng xem giá bằng cách nhập ngày của bạn.', 'Du Parc Hotel Dalat có giờ nhận và trả phòng như thế nào?': 'Du Parc Hotel Dalat có giờ nhận phòng từ 14:00 và giờ trả phòng trước 12:00.'}"
https://www.booking.com/hotel/vn/saigon-dalat.vi.html,"{'Saigon Dalat Hotel có những loại phòng nào?': 'Lựa chọn phòng tại Saigon Dalat Hotel bao gồm: Phòng giường đôi/2 giường đơn, Suite, Phòng 3 người, Phòng giường đôi', 'Saigon Dalat Hotel có nhà hàng trong khuôn viên không?': 'Saigon Dalat Hotel có 2 nhà hàng: Orchid, Tulip', 'Saigon Dalat Hotel có hồ bơi không?': 'Có, khách sạn này có hồ bơi. Tìm hiểu chi tiết về hồ bơi và các tiện nghi khác trong trang này.', 'Chi phí nghỉ tại Saigon Dalat Hotel là bao nhiêu?': 'Giá tại Saigon Dalat Hotel có thể khác nhau tùy vào kỳ nghỉ của bạn (ví dụ: ngày bạn chọn, chính sách khách sạn,v.v.). Vui lòng xem giá bằng cách nhập ngày của bạn.', 'Saigon Dalat Hotel có giờ nhận và trả phòng như thế nào?': 'Saigon Dalat Hotel có giờ nhận phòng từ 14:00 và giờ trả phòng trước 12:00.', 'Tôi có thể làm gì ở Saigon Dalat Hotel?': 'Saigon Dalat Hotel có những hoạt động/dịch vụ sau (có thể áp dụng phí): Trung tâm thể dục, Phòng xông hơi, Bida, Bóng bàn, Sân tennis, Hồ bơi', 'Saigon Dalat Hotel cách trung tâm Đà Lạt bao xa?': 'Saigon Dalat Hotel cách trung tâm Đà Lạt 900 m.\nTất cả khoảng cách được đo theo đường thẳng. Khoảng cách di chuyển thực sự có thể khác.', 'Saigon Dalat Hotel có phục vụ dạng bữa sáng nào?': 'Khách lưu trú tại Saigon Dalat Hotel có thể tận hưởng bữa sáng được đánh giá cao trong kỳ nghỉ của họ (điểm đánh giá của khách: 7.5)\n\nLựa chọn bữa sáng bao gồm: Kiểu lục địa, Tự chọn', 'Saigon Dalat Hotel có phổ biến với các gia đình không?': 'Có, Saigon Dalat Hotel khá phổ biến đối với khách đặt kỳ nghỉ gia đình.'}"
https://www.booking.com/hotel/vn/ngoc-phat-dalat.vi.html,"{'Ngoc Phat Dalat Hotel có nhà hàng trong khuôn viên không?': 'Ngoc Phat Dalat Hotel có 1 nhà hàng: Lan Rừng', 'Ngoc Phat Dalat Hotel có những loại phòng nào?': 'Lựa chọn phòng tại Ngoc Phat Dalat Hotel bao gồm: Phòng giường đôi, Phòng 2 giường đơn Suite, Phòng 3 người, Phòng 4 người', 'Ngoc Phat Dalat Hotel có phổ biến với các gia đình không?': 'Có, Ngoc Phat Dalat Hotel khá phổ biến đối với khách đặt kỳ nghỉ gia đình.', 'Ngoc Phat Dalat Hotel có phục vụ dạng bữa sáng nào?': 'Khách lưu trú tại Ngoc Phat Dalat Hotel có thể tận hưởng bữa sáng được đánh giá cao trong kỳ nghỉ của họ (điểm đánh giá của khách: 8.8)\n\nLựa chọn bữa sáng bao gồm: Kiểu Á, Tự chọn, Bữa sáng mang đi', 'Ngoc Phat Dalat Hotel cách trung tâm Đà Lạt bao xa?': 'Ngoc Phat Dalat Hotel cách trung tâm Đà Lạt 950 m.\nTất cả khoảng cách được đo theo đường thẳng. Khoảng cách di chuyển thực sự có thể khác.', 'Ngoc Phat Dalat Hotel có giờ nhận và trả phòng như thế nào?': 'Ngoc Phat Dalat Hotel có giờ nhận phòng từ 14:00 và giờ trả phòng trước 12:00.', 'Chi phí nghỉ tại Ngoc Phat Dalat Hotel là bao nhiêu?': 'Giá tại Ngoc Phat Dalat Hotel có thể khác nhau tùy vào kỳ nghỉ của bạn (ví dụ: ngày bạn chọn, chính sách khách sạn,v.v.). Vui lòng xem giá bằng cách nhập ngày của bạn.', 'Tôi có thể làm gì ở Ngoc Phat Dalat Hotel?': 'Ngoc Phat Dalat Hotel có những hoạt động/dịch vụ sau (có thể áp dụng phí): Cho thuê xe đạp'}"
https://www.booking.com/hotel/vn/shalom-house-bao-loc-thanh-pho-bao-loc1.vi.html,"{'Tôi có thể làm gì ở SHALOM HOUSE _ BẢO LỘC?': 'S, H, A, L, O, M H, O, U, S, E _ BẢO LỘC có những hoạt động/dịch vụ sau (có thể áp dụng phí): Sân tennis, Sân gôn (trong vòng 3km)Thiết bị dành cho tennis, Nhảy/khám phá bar, Thiết bị dành cho cầu lông, Đêm phim', 'SHALOM HOUSE _ BẢO LỘC có giờ nhận và trả phòng như thế nào?': 'S, H, A, L, O, M H, O, U, S, E _ BẢO LỘC có giờ nhận phòng từ 14:00 và giờ trả phòng trước 12:00.', 'SHALOM HOUSE _ BẢO LỘC cách trung tâm Bảo Lộc bao xa?': 'S, H, A, L, O, M H, O, U, S, E _ BẢO LỘC cách trung tâm Bảo Lộc 1,9 km.\nTất cả khoảng cách được đo theo đường thẳng. Khoảng cách di chuyển thực sự có thể khác.', 'Chi phí nghỉ tại SHALOM HOUSE _ BẢO LỘC là bao nhiêu?': 'Giá tại S, H, A, L, O, M H, O, U, S, E _ BẢO LỘC có thể khác nhau tùy vào kỳ nghỉ của bạn (ví dụ: ngày bạn chọn, chính sách khách sạn,v.v.). Vui lòng xem giá bằng cách nhập ngày của bạn.', 'SHALOM HOUSE _ BẢO LỘC có những loại phòng nào?': 'Lựa chọn phòng tại S, H, A, L, O, M H, O, U, S, E _ BẢO LỘC bao gồm: Phòng 4 người, Phòng gia đình'}"
https://www.booking.com/hotel/vn/dalat-venus.vi.html,"{'Chi phí nghỉ tại Dalat Venus Hotel là bao nhiêu?': 'Giá tại Dalat Venus Hotel có thể khác nhau tùy vào kỳ nghỉ của bạn (ví dụ: ngày bạn chọn, chính sách khách sạn,v.v.). Vui lòng xem giá bằng cách nhập ngày của bạn.', 'Dalat Venus Hotel có những loại phòng nào?': 'Lựa chọn phòng tại Dalat Venus Hotel bao gồm: Phòng giường đôi, Phòng 4 người, Phòng gia đình', 'Tôi có thể làm gì ở Dalat Venus Hotel?': 'Dalat Venus Hotel có những hoạt động/dịch vụ sau (có thể áp dụng phí): Tour đi bộ, Tour/lớp về văn hóa địa phương, Tour đi xe đạp', 'Dalat Venus Hotel cách trung tâm Đà Lạt bao xa?': 'Dalat Venus Hotel cách trung tâm Đà Lạt 350 m.\nTất cả khoảng cách được đo theo đường thẳng. Khoảng cách di chuyển thực sự có thể khác.', 'Dalat Venus Hotel có giờ nhận và trả phòng như thế nào?': 'Dalat Venus Hotel có giờ nhận phòng từ 14:00 và giờ trả phòng trước 12:00.'}"
https://www.booking.com/hotel/vn/queen-t-amp-t-dalat.vi.html,"{'Chi phí nghỉ tại Queen T&T Dalat Hotel là bao nhiêu?': 'Giá tại Queen T&T Dalat Hotel có thể khác nhau tùy vào kỳ nghỉ của bạn (ví dụ: ngày bạn chọn, chính sách khách sạn,v.v.). Vui lòng xem giá bằng cách nhập ngày của bạn.', 'Queen T&T Dalat Hotel có nhà hàng trong khuôn viên không?': 'Queen T&T Dalat Hotel có 1 nhà hàng: Queen T&T Hotel Restaurant', 'Queen T&T Dalat Hotel có những loại phòng nào?': 'Lựa chọn phòng tại Queen T&T Dalat Hotel bao gồm: Phòng giường đôi/2 giường đơn, Phòng 2 giường đơn Phòng 3 người, Phòng gia đình, Suite', 'Tôi có thể làm gì ở Queen T&T Dalat Hotel?': 'Queen T&T Dalat Hotel có những hoạt động/dịch vụ sau (có thể áp dụng phí):', 'Queen T&T Dalat Hotel có phổ biến với các gia đình không?': 'Có, Queen T&T Dalat Hotel khá phổ biến đối với khách đặt kỳ nghỉ gia đình.', 'Queen T&T Dalat Hotel có giờ nhận và trả phòng như thế nào?': 'Queen T&T Dalat Hotel có giờ nhận phòng từ 14:00 và giờ trả phòng trước 11:30.', 'Queen T&T Dalat Hotel cách trung tâm Đà Lạt bao xa?': 'Queen T&T Dalat Hotel cách trung tâm Đà Lạt 650 m.\nTất cả khoảng cách được đo theo đường thẳng. Khoảng cách di chuyển thực sự có thể khác.'}"
https://www.booking.com/hotel/vn/mai-thang.vi.html,"{'Chi phí nghỉ tại Mai Thang Hotel Da Lat là bao nhiêu?': 'Giá tại Mai Thang Hotel Da Lat có thể khác nhau tùy vào kỳ nghỉ của bạn (ví dụ: ngày bạn chọn, chính sách khách sạn,v.v.). Vui lòng xem giá bằng cách nhập ngày của bạn.', 'Mai Thang Hotel Da Lat có phổ biến với các gia đình không?': 'Có, Mai Thang Hotel Da Lat khá phổ biến đối với khách đặt kỳ nghỉ gia đình.', 'Mai Thang Hotel Da Lat có nhà hàng trong khuôn viên không?': 'Mai Thang Hotel Da Lat có 2 nhà hàng: Mai Thắng, Busan', 'Mai Thang Hotel Da Lat cách trung tâm Đà Lạt bao xa?': 'Mai Thang Hotel Da Lat cách trung tâm Đà Lạt 750 m.\nTất cả khoảng cách được đo theo đường thẳng. Khoảng cách di chuyển thực sự có thể khác.', 'Mai Thang Hotel Da Lat có phục vụ dạng bữa sáng nào?': 'Khách lưu trú tại Mai Thang Hotel Da Lat có thể tận hưởng bữa sáng được đánh giá cao trong kỳ nghỉ của họ (điểm đánh giá của khách: 7.5)\n\nLựa chọn bữa sáng bao gồm: Kiểu Á, Tự chọn', 'Tôi có thể làm gì ở Mai Thang Hotel Da Lat?': 'Mai Thang Hotel Da Lat có những hoạt động/dịch vụ sau (có thể áp dụng phí): Cho thuê xe đạp', 'Mai Thang Hotel Da Lat có giờ nhận và trả phòng như thế nào?': 'Mai Thang Hotel Da Lat có giờ nhận phòng từ 14:00 và giờ trả phòng trước 12:00.', 'Mai Thang Hotel Da Lat có những loại phòng nào?': 'Lựa chọn phòng tại Mai Thang Hotel Da Lat bao gồm: Phòng giường đôi, Phòng gia đình, Phòng giường đôi/2 giường đơn, Phòng 2 giường đơn '}"
https://www.booking.com/hotel/vn/romeo-juliet-dalat-resort.vi.html,"{""Romeo & Juliet's Hồ Tuyền Lâm Dalat có nhà hàng trong khuôn viên không?"": ""Romeo & Juliet's Hồ Tuyền Lâm Dalat có 1 nhà hàng: Nhà hàng #1"", ""Romeo & Juliet's Hồ Tuyền Lâm Dalat có giờ nhận và trả phòng như thế nào?"": ""Romeo & Juliet's Hồ Tuyền Lâm Dalat có giờ nhận phòng từ 14:00 và giờ trả phòng trước 12:00."", ""Romeo & Juliet's Hồ Tuyền Lâm Dalat cách trung tâm Đà Lạt bao xa?"": ""Romeo & Juliet's Hồ Tuyền Lâm Dalat cách trung tâm Đà Lạt 5 km.\nTất cả khoảng cách được đo theo đường thẳng. Khoảng cách di chuyển thực sự có thể khác."", ""Romeo & Juliet's Hồ Tuyền Lâm Dalat có phổ biến với các gia đình không?"": ""Có, Romeo & Juliet's Hồ Tuyền Lâm Dalat khá phổ biến đối với khách đặt kỳ nghỉ gia đình."", ""Chi phí nghỉ tại Romeo & Juliet's Hồ Tuyền Lâm Dalat là bao nhiêu?"": ""Giá tại Romeo & Juliet's Hồ Tuyền Lâm Dalat có thể khác nhau tùy vào kỳ nghỉ của bạn (ví dụ: ngày bạn chọn, chính sách khách sạn,v.v.). Vui lòng xem giá bằng cách nhập ngày của bạn."", ""Romeo & Juliet's Hồ Tuyền Lâm Dalat có phục vụ dạng bữa sáng nào?"": ""Khách lưu trú tại Romeo & Juliet's Hồ Tuyền Lâm Dalat có thể tận hưởng bữa sáng được đánh giá cao trong kỳ nghỉ của họ (điểm đánh giá của khách: 5.8)\n\nLựa chọn bữa sáng bao gồm: Kiểu Á, Gọi món (à la carte)"", ""Romeo & Juliet's Hồ Tuyền Lâm Dalat có những loại phòng nào?"": ""Lựa chọn phòng tại Romeo & Juliet's Hồ Tuyền Lâm Dalat bao gồm: Phòng giường đôi, Phòng 2 giường đơn "", ""Tôi có thể làm gì ở Romeo & Juliet's Hồ Tuyền Lâm Dalat?"": ""Romeo & Juliet's Hồ Tuyền Lâm Dalat có những hoạt động/dịch vụ sau (có thể áp dụng phí): Karaoke, Bữa tối theo chủ đề, Biểu diễn/nhạc sống""}"
https://www.booking.com/hotel/vn/swiss-belresort-tuyen-lam.vi.html,"{'Swiss-Belresort Tuyen Lam có những loại phòng nào?': 'Lựa chọn phòng tại Swiss-Belresort Tuyen Lam bao gồm: Phòng 2 giường đơn Suite, Phòng giường đôi, Studio', 'Swiss-Belresort Tuyen Lam có hồ bơi không?': 'Có, khách sạn này có hồ bơi. Tìm hiểu chi tiết về hồ bơi và các tiện nghi khác trong trang này.', 'Chi phí nghỉ tại Swiss-Belresort Tuyen Lam là bao nhiêu?': 'Giá tại Swiss-Belresort Tuyen Lam có thể khác nhau tùy vào kỳ nghỉ của bạn (ví dụ: ngày bạn chọn, chính sách khách sạn,v.v.). Vui lòng xem giá bằng cách nhập ngày của bạn.', 'Swiss-Belresort Tuyen Lam có phổ biến với các gia đình không?': 'Có, Swiss-Belresort Tuyen Lam khá phổ biến đối với khách đặt kỳ nghỉ gia đình.', 'Swiss-Belresort Tuyen Lam có nhà hàng trong khuôn viên không?': 'Swiss-Belresort Tuyen Lam có 1 nhà hàng: Swiss cafe', 'Swiss-Belresort Tuyen Lam có phục vụ dạng bữa sáng nào?': 'Khách lưu trú tại Swiss-Belresort Tuyen Lam có thể tận hưởng bữa sáng được đánh giá cao trong kỳ nghỉ của họ (điểm đánh giá của khách: 8.8)\n\nLựa chọn bữa sáng bao gồm: Kiểu lục địa, Thực đơn chay, Kiểu Á, Kiểu Mỹ, Tự chọn', 'Tôi có thể làm gì ở Swiss-Belresort Tuyen Lam?': 'Swiss-Belresort Tuyen Lam có những hoạt động/dịch vụ sau (có thể áp dụng phí): Trung tâm Spa & chăm sóc sức khoẻTrung tâm thể dục, Phòng xông hơi, Massage, Sân chơi trẻ em, Sân tennis, Sân gôn mini, Sân gôn (trong vòng 3km)Câu lạc bộ trẻ em, Khu vực thư giãn/spa lounge, Bữa tối theo chủ đề, Thiết bị dành cho tennis, Phòng gửi đồ ở spa/gym, Gói spa/chăm sóc sức khỏe, Hồ bơi, Tiện Nghi Spa, Dịch vụ ngâm chân, Phòng gym', 'Swiss-Belresort Tuyen Lam có giờ nhận và trả phòng như thế nào?': 'Swiss-Belresort Tuyen Lam có giờ nhận phòng từ 14:00 và giờ trả phòng trước 12:00.', 'Swiss-Belresort Tuyen Lam cách trung tâm Đà Lạt bao xa?': 'Swiss-Belresort Tuyen Lam cách trung tâm Đà Lạt 6 km.\nTất cả khoảng cách được đo theo đường thẳng. Khoảng cách di chuyển thực sự có thể khác.'}"
https://www.booking.com/hotel/vn/do-gia-bao-villas.vi.html,"{'Tôi có thể làm gì ở Đỗ Gia Bảo Villa?': 'Đỗ Gia Bảo Villa có những hoạt động/dịch vụ sau (có thể áp dụng phí): Sân gôn (trong vòng 3km)Bữa tối theo chủ đề', 'Bao nhiêu khách có thể lưu trú tại Đỗ Gia Bảo Villa?': 'Bạn có thể chọn từ nhiều lựa chọn chỗ nghỉ tại Đỗ Gia Bảo Villa (tùy vào tình trạng có sẵn). Những chỗ này có thể tiếp đón: 12 khách4 khách\n\nĐể biết thêm thông tin, vui lòng kiểm tra chi tiết (các) lựa chọn chỗ nghỉ ở trang này.', 'Đỗ Gia Bảo Villa có giờ nhận và trả phòng như thế nào?': 'Đỗ Gia Bảo Villa có giờ nhận phòng từ 14:00 và giờ trả phòng trước 12:00.', 'Chi phí nghỉ tại Đỗ Gia Bảo Villa là bao nhiêu?': 'Giá tại Đỗ Gia Bảo Villa có thể khác nhau tùy vào kỳ nghỉ của bạn (ví dụ: ngày bạn chọn, chính sách khách sạn,v.v.). Vui lòng xem giá bằng cách nhập ngày của bạn.', 'Đỗ Gia Bảo Villa cách trung tâm Đà Lạt bao xa?': 'Đỗ Gia Bảo Villa cách trung tâm Đà Lạt 3,9 km.\nTất cả khoảng cách được đo theo đường thẳng. Khoảng cách di chuyển thực sự có thể khác.', 'Đỗ Gia Bảo Villa có sân hiên không?': 'Có, nhiều lựa chọn tại chỗ nghỉ này có sân hiên. Bạn có thể tìm hiểu thêm về điều này và các tiện nghi khác tại Đỗ Gia Bảo Villa trên trang này.', 'Đỗ Gia Bảo Villa có bao nhiêu phòng ngủ?': 'Bạn có thể chọn từ nhiều lựa chọn chỗ nghỉ tại Đỗ Gia Bảo Villa (tùy vào tình trạng có sẵn). Những chỗ này có: 2 phòng ngủ3 phòng ngủ\n\nĐể biết thêm thông tin, vui lòng kiểm tra chi tiết (các) lựa chọn chỗ nghỉ ở trang này.', 'Đỗ Gia Bảo Villa có ban công không?': 'Có, nhiều lựa chọn tại chỗ nghỉ này có ban công. Bạn có thể tìm hiểu thêm về điều này và các tiện nghi khác tại Đỗ Gia Bảo Villa trên trang này.', 'Đỗ Gia Bảo Villa có phổ biến với các gia đình không?': 'Có, Đỗ Gia Bảo Villa khá phổ biến đối với khách đặt kỳ nghỉ gia đình.'}"
https://www.booking.com/hotel/vn/khach-san-le-tuan-minh.vi.html,"{'Chi phí nghỉ tại Le Tuan Minh Hotel là bao nhiêu?': 'Giá tại Le Tuan Minh Hotel có thể khác nhau tùy vào kỳ nghỉ của bạn (ví dụ: ngày bạn chọn, chính sách khách sạn,v.v.). Vui lòng xem giá bằng cách nhập ngày của bạn.', 'Le Tuan Minh Hotel cách trung tâm Đà Lạt bao xa?': 'Le Tuan Minh Hotel cách trung tâm Đà Lạt 550 m.\nTất cả khoảng cách được đo theo đường thẳng. Khoảng cách di chuyển thực sự có thể khác.', 'Tôi có thể làm gì ở Le Tuan Minh Hotel?': 'Le Tuan Minh Hotel có những hoạt động/dịch vụ sau (có thể áp dụng phí):', 'Le Tuan Minh Hotel có giờ nhận và trả phòng như thế nào?': 'Le Tuan Minh Hotel có giờ nhận phòng từ 14:00 và giờ trả phòng trước 12:00.', 'Le Tuan Minh Hotel có phổ biến với các gia đình không?': 'Có, Le Tuan Minh Hotel khá phổ biến đối với khách đặt kỳ nghỉ gia đình.', 'Le Tuan Minh Hotel có những loại phòng nào?': 'Lựa chọn phòng tại Le Tuan Minh Hotel bao gồm: Phòng 4 người, Phòng giường đôi, Suite'}"
https://www.booking.com/hotel/vn/river-park.vi.html,"{'River Park Hotel Dalat có phục vụ dạng bữa sáng nào?': 'Khách lưu trú tại River Park Hotel Dalat có thể tận hưởng bữa sáng được đánh giá cao trong kỳ nghỉ của họ (điểm đánh giá của khách: 6.2)\n\nLựa chọn bữa sáng bao gồm: Tự chọn', 'Tôi có thể làm gì ở River Park Hotel Dalat?': 'River Park Hotel Dalat có những hoạt động/dịch vụ sau (có thể áp dụng phí): Tour/lớp về văn hóa địa phương', 'River Park Hotel Dalat có những loại phòng nào?': 'Lựa chọn phòng tại River Park Hotel Dalat bao gồm: Studio, Phòng giường đôi, Phòng gia đình, Phòng 3 người', 'River Park Hotel Dalat cách trung tâm Đà Lạt bao xa?': 'River Park Hotel Dalat cách trung tâm Đà Lạt 350 m.\nTất cả khoảng cách được đo theo đường thẳng. Khoảng cách di chuyển thực sự có thể khác.', 'River Park Hotel Dalat có nhà hàng trong khuôn viên không?': 'River Park Hotel Dalat có 1 nhà hàng: Nhà hàng #1', 'Chi phí nghỉ tại River Park Hotel Dalat là bao nhiêu?': 'Giá tại River Park Hotel Dalat có thể khác nhau tùy vào kỳ nghỉ của bạn (ví dụ: ngày bạn chọn, chính sách khách sạn,v.v.). Vui lòng xem giá bằng cách nhập ngày của bạn.', 'River Park Hotel Dalat có giờ nhận và trả phòng như thế nào?': 'River Park Hotel Dalat có giờ nhận phòng từ 14:00 và giờ trả phòng trước 12:00.'}"
https://www.booking.com/hotel/vn/dalat-wonder-resort.vi.html,"{'Dalat Wonder Resort có nhà hàng trong khuôn viên không?': 'Dalat Wonder Resort có 1 nhà hàng: La Fonte', 'Dalat Wonder Resort có giờ nhận và trả phòng như thế nào?': 'Dalat Wonder Resort có giờ nhận phòng từ 14:00 và giờ trả phòng trước 12:00.', 'Dalat Wonder Resort có những loại phòng nào?': 'Lựa chọn phòng tại Dalat Wonder Resort bao gồm: Phòng giường đôi, Phòng 2 giường đơn Phòng 3 người, Suite', 'Dalat Wonder Resort có hồ bơi không?': 'Có, khách sạn này có hồ bơi. Tìm hiểu chi tiết về hồ bơi và các tiện nghi khác trong trang này.', 'Dalat Wonder Resort có phục vụ dạng bữa sáng nào?': 'Khách lưu trú tại Dalat Wonder Resort có thể tận hưởng bữa sáng được đánh giá cao trong kỳ nghỉ của họ (điểm đánh giá của khách: 5.6)\n\nLựa chọn bữa sáng bao gồm: Tự chọn', 'Chi phí nghỉ tại Dalat Wonder Resort là bao nhiêu?': 'Giá tại Dalat Wonder Resort có thể khác nhau tùy vào kỳ nghỉ của bạn (ví dụ: ngày bạn chọn, chính sách khách sạn,v.v.). Vui lòng xem giá bằng cách nhập ngày của bạn.', 'Dalat Wonder Resort có phổ biến với các gia đình không?': 'Có, Dalat Wonder Resort khá phổ biến đối với khách đặt kỳ nghỉ gia đình.', 'Tôi có thể làm gì ở Dalat Wonder Resort?': 'Dalat Wonder Resort có những hoạt động/dịch vụ sau (có thể áp dụng phí): Trung tâm Spa & chăm sóc sức khoẻTrung tâm thể dục, Phòng xông hơi, Massage, Đi bộ đường dài, Bida, Ca-nô, Phòng xông hơi ướt, Tiện nghi chơi thể thao dưới nước (trong khuôn viên)Mát-xa đầu, Hồ bơi, Mát-xa chân, Tiện Nghi Spa, Phòng gym, Mát-xa lưng, Mát-xa tay, Mát-xa dành cho cặp đôi, Khu vực thư giãn/spa lounge, Mát-xa cổ', 'Dalat Wonder Resort cách trung tâm Đà Lạt bao xa?': 'Dalat Wonder Resort cách trung tâm Đà Lạt 5 km.\nTất cả khoảng cách được đo theo đường thẳng. Khoảng cách di chuyển thực sự có thể khác.'}"
https://www.booking.com/hotel/vn/the-elite.vi.html,"{'THE ELITE HOTEL cách trung tâm Đà Lạt bao xa?': 'T, H, E E, L, I, T, E H, O, T, E, L cách trung tâm Đà Lạt 550 m.\nTất cả khoảng cách được đo theo đường thẳng. Khoảng cách di chuyển thực sự có thể khác.', 'THE ELITE HOTEL có những loại phòng nào?': 'Lựa chọn phòng tại T, H, E E, L, I, T, E H, O, T, E, L bao gồm: Phòng giường đôi, Phòng gia đình, Studio', 'Tôi có thể làm gì ở THE ELITE HOTEL?': 'T, H, E E, L, I, T, E H, O, T, E, L có những hoạt động/dịch vụ sau (có thể áp dụng phí):', 'THE ELITE HOTEL có giờ nhận và trả phòng như thế nào?': 'T, H, E E, L, I, T, E H, O, T, E, L có giờ nhận phòng từ 14:00 và giờ trả phòng trước 12:00.', 'Chi phí nghỉ tại THE ELITE HOTEL là bao nhiêu?': 'Giá tại T, H, E E, L, I, T, E H, O, T, E, L có thể khác nhau tùy vào kỳ nghỉ của bạn (ví dụ: ngày bạn chọn, chính sách khách sạn,v.v.). Vui lòng xem giá bằng cách nhập ngày của bạn.', 'THE ELITE HOTEL có phổ biến với các gia đình không?': 'Có, T, H, E E, L, I, T, E H, O, T, E, L khá phổ biến đối với khách đặt kỳ nghỉ gia đình.'}"
https://www.booking.com/hotel/vn/tulip-2.vi.html,"{'Tôi có thể làm gì ở Tulip Hotel 2?': 'Tulip Hotel 2 có những hoạt động/dịch vụ sau (có thể áp dụng phí):', 'Tulip Hotel 2 có những loại phòng nào?': 'Lựa chọn phòng tại Tulip Hotel 2 bao gồm: Phòng giường đôi, Phòng 2 giường đơn Phòng 4 người', 'Tulip Hotel 2 cách trung tâm Đà Lạt bao xa?': 'Tulip Hotel 2 cách trung tâm Đà Lạt 150 m.\nTất cả khoảng cách được đo theo đường thẳng. Khoảng cách di chuyển thực sự có thể khác.', 'Tulip Hotel 2 có giờ nhận và trả phòng như thế nào?': 'Tulip Hotel 2 có giờ nhận phòng từ 14:00 và giờ trả phòng trước 12:00.', 'Chi phí nghỉ tại Tulip Hotel 2 là bao nhiêu?': 'Giá tại Tulip Hotel 2 có thể khác nhau tùy vào kỳ nghỉ của bạn (ví dụ: ngày bạn chọn, chính sách khách sạn,v.v.). Vui lòng xem giá bằng cách nhập ngày của bạn.'}"
https://www.booking.com/hotel/vn/saigon-39-s-book.vi.html,"{'Capital O 585 Saigon Book Da Lat Hotel có giờ nhận và trả phòng như thế nào?': 'Capital O 585 Saigon Book Da Lat Hotel có giờ nhận phòng từ 14:00 và giờ trả phòng trước 12:00.', 'Capital O 585 Saigon Book Da Lat Hotel có những loại phòng nào?': 'Lựa chọn phòng tại Capital O 585 Saigon Book Da Lat Hotel bao gồm: Phòng 2 giường đơn Phòng giường đôi, Phòng đơn, Suite', 'Capital O 585 Saigon Book Da Lat Hotel cách trung tâm Đà Lạt bao xa?': 'Capital O 585 Saigon Book Da Lat Hotel cách trung tâm Đà Lạt 2,6 km.\nTất cả khoảng cách được đo theo đường thẳng. Khoảng cách di chuyển thực sự có thể khác.', 'Chi phí nghỉ tại Capital O 585 Saigon Book Da Lat Hotel là bao nhiêu?': 'Giá tại Capital O 585 Saigon Book Da Lat Hotel có thể khác nhau tùy vào kỳ nghỉ của bạn (ví dụ: ngày bạn chọn, chính sách khách sạn,v.v.). Vui lòng xem giá bằng cách nhập ngày của bạn.', 'Tôi có thể làm gì ở Capital O 585 Saigon Book Da Lat Hotel?': 'Capital O 585 Saigon Book Da Lat Hotel có những hoạt động/dịch vụ sau (có thể áp dụng phí):'}"
https://www.booking.com/hotel/vn/dang-uyen.vi.html,"{'Dang Uyen 1 Hotel có những loại phòng nào?': 'Lựa chọn phòng tại Dang Uyen 1 Hotel bao gồm: Phòng giường đôi, Phòng 4 người, Phòng gia đình', 'Chi phí nghỉ tại Dang Uyen 1 Hotel là bao nhiêu?': 'Giá tại Dang Uyen 1 Hotel có thể khác nhau tùy vào kỳ nghỉ của bạn (ví dụ: ngày bạn chọn, chính sách khách sạn,v.v.). Vui lòng xem giá bằng cách nhập ngày của bạn.', 'Tôi có thể làm gì ở Dang Uyen 1 Hotel?': 'Dang Uyen 1 Hotel có những hoạt động/dịch vụ sau (có thể áp dụng phí): Tour đi bộ, Cho thuê xe đạp, Tour đi xe đạp', 'Dang Uyen 1 Hotel có giờ nhận và trả phòng như thế nào?': 'Dang Uyen 1 Hotel có giờ nhận phòng từ 12:00 và giờ trả phòng trước 11:30.', 'Dang Uyen 1 Hotel cách trung tâm Đà Lạt bao xa?': 'Dang Uyen 1 Hotel cách trung tâm Đà Lạt 1,1 km.\nTất cả khoảng cách được đo theo đường thẳng. Khoảng cách di chuyển thực sự có thể khác.'}"
https://www.booking.com/hotel/vn/sunset-hill.vi.html,"{'Sunset Hill Dalat cách trung tâm Đà Lạt bao xa?': 'Sunset Hill Dalat cách trung tâm Đà Lạt 2,7 km.\nTất cả khoảng cách được đo theo đường thẳng. Khoảng cách di chuyển thực sự có thể khác.', 'Sunset Hill Dalat có những loại phòng nào?': 'Lựa chọn phòng tại Sunset Hill Dalat bao gồm: Phòng giường đôi, Phòng 3 người, Phòng gia đình', 'Chi phí nghỉ tại Sunset Hill Dalat là bao nhiêu?': 'Giá tại Sunset Hill Dalat có thể khác nhau tùy vào kỳ nghỉ của bạn (ví dụ: ngày bạn chọn, chính sách khách sạn,v.v.). Vui lòng xem giá bằng cách nhập ngày của bạn.', 'Sunset Hill Dalat có phổ biến với các gia đình không?': 'Có, Sunset Hill Dalat khá phổ biến đối với khách đặt kỳ nghỉ gia đình.', 'Sunset Hill Dalat có giờ nhận và trả phòng như thế nào?': 'Sunset Hill Dalat có giờ nhận phòng từ 14:00 và giờ trả phòng trước 12:00.', 'Tôi có thể làm gì ở Sunset Hill Dalat?': 'Sunset Hill Dalat có những hoạt động/dịch vụ sau (có thể áp dụng phí): Sân gôn (trong vòng 3km)'}"
https://www.booking.com/hotel/vn/anh-phuong-dalat.vi.html,"{'Ánh Phương Hotel Đà Lạt cách trung tâm Đà Lạt bao xa?': 'Ánh Phương Hotel Đà Lạt cách trung tâm Đà Lạt 1,4 km.\nTất cả khoảng cách được đo theo đường thẳng. Khoảng cách di chuyển thực sự có thể khác.', 'Chi phí nghỉ tại Ánh Phương Hotel Đà Lạt là bao nhiêu?': 'Giá tại Ánh Phương Hotel Đà Lạt có thể khác nhau tùy vào kỳ nghỉ của bạn (ví dụ: ngày bạn chọn, chính sách khách sạn,v.v.). Vui lòng xem giá bằng cách nhập ngày của bạn.', 'Tôi có thể làm gì ở Ánh Phương Hotel Đà Lạt?': 'Ánh Phương Hotel Đà Lạt có những hoạt động/dịch vụ sau (có thể áp dụng phí):', 'Ánh Phương Hotel Đà Lạt có giờ nhận và trả phòng như thế nào?': 'Ánh Phương Hotel Đà Lạt có giờ nhận phòng từ 14:00 và giờ trả phòng trước 12:00.', 'Ánh Phương Hotel Đà Lạt có những loại phòng nào?': 'Lựa chọn phòng tại Ánh Phương Hotel Đà Lạt bao gồm: Phòng giường đôi, Phòng 4 người', 'Ánh Phương Hotel Đà Lạt có phổ biến với các gia đình không?': 'Có, Ánh Phương Hotel Đà Lạt khá phổ biến đối với khách đặt kỳ nghỉ gia đình.'}"
https://www.booking.com/hotel/vn/grey-house.vi.html,"{'Chi phí nghỉ tại Grey House là bao nhiêu?': 'Giá tại Grey House có thể khác nhau tùy vào kỳ nghỉ của bạn (ví dụ: ngày bạn chọn, chính sách khách sạn,v.v.). Vui lòng xem giá bằng cách nhập ngày của bạn.', 'Tôi có thể làm gì ở Grey House?': 'Grey House có những hoạt động/dịch vụ sau (có thể áp dụng phí):', 'Grey House có những loại phòng nào?': 'Lựa chọn phòng tại Grey House bao gồm: Phòng giường đôi, Phòng 4 người', 'Grey House có giờ nhận và trả phòng như thế nào?': 'Grey House có giờ nhận phòng từ 13:00 và giờ trả phòng trước 12:00.', 'Grey House cách trung tâm Đà Lạt bao xa?': 'Grey House cách trung tâm Đà Lạt 1,2 km.\nTất cả khoảng cách được đo theo đường thẳng. Khoảng cách di chuyển thực sự có thể khác.'}"
https://www.booking.com/hotel/vn/pi-hostel.vi.html,"{'Pi Boutique Hostel cách trung tâm Đà Lạt bao xa?': 'Pi Boutique Hostel cách trung tâm Đà Lạt 500 m.\nTất cả khoảng cách được đo theo đường thẳng. Khoảng cách di chuyển thực sự có thể khác.', 'Pi Boutique Hostel có những loại phòng nào?': 'Lựa chọn phòng tại Pi Boutique Hostel bao gồm: Giường trong phòng tập thể, Phòng giường đôi, Phòng 2 giường đơn Phòng 4 người, Phòng gia đình, Suite', 'Pi Boutique Hostel có phục vụ dạng bữa sáng nào?': 'Khách lưu trú tại Pi Boutique Hostel có thể tận hưởng bữa sáng được đánh giá cao trong kỳ nghỉ của họ (điểm đánh giá của khách: 5.5)\n\nLựa chọn bữa sáng bao gồm: Tự chọn', 'Chi phí nghỉ tại Pi Boutique Hostel là bao nhiêu?': 'Giá tại Pi Boutique Hostel có thể khác nhau tùy vào kỳ nghỉ của bạn (ví dụ: ngày bạn chọn, chính sách khách sạn,v.v.). Vui lòng xem giá bằng cách nhập ngày của bạn.', 'Pi Boutique Hostel có giờ nhận và trả phòng như thế nào?': 'Pi Boutique Hostel có giờ nhận phòng từ 14:00 và giờ trả phòng trước 12:00.', 'Tôi có thể làm gì ở Pi Boutique Hostel?': 'Pi Boutique Hostel có những hoạt động/dịch vụ sau (có thể áp dụng phí): Trung tâm thể dục, Giải trí buổi tối, Phòng gym, Cho thuê xe đạp'}"
https://www.booking.com/hotel/vn/dalat-family-house-thanh-pho-da-lat.vi.html,"{'Bao nhiêu khách có thể lưu trú tại Dalat Family House?': 'Bạn có thể chọn từ nhiều lựa chọn chỗ nghỉ tại Dalat Family House (tùy vào tình trạng có sẵn). Những chỗ này có thể tiếp đón: 4 khách6 khách8 khách\n\nĐể biết thêm thông tin, vui lòng kiểm tra chi tiết (các) lựa chọn chỗ nghỉ ở trang này.', 'Dalat Family House có bao nhiêu phòng ngủ?': 'Bạn có thể chọn từ nhiều lựa chọn chỗ nghỉ tại Dalat Family House (tùy vào tình trạng có sẵn). Những chỗ này có: 1 phòng ngủ2 phòng ngủ3 phòng ngủ\n\nĐể biết thêm thông tin, vui lòng kiểm tra chi tiết (các) lựa chọn chỗ nghỉ ở trang này.', 'Dalat Family House cách trung tâm Đà Lạt bao xa?': 'Dalat Family House cách trung tâm Đà Lạt 1,9 km.\nTất cả khoảng cách được đo theo đường thẳng. Khoảng cách di chuyển thực sự có thể khác.', 'Chi phí nghỉ tại Dalat Family House là bao nhiêu?': 'Giá tại Dalat Family House có thể khác nhau tùy vào kỳ nghỉ của bạn (ví dụ: ngày bạn chọn, chính sách khách sạn,v.v.). Vui lòng xem giá bằng cách nhập ngày của bạn.', 'Dalat Family House có giờ nhận và trả phòng như thế nào?': 'Dalat Family House có giờ nhận phòng từ 14:00 và giờ trả phòng trước 12:00.', 'Dalat Family House có ban công không?': 'Có, nhiều lựa chọn tại chỗ nghỉ này có ban công. Bạn có thể tìm hiểu thêm về điều này và các tiện nghi khác tại Dalat Family House trên trang này.', 'Dalat Family House có phổ biến với các gia đình không?': 'Có, Dalat Family House khá phổ biến đối với khách đặt kỳ nghỉ gia đình.', 'Tôi có thể làm gì ở Dalat Family House?': 'Dalat Family House có những hoạt động/dịch vụ sau (có thể áp dụng phí):'}"
https://www.booking.com/hotel/vn/khanh-an-thanh-pho-da-lat.vi.html,"{'KHÁNH AN HOTEL có giờ nhận và trả phòng như thế nào?': 'K, HÁ, N, H A, N H, O, T, E, L có giờ nhận phòng từ 14:00 và giờ trả phòng trước 12:00.', 'KHÁNH AN HOTEL có phổ biến với các gia đình không?': 'Có, K, HÁ, N, H A, N H, O, T, E, L khá phổ biến đối với khách đặt kỳ nghỉ gia đình.', 'Chi phí nghỉ tại KHÁNH AN HOTEL là bao nhiêu?': 'Giá tại K, HÁ, N, H A, N H, O, T, E, L có thể khác nhau tùy vào kỳ nghỉ của bạn (ví dụ: ngày bạn chọn, chính sách khách sạn,v.v.). Vui lòng xem giá bằng cách nhập ngày của bạn.', 'Tôi có thể làm gì ở KHÁNH AN HOTEL?': 'K, HÁ, N, H A, N H, O, T, E, L có những hoạt động/dịch vụ sau (có thể áp dụng phí):', 'KHÁNH AN HOTEL cách trung tâm Đà Lạt bao xa?': 'K, HÁ, N, H A, N H, O, T, E, L cách trung tâm Đà Lạt 450 m.\nTất cả khoảng cách được đo theo đường thẳng. Khoảng cách di chuyển thực sự có thể khác.', 'KHÁNH AN HOTEL có những loại phòng nào?': 'Lựa chọn phòng tại K, HÁ, N, H A, N H, O, T, E, L bao gồm: Phòng giường đôi, Phòng 4 người, Biệt thự'}"
https://www.booking.com/hotel/vn/the-luxe-da-lat.vi.html,"{'Chi phí nghỉ tại The Luxe Da Lat là bao nhiêu?': 'Giá tại The Luxe Da Lat có thể khác nhau tùy vào kỳ nghỉ của bạn (ví dụ: ngày bạn chọn, chính sách khách sạn,v.v.). Vui lòng xem giá bằng cách nhập ngày của bạn.', 'The Luxe Da Lat có phổ biến với các gia đình không?': 'Có, The Luxe Da Lat khá phổ biến đối với khách đặt kỳ nghỉ gia đình.', 'Tôi có thể làm gì ở The Luxe Da Lat?': 'The Luxe Da Lat có những hoạt động/dịch vụ sau (có thể áp dụng phí):', 'The Luxe Da Lat có những loại phòng nào?': 'Lựa chọn phòng tại The Luxe Da Lat bao gồm: Phòng giường đôi, Phòng gia đình, Suite, Căn hộPhòng 4 người', 'The Luxe Da Lat có nhà hàng trong khuôn viên không?': 'The Luxe Da Lat có 1 nhà hàng: Nhà hàng #1', 'The Luxe Da Lat cách trung tâm Đà Lạt bao xa?': 'The Luxe Da Lat cách trung tâm Đà Lạt 1,8 km.\nTất cả khoảng cách được đo theo đường thẳng. Khoảng cách di chuyển thực sự có thể khác.', 'The Luxe Da Lat có giờ nhận và trả phòng như thế nào?': 'The Luxe Da Lat có giờ nhận phòng từ 14:00 và giờ trả phòng trước 12:00.'}"
https://www.booking.com/hotel/vn/lung-chung-house.vi.html,"{'Tôi có thể làm gì ở Lưng Chừng House?': 'Lưng Chừng House có những hoạt động/dịch vụ sau (có thể áp dụng phí): Phòng tắm chung', 'Chi phí nghỉ tại Lưng Chừng House là bao nhiêu?': 'Giá tại Lưng Chừng House có thể khác nhau tùy vào kỳ nghỉ của bạn (ví dụ: ngày bạn chọn, chính sách khách sạn,v.v.). Vui lòng xem giá bằng cách nhập ngày của bạn.', 'Lưng Chừng House có giờ nhận và trả phòng như thế nào?': 'Lưng Chừng House có giờ nhận phòng từ 14:00 và giờ trả phòng trước 12:00.', 'Lưng Chừng House cách trung tâm Đà Lạt bao xa?': 'Lưng Chừng House cách trung tâm Đà Lạt 10 km.\nTất cả khoảng cách được đo theo đường thẳng. Khoảng cách di chuyển thực sự có thể khác.'}"
https://www.booking.com/hotel/vn/mr-peace-backpacker-39-s-hostel.vi.html,"{""Dalat Mr Peace Backpacker's có giờ nhận và trả phòng như thế nào?"": ""Dalat Mr Peace Backpacker's có giờ nhận phòng từ 14:00 và giờ trả phòng trước 11:30."", ""Dalat Mr Peace Backpacker's có nhà hàng trong khuôn viên không?"": ""Dalat Mr Peace Backpacker's có 1 nhà hàng: Restaurant #1"", ""Dalat Mr Peace Backpacker's có phục vụ dạng bữa sáng nào?"": ""Khách lưu trú tại Dalat Mr Peace Backpacker's có thể tận hưởng bữa sáng được đánh giá cao trong kỳ nghỉ của họ (điểm đánh giá của khách: 7.5)\n\nLựa chọn bữa sáng bao gồm: Thực đơn chay, Thực đơn chay không trứng, sữa, Kiểu Á, Gọi món (à la carte)Bữa sáng mang đi"", ""Tôi có thể làm gì ở Dalat Mr Peace Backpacker's?"": ""Dalat Mr Peace Backpacker's có những hoạt động/dịch vụ sau (có thể áp dụng phí): Xe đạp, Đi bộ đường dài, Bida, Phòng chơi game, Bóng bàn, Ca-nô, Karaoke, Sân gôn (trong vòng 3km)Giải trí buổi tối, Phòng tắm nắng, Triển lãm tranh đương đại, Giờ vàng, Tour đi xe đạp, Nhân viên Giải trí, Nhảy/khám phá bar, Tour/lớp về văn hóa địa phương, Đêm phim, Vũ trường/D, J, Bữa tối theo chủ đề, Lớp dạy nấu ăn, Hài độc thoại, Tour đi bộ"", ""Dalat Mr Peace Backpacker's cách trung tâm Đà Lạt bao xa?"": ""Dalat Mr Peace Backpacker's cách trung tâm Đà Lạt 1 km.\nTất cả khoảng cách được đo theo đường thẳng. Khoảng cách di chuyển thực sự có thể khác."", ""Chi phí nghỉ tại Dalat Mr Peace Backpacker's là bao nhiêu?"": ""Giá tại Dalat Mr Peace Backpacker's có thể khác nhau tùy vào kỳ nghỉ của bạn (ví dụ: ngày bạn chọn, chính sách khách sạn,v.v.). Vui lòng xem giá bằng cách nhập ngày của bạn.""}"
https://www.booking.com/hotel/vn/da-lat-cao-nguyen.vi.html,"{'Đà Lạt Cao Nguyên Hotel có giờ nhận và trả phòng như thế nào?': 'Đà Lạt Cao Nguyên Hotel có giờ nhận phòng từ 14:00 và giờ trả phòng trước 12:00.', 'Chi phí nghỉ tại Đà Lạt Cao Nguyên Hotel là bao nhiêu?': 'Giá tại Đà Lạt Cao Nguyên Hotel có thể khác nhau tùy vào kỳ nghỉ của bạn (ví dụ: ngày bạn chọn, chính sách khách sạn,v.v.). Vui lòng xem giá bằng cách nhập ngày của bạn.', 'Tôi có thể làm gì ở Đà Lạt Cao Nguyên Hotel?': 'Đà Lạt Cao Nguyên Hotel có những hoạt động/dịch vụ sau (có thể áp dụng phí):', 'Đà Lạt Cao Nguyên Hotel có những loại phòng nào?': 'Lựa chọn phòng tại Đà Lạt Cao Nguyên Hotel bao gồm: Phòng 4 người, Phòng 3 người, Phòng giường đôi, Phòng 2 giường đơn ', 'Đà Lạt Cao Nguyên Hotel cách trung tâm Đà Lạt bao xa?': 'Đà Lạt Cao Nguyên Hotel cách trung tâm Đà Lạt 2,7 km.\nTất cả khoảng cách được đo theo đường thẳng. Khoảng cách di chuyển thực sự có thể khác.'}"
https://www.booking.com/hotel/vn/new-sleep-in-dalat-hostel.vi.html,"{'New Sleep in Dalat Hostel có giờ nhận và trả phòng như thế nào?': 'New Sleep in Dalat Hostel có giờ nhận phòng từ 12:00 và giờ trả phòng trước 11:00.', 'New Sleep in Dalat Hostel cách trung tâm Đà Lạt bao xa?': 'New Sleep in Dalat Hostel cách trung tâm Đà Lạt 650 m.\nTất cả khoảng cách được đo theo đường thẳng. Khoảng cách di chuyển thực sự có thể khác.', 'Chi phí nghỉ tại New Sleep in Dalat Hostel là bao nhiêu?': 'Giá tại New Sleep in Dalat Hostel có thể khác nhau tùy vào kỳ nghỉ của bạn (ví dụ: ngày bạn chọn, chính sách khách sạn,v.v.). Vui lòng xem giá bằng cách nhập ngày của bạn.', 'Tôi có thể làm gì ở New Sleep in Dalat Hostel?': 'New Sleep in Dalat Hostel có những hoạt động/dịch vụ sau (có thể áp dụng phí):'}"
https://www.booking.com/hotel/vn/mon-bac-homestay.vi.html,"{'Môn Bạc Home cách trung tâm Đà Lạt bao xa?': 'Môn Bạc Home cách trung tâm Đà Lạt 3,1 km.\nTất cả khoảng cách được đo theo đường thẳng. Khoảng cách di chuyển thực sự có thể khác.', 'Tôi có thể làm gì ở Môn Bạc Home?': 'Môn Bạc Home có những hoạt động/dịch vụ sau (có thể áp dụng phí): Đi bộ đường dài, Sân chơi trẻ em, Phòng chơi game, Phi tiêu, Giải trí buổi tối, Bữa tối theo chủ đề, Sự kiện thể thao (truyền hình trực tiếp)Đêm phim, Tour/lớp về văn hóa địa phương, Triển lãm tranh đương đại, Tour đi bộ', 'Môn Bạc Home có giờ nhận và trả phòng như thế nào?': 'Môn Bạc Home có giờ nhận phòng từ 14:00 và giờ trả phòng trước 12:00.', 'Môn Bạc Home có phổ biến với các gia đình không?': 'Có, Môn Bạc Home khá phổ biến đối với khách đặt kỳ nghỉ gia đình.', 'Chi phí nghỉ tại Môn Bạc Home là bao nhiêu?': 'Giá tại Môn Bạc Home có thể khác nhau tùy vào kỳ nghỉ của bạn (ví dụ: ngày bạn chọn, chính sách khách sạn,v.v.). Vui lòng xem giá bằng cách nhập ngày của bạn.'}"
https://www.booking.com/hotel/vn/an-garden-dalat.vi.html,"{'Tôi có thể làm gì ở An Garden Dalat?': 'An Garden Dalat có những hoạt động/dịch vụ sau (có thể áp dụng phí): Bữa tối theo chủ đề, Phòng tắm không gian mở', 'Chi phí nghỉ tại An Garden Dalat là bao nhiêu?': 'Giá tại An Garden Dalat có thể khác nhau tùy vào kỳ nghỉ của bạn (ví dụ: ngày bạn chọn, chính sách khách sạn,v.v.). Vui lòng xem giá bằng cách nhập ngày của bạn.', 'An Garden Dalat có những loại phòng nào?': 'Lựa chọn phòng tại An Garden Dalat bao gồm: Phòng giường đôi, Phòng 4 người', 'An Garden Dalat cách trung tâm Đà Lạt bao xa?': 'An Garden Dalat cách trung tâm Đà Lạt 1,9 km.\nTất cả khoảng cách được đo theo đường thẳng. Khoảng cách di chuyển thực sự có thể khác.', 'An Garden Dalat có giờ nhận và trả phòng như thế nào?': 'An Garden Dalat có giờ nhận phòng từ 14:00 và giờ trả phòng trước 11:00.'}"
https://www.booking.com/hotel/vn/am-bung.vi.html,"{'Ấm Bụng Homestay Đà Lạt có giờ nhận và trả phòng như thế nào?': 'Ấm Bụng Homestay Đà Lạt có giờ nhận phòng từ 14:00 và giờ trả phòng trước 12:00.', 'Chi phí nghỉ tại Ấm Bụng Homestay Đà Lạt là bao nhiêu?': 'Giá tại Ấm Bụng Homestay Đà Lạt có thể khác nhau tùy vào kỳ nghỉ của bạn (ví dụ: ngày bạn chọn, chính sách khách sạn,v.v.). Vui lòng xem giá bằng cách nhập ngày của bạn.', 'Ấm Bụng Homestay Đà Lạt cách trung tâm Đà Lạt bao xa?': 'Ấm Bụng Homestay Đà Lạt cách trung tâm Đà Lạt 1,3 km.\nTất cả khoảng cách được đo theo đường thẳng. Khoảng cách di chuyển thực sự có thể khác.', 'Tôi có thể làm gì ở Ấm Bụng Homestay Đà Lạt?': 'Ấm Bụng Homestay Đà Lạt có những hoạt động/dịch vụ sau (có thể áp dụng phí):'}"
https://www.booking.com/hotel/vn/the-white.vi.html,"{'The White Hotel có giờ nhận và trả phòng như thế nào?': 'The White Hotel có giờ nhận phòng từ 14:00 và giờ trả phòng trước 12:00.', 'The White Hotel cách trung tâm Đà Lạt bao xa?': 'The White Hotel cách trung tâm Đà Lạt 250 m.\nTất cả khoảng cách được đo theo đường thẳng. Khoảng cách di chuyển thực sự có thể khác.', 'Chi phí nghỉ tại The White Hotel là bao nhiêu?': 'Giá tại The White Hotel có thể khác nhau tùy vào kỳ nghỉ của bạn (ví dụ: ngày bạn chọn, chính sách khách sạn,v.v.). Vui lòng xem giá bằng cách nhập ngày của bạn.', 'The White Hotel có những loại phòng nào?': 'Lựa chọn phòng tại The White Hotel bao gồm: Phòng giường đôi, Phòng giường đôi/2 giường đơn', 'The White Hotel có phổ biến với các gia đình không?': 'Có, The White Hotel khá phổ biến đối với khách đặt kỳ nghỉ gia đình.', 'Tôi có thể làm gì ở The White Hotel?': 'The White Hotel có những hoạt động/dịch vụ sau (có thể áp dụng phí): Tour/lớp về văn hóa địa phương'}"
https://www.booking.com/hotel/vn/sao-vang.vi.html,"{'Sao Vang Hotel có giờ nhận và trả phòng như thế nào?': 'Sao Vang Hotel có giờ nhận phòng từ 14:00 và giờ trả phòng trước 12:30.', 'Chi phí nghỉ tại Sao Vang Hotel là bao nhiêu?': 'Giá tại Sao Vang Hotel có thể khác nhau tùy vào kỳ nghỉ của bạn (ví dụ: ngày bạn chọn, chính sách khách sạn,v.v.). Vui lòng xem giá bằng cách nhập ngày của bạn.', 'Tôi có thể làm gì ở Sao Vang Hotel?': 'Sao Vang Hotel có những hoạt động/dịch vụ sau (có thể áp dụng phí):', 'Sao Vang Hotel cách trung tâm Bảo Lộc bao xa?': 'Sao Vang Hotel cách trung tâm Bảo Lộc 1,1 km.\nTất cả khoảng cách được đo theo đường thẳng. Khoảng cách di chuyển thực sự có thể khác.', 'Sao Vang Hotel có nhà hàng trong khuôn viên không?': 'Sao Vang Hotel có 1 nhà hàng: Nhà hàng ăn sáng', 'Sao Vang Hotel có những loại phòng nào?': 'Lựa chọn phòng tại Sao Vang Hotel bao gồm: Phòng 2 giường đơn Phòng giường đôi, Phòng giường đôi/2 giường đơn, Phòng 3 người, Phòng gia đình'}"
https://www.booking.com/hotel/vn/cottage-retreat-da-lat-nha-mai-tranh.vi.html,"{'Chi phí nghỉ tại Cottage Retreat DALAT là bao nhiêu?': 'Giá tại Cottage Retreat D, A, L, A, T có thể khác nhau tùy vào kỳ nghỉ của bạn (ví dụ: ngày bạn chọn, chính sách khách sạn,v.v.). Vui lòng xem giá bằng cách nhập ngày của bạn.', 'Tôi có thể làm gì ở Cottage Retreat DALAT?': 'Cottage Retreat D, A, L, A, T có những hoạt động/dịch vụ sau (có thể áp dụng phí): Tour/lớp về văn hóa địa phương', 'Cottage Retreat DALAT có giờ nhận và trả phòng như thế nào?': 'Cottage Retreat D, A, L, A, T có giờ nhận phòng từ 14:00 và giờ trả phòng trước 12:00.', 'Cottage Retreat DALAT cách trung tâm Đà Lạt bao xa?': 'Cottage Retreat D, A, L, A, T cách trung tâm Đà Lạt 1,4 km.\nTất cả khoảng cách được đo theo đường thẳng. Khoảng cách di chuyển thực sự có thể khác.', 'Cottage Retreat DALAT có những loại phòng nào?': 'Lựa chọn phòng tại Cottage Retreat D, A, L, A, T bao gồm: Bungalow, Phòng giường đôi'}"
https://www.booking.com/hotel/vn/thung-lung-kim-khue-villas.vi.html,"{'Thung Lũng Kim Khuê Villas cách trung tâm Đà Lạt bao xa?': 'Thung Lũng Kim Khuê Villas cách trung tâm Đà Lạt 600 m.\nTất cả khoảng cách được đo theo đường thẳng. Khoảng cách di chuyển thực sự có thể khác.', 'Thung Lũng Kim Khuê Villas có giờ nhận và trả phòng như thế nào?': 'Thung Lũng Kim Khuê Villas có giờ nhận phòng từ 14:00 và giờ trả phòng trước 12:00.', 'Tôi có thể làm gì ở Thung Lũng Kim Khuê Villas?': 'Thung Lũng Kim Khuê Villas có những hoạt động/dịch vụ sau (có thể áp dụng phí):', 'Chi phí nghỉ tại Thung Lũng Kim Khuê Villas là bao nhiêu?': 'Giá tại Thung Lũng Kim Khuê Villas có thể khác nhau tùy vào kỳ nghỉ của bạn (ví dụ: ngày bạn chọn, chính sách khách sạn,v.v.). Vui lòng xem giá bằng cách nhập ngày của bạn.', 'Thung Lũng Kim Khuê Villas có phổ biến với các gia đình không?': 'Có, Thung Lũng Kim Khuê Villas khá phổ biến đối với khách đặt kỳ nghỉ gia đình.', 'Thung Lũng Kim Khuê Villas có những loại phòng nào?': 'Lựa chọn phòng tại Thung Lũng Kim Khuê Villas bao gồm: Phòng giường đôi, Phòng gia đình, Phòng 3 người'}"
https://www.booking.com/hotel/vn/khach-san-nhat-quang.vi.html,"{'Nhat Quang Hotel có những loại phòng nào?': 'Lựa chọn phòng tại Nhat Quang Hotel bao gồm: Phòng giường đôi, Phòng 4 người', 'Nhat Quang Hotel có phổ biến với các gia đình không?': 'Có, Nhat Quang Hotel khá phổ biến đối với khách đặt kỳ nghỉ gia đình.', 'Nhat Quang Hotel có phục vụ dạng bữa sáng nào?': 'Khách lưu trú tại Nhat Quang Hotel có thể tận hưởng bữa sáng được đánh giá cao trong kỳ nghỉ của họ (điểm đánh giá của khách: 7.1)\n\nLựa chọn bữa sáng bao gồm: Gọi món (à la carte)', 'Nhat Quang Hotel có nhà hàng trong khuôn viên không?': 'Nhat Quang Hotel có 1 nhà hàng: Nhat Quang', 'Chi phí nghỉ tại Nhat Quang Hotel là bao nhiêu?': 'Giá tại Nhat Quang Hotel có thể khác nhau tùy vào kỳ nghỉ của bạn (ví dụ: ngày bạn chọn, chính sách khách sạn,v.v.). Vui lòng xem giá bằng cách nhập ngày của bạn.', 'Tôi có thể làm gì ở Nhat Quang Hotel?': 'Nhat Quang Hotel có những hoạt động/dịch vụ sau (có thể áp dụng phí): Sân chơi trẻ em, Triển lãm tranh đương đại', 'Nhat Quang Hotel có giờ nhận và trả phòng như thế nào?': 'Nhat Quang Hotel có giờ nhận phòng từ 14:00 và giờ trả phòng trước 12:00.', 'Nhat Quang Hotel cách trung tâm Bảo Lộc bao xa?': 'Nhat Quang Hotel cách trung tâm Bảo Lộc 1,4 km.\nTất cả khoảng cách được đo theo đường thẳng. Khoảng cách di chuyển thực sự có thể khác.'}"
https://www.booking.com/hotel/vn/hoang-vu-guest-house.vi.html,"{'Chi phí nghỉ tại Hoang Vu Guest House là bao nhiêu?': 'Giá tại Hoang Vu Guest House có thể khác nhau tùy vào kỳ nghỉ của bạn (ví dụ: ngày bạn chọn, chính sách khách sạn,v.v.). Vui lòng xem giá bằng cách nhập ngày của bạn.', 'Tôi có thể làm gì ở Hoang Vu Guest House?': 'Hoang Vu Guest House có những hoạt động/dịch vụ sau (có thể áp dụng phí):', 'Hoang Vu Guest House có những loại phòng nào?': 'Lựa chọn phòng tại Hoang Vu Guest House bao gồm: Phòng 4 người, Phòng gia đình, Phòng giường đôi', 'Hoang Vu Guest House cách trung tâm Đà Lạt bao xa?': 'Hoang Vu Guest House cách trung tâm Đà Lạt 400 m.\nTất cả khoảng cách được đo theo đường thẳng. Khoảng cách di chuyển thực sự có thể khác.', 'Hoang Vu Guest House có giờ nhận và trả phòng như thế nào?': 'Hoang Vu Guest House có giờ nhận phòng từ 14:00 và giờ trả phòng trước 12:00.'}"
https://www.booking.com/hotel/vn/romantic-house-on-a-pine-hill-dalat-thanh-pho-da-lat.vi.html,"{'Romantic house on a pine hill Dalat cách trung tâm Ấp Xuân An bao xa?': 'Romantic house on a pine hill Dalat cách trung tâm Ấp Xuân An 2 km.\nTất cả khoảng cách được đo theo đường thẳng. Khoảng cách di chuyển thực sự có thể khác.', 'Romantic house on a pine hill Dalat có ban công không?': 'Có, nhiều lựa chọn tại chỗ nghỉ này có ban công. Bạn có thể tìm hiểu thêm về điều này và các tiện nghi khác tại Romantic house on a pine hill Dalat trên trang này.', 'Romantic house on a pine hill Dalat có sân hiên không?': 'Có, nhiều lựa chọn tại chỗ nghỉ này có sân hiên. Bạn có thể tìm hiểu thêm về điều này và các tiện nghi khác tại Romantic house on a pine hill Dalat trên trang này.', 'Tôi có thể làm gì ở Romantic house on a pine hill Dalat?': 'Romantic house on a pine hill Dalat có những hoạt động/dịch vụ sau (có thể áp dụng phí): Cho thuê xe đạp', 'Romantic house on a pine hill Dalat có bao nhiêu phòng ngủ?': 'Romantic house on a pine hill Dalat có số lượng phòng ngủ như sau: 3 phòng ngủ\n\nĐể biết thêm thông tin, vui lòng kiểm tra chi tiết (các) lựa chọn chỗ nghỉ ở trang này.', 'Romantic house on a pine hill Dalat có giờ nhận và trả phòng như thế nào?': 'Romantic house on a pine hill Dalat có giờ nhận phòng từ 00:00 và giờ trả phòng trước 12:00.', 'Chi phí nghỉ tại Romantic house on a pine hill Dalat là bao nhiêu?': 'Giá tại Romantic house on a pine hill Dalat có thể khác nhau tùy vào kỳ nghỉ của bạn (ví dụ: ngày bạn chọn, chính sách khách sạn,v.v.). Vui lòng xem giá bằng cách nhập ngày của bạn.', 'Bao nhiêu khách có thể lưu trú tại Romantic house on a pine hill Dalat?': 'Romantic house on a pine hill Dalat có thể tiếp đón nhóm có số lượng như sau: 8 khách\n\nĐể biết thêm thông tin, vui lòng kiểm tra chi tiết (các) lựa chọn chỗ nghỉ ở trang này.'}"
https://www.booking.com/hotel/vn/thanh-xuan-thanh-pho-da-lat.vi.html,"{'Tôi có thể làm gì ở Thanh Xuân Hotel?': 'Thanh Xuân Hotel có những hoạt động/dịch vụ sau (có thể áp dụng phí):', 'Thanh Xuân Hotel có những loại phòng nào?': 'Lựa chọn phòng tại Thanh Xuân Hotel bao gồm: Phòng giường đôi/2 giường đơn, Phòng giường đôi, Phòng 2 giường đơn Phòng gia đình', 'Thanh Xuân Hotel cách trung tâm Đà Lạt bao xa?': 'Thanh Xuân Hotel cách trung tâm Đà Lạt 300 m.\nTất cả khoảng cách được đo theo đường thẳng. Khoảng cách di chuyển thực sự có thể khác.', 'Chi phí nghỉ tại Thanh Xuân Hotel là bao nhiêu?': 'Giá tại Thanh Xuân Hotel có thể khác nhau tùy vào kỳ nghỉ của bạn (ví dụ: ngày bạn chọn, chính sách khách sạn,v.v.). Vui lòng xem giá bằng cách nhập ngày của bạn.', 'Thanh Xuân Hotel có giờ nhận và trả phòng như thế nào?': 'Thanh Xuân Hotel có giờ nhận phòng từ 14:00 và giờ trả phòng trước 12:00.'}"
https://www.booking.com/hotel/vn/the-hobbit-bungalow.vi.html,"{'HB Bungalow cách trung tâm Đà Lạt bao xa?': 'H, B Bungalow cách trung tâm Đà Lạt 1,6 km.\nTất cả khoảng cách được đo theo đường thẳng. Khoảng cách di chuyển thực sự có thể khác.', 'Tôi có thể làm gì ở HB Bungalow?': 'H, B Bungalow có những hoạt động/dịch vụ sau (có thể áp dụng phí): Sân gôn mini, Sân gôn (trong vòng 3km)', 'HB Bungalow có phổ biến với các gia đình không?': 'Có, H, B Bungalow khá phổ biến đối với khách đặt kỳ nghỉ gia đình.', 'Chi phí nghỉ tại HB Bungalow là bao nhiêu?': 'Giá tại H, B Bungalow có thể khác nhau tùy vào kỳ nghỉ của bạn (ví dụ: ngày bạn chọn, chính sách khách sạn,v.v.). Vui lòng xem giá bằng cách nhập ngày của bạn.', 'HB Bungalow có giờ nhận và trả phòng như thế nào?': 'H, B Bungalow có giờ nhận phòng từ 12:00 và giờ trả phòng trước 10:00.', 'HB Bungalow có những loại phòng nào?': 'Lựa chọn phòng tại H, B Bungalow bao gồm: Phòng giường đôi'}"
https://www.booking.com/hotel/vn/da-tuong-villa-da-lat.vi.html,"{'Da Tuong Luxury Villa Hotel có phổ biến với các gia đình không?': 'Có, Da Tuong Luxury Villa Hotel khá phổ biến đối với khách đặt kỳ nghỉ gia đình.', 'Tôi có thể làm gì ở Da Tuong Luxury Villa Hotel?': 'Da Tuong Luxury Villa Hotel có những hoạt động/dịch vụ sau (có thể áp dụng phí):', 'Da Tuong Luxury Villa Hotel có những loại phòng nào?': 'Lựa chọn phòng tại Da Tuong Luxury Villa Hotel bao gồm: Phòng giường đôi, Suite', 'Da Tuong Luxury Villa Hotel cách trung tâm Đà Lạt bao xa?': 'Da Tuong Luxury Villa Hotel cách trung tâm Đà Lạt 1,4 km.\nTất cả khoảng cách được đo theo đường thẳng. Khoảng cách di chuyển thực sự có thể khác.', 'Da Tuong Luxury Villa Hotel có giờ nhận và trả phòng như thế nào?': 'Da Tuong Luxury Villa Hotel có giờ nhận phòng từ 14:00 và giờ trả phòng trước 12:00.', 'Chi phí nghỉ tại Da Tuong Luxury Villa Hotel là bao nhiêu?': 'Giá tại Da Tuong Luxury Villa Hotel có thể khác nhau tùy vào kỳ nghỉ của bạn (ví dụ: ngày bạn chọn, chính sách khách sạn,v.v.). Vui lòng xem giá bằng cách nhập ngày của bạn.'}"
https://www.booking.com/hotel/vn/larimar-villas-co-giang.vi.html,"{'Tôi có thể làm gì ở Larimar Villas Cô Giang?': 'Larimar Villas Cô Giang có những hoạt động/dịch vụ sau (có thể áp dụng phí):', 'Larimar Villas Cô Giang có bao nhiêu phòng ngủ?': 'Larimar Villas Cô Giang có số lượng phòng ngủ như sau: 1 phòng ngủ\n\nĐể biết thêm thông tin, vui lòng kiểm tra chi tiết (các) lựa chọn chỗ nghỉ ở trang này.', 'Larimar Villas Cô Giang cách trung tâm Đà Lạt bao xa?': 'Larimar Villas Cô Giang cách trung tâm Đà Lạt 2,5 km.\nTất cả khoảng cách được đo theo đường thẳng. Khoảng cách di chuyển thực sự có thể khác.', 'Larimar Villas Cô Giang có ban công không?': 'Có, nhiều lựa chọn tại chỗ nghỉ này có ban công. Bạn có thể tìm hiểu thêm về điều này và các tiện nghi khác tại Larimar Villas Cô Giang trên trang này.', 'Bao nhiêu khách có thể lưu trú tại Larimar Villas Cô Giang?': 'Larimar Villas Cô Giang có thể tiếp đón nhóm có số lượng như sau: 2 khách\n\nĐể biết thêm thông tin, vui lòng kiểm tra chi tiết (các) lựa chọn chỗ nghỉ ở trang này.', 'Larimar Villas Cô Giang có phổ biến với các gia đình không?': 'Có, Larimar Villas Cô Giang khá phổ biến đối với khách đặt kỳ nghỉ gia đình.', 'Chi phí nghỉ tại Larimar Villas Cô Giang là bao nhiêu?': 'Giá tại Larimar Villas Cô Giang có thể khác nhau tùy vào kỳ nghỉ của bạn (ví dụ: ngày bạn chọn, chính sách khách sạn,v.v.). Vui lòng xem giá bằng cách nhập ngày của bạn.', 'Larimar Villas Cô Giang có giờ nhận và trả phòng như thế nào?': 'Larimar Villas Cô Giang có giờ nhận phòng từ 15:00 và giờ trả phòng trước 12:00.'}"
https://www.booking.com/hotel/vn/cloud9-glamping.vi.html,"{'Chi phí nghỉ tại Cloud9 & Cloud View Glamping là bao nhiêu?': 'Giá tại Cloud9 & Cloud View Glamping có thể khác nhau tùy vào kỳ nghỉ của bạn (ví dụ: ngày bạn chọn, chính sách khách sạn,v.v.). Vui lòng xem giá bằng cách nhập ngày của bạn.', 'Cloud9 & Cloud View Glamping cách trung tâm Xuân Trường bao xa?': 'Cloud9 & Cloud View Glamping cách trung tâm Xuân Trường 2,1 km.\nTất cả khoảng cách được đo theo đường thẳng. Khoảng cách di chuyển thực sự có thể khác.', 'Cloud9 & Cloud View Glamping có nhà hàng trong khuôn viên không?': 'Cloud9 & Cloud View Glamping có 1 nhà hàng: Nhà hàng #1', 'Tôi có thể làm gì ở Cloud9 & Cloud View Glamping?': 'Cloud9 & Cloud View Glamping có những hoạt động/dịch vụ sau (có thể áp dụng phí): Karaoke', 'Cloud9 & Cloud View Glamping có giờ nhận và trả phòng như thế nào?': 'Cloud9 & Cloud View Glamping có giờ nhận phòng từ 14:00 và giờ trả phòng trước 10:00.'}"
https://www.booking.com/hotel/vn/tulip.vi.html,"{'Tulip Hotel có giờ nhận và trả phòng như thế nào?': 'Tulip Hotel có giờ nhận phòng từ 14:00 và giờ trả phòng trước 12:00.', 'Tôi có thể làm gì ở Tulip Hotel?': 'Tulip Hotel có những hoạt động/dịch vụ sau (có thể áp dụng phí):', 'Tulip Hotel cách trung tâm Đà Lạt bao xa?': 'Tulip Hotel cách trung tâm Đà Lạt 200 m.\nTất cả khoảng cách được đo theo đường thẳng. Khoảng cách di chuyển thực sự có thể khác.', 'Chi phí nghỉ tại Tulip Hotel là bao nhiêu?': 'Giá tại Tulip Hotel có thể khác nhau tùy vào kỳ nghỉ của bạn (ví dụ: ngày bạn chọn, chính sách khách sạn,v.v.). Vui lòng xem giá bằng cách nhập ngày của bạn.', 'Tulip Hotel có những loại phòng nào?': 'Lựa chọn phòng tại Tulip Hotel bao gồm: Phòng giường đôi, Phòng 2 giường đơn Phòng 4 người'}"
https://www.booking.com/hotel/vn/arapang-2-thanh-pho-da-lat.vi.html,"{'Arapang Hotel 2 có giờ nhận và trả phòng như thế nào?': 'Arapang Hotel 2 có giờ nhận phòng từ 14:00 và giờ trả phòng trước 12:00.', 'Arapang Hotel 2 cách trung tâm Đà Lạt bao xa?': 'Arapang Hotel 2 cách trung tâm Đà Lạt 250 m.\nTất cả khoảng cách được đo theo đường thẳng. Khoảng cách di chuyển thực sự có thể khác.', 'Tôi có thể làm gì ở Arapang Hotel 2?': 'Arapang Hotel 2 có những hoạt động/dịch vụ sau (có thể áp dụng phí):', 'Chi phí nghỉ tại Arapang Hotel 2 là bao nhiêu?': 'Giá tại Arapang Hotel 2 có thể khác nhau tùy vào kỳ nghỉ của bạn (ví dụ: ngày bạn chọn, chính sách khách sạn,v.v.). Vui lòng xem giá bằng cách nhập ngày của bạn.', 'Arapang Hotel 2 có những loại phòng nào?': 'Lựa chọn phòng tại Arapang Hotel 2 bao gồm: Phòng giường đôi, Phòng 4 người'}"
https://www.booking.com/hotel/vn/resort-ngoc-lan.vi.html,"{'TTC Dreamy Hill Resort - Unlimited Access to TTC World - Thung Lung Tinh Yeu cách trung tâm Đà Lạt bao xa?': 'T, T, C Dreamy Hill Resort - Unlimited Access to T, T, C World - Thung Lung Tinh Yeu cách trung tâm Đà Lạt 4 km.\nTất cả khoảng cách được đo theo đường thẳng. Khoảng cách di chuyển thực sự có thể khác.', 'Chi phí nghỉ tại TTC Dreamy Hill Resort - Unlimited Access to TTC World - Thung Lung Tinh Yeu là bao nhiêu?': 'Giá tại T, T, C Dreamy Hill Resort - Unlimited Access to T, T, C World - Thung Lung Tinh Yeu có thể khác nhau tùy vào kỳ nghỉ của bạn (ví dụ: ngày bạn chọn, chính sách khách sạn,v.v.). Vui lòng xem giá bằng cách nhập ngày của bạn.', 'TTC Dreamy Hill Resort - Unlimited Access to TTC World - Thung Lung Tinh Yeu có sân hiên không?': 'Có, nhiều lựa chọn tại chỗ nghỉ này có sân hiên. Bạn có thể tìm hiểu thêm về điều này và các tiện nghi khác tại T, T, C Dreamy Hill Resort - Unlimited Access to T, T, C World - Thung Lung Tinh Yeu trên trang này.', 'TTC Dreamy Hill Resort - Unlimited Access to TTC World - Thung Lung Tinh Yeu có bao nhiêu phòng ngủ?': 'T, T, C Dreamy Hill Resort - Unlimited Access to T, T, C World - Thung Lung Tinh Yeu có số lượng phòng ngủ như sau: 1 phòng ngủ\n\nĐể biết thêm thông tin, vui lòng kiểm tra chi tiết (các) lựa chọn chỗ nghỉ ở trang này.', 'Tôi có thể làm gì ở TTC Dreamy Hill Resort - Unlimited Access to TTC World - Thung Lung Tinh Yeu?': 'T, T, C Dreamy Hill Resort - Unlimited Access to T, T, C World - Thung Lung Tinh Yeu có những hoạt động/dịch vụ sau (có thể áp dụng phí): Trung tâm Spa & chăm sóc sức khoẻ', 'Bao nhiêu khách có thể lưu trú tại TTC Dreamy Hill Resort - Unlimited Access to TTC World - Thung Lung Tinh Yeu?': 'T, T, C Dreamy Hill Resort - Unlimited Access to T, T, C World - Thung Lung Tinh Yeu có thể tiếp đón nhóm có số lượng như sau: 2 khách\n\nĐể biết thêm thông tin, vui lòng kiểm tra chi tiết (các) lựa chọn chỗ nghỉ ở trang này.', 'TTC Dreamy Hill Resort - Unlimited Access to TTC World - Thung Lung Tinh Yeu có phổ biến với các gia đình không?': 'Có, T, T, C Dreamy Hill Resort - Unlimited Access to T, T, C World - Thung Lung Tinh Yeu khá phổ biến đối với khách đặt kỳ nghỉ gia đình.', 'TTC Dreamy Hill Resort - Unlimited Access to TTC World - Thung Lung Tinh Yeu có giờ nhận và trả phòng như thế nào?': 'T, T, C Dreamy Hill Resort - Unlimited Access to T, T, C World - Thung Lung Tinh Yeu có giờ nhận phòng từ 14:00 và giờ trả phòng trước 12:00.'}"
https://www.booking.com/hotel/vn/ttr-hillside.vi.html,"{'TTR Vincent Hotel cách trung tâm Đà Lạt bao xa?': 'T, T, R Vincent Hotel cách trung tâm Đà Lạt 1,3 km.\nTất cả khoảng cách được đo theo đường thẳng. Khoảng cách di chuyển thực sự có thể khác.', 'TTR Vincent Hotel có những loại phòng nào?': 'Lựa chọn phòng tại T, T, R Vincent Hotel bao gồm: Phòng giường đôi, Phòng gia đình', 'Chi phí nghỉ tại TTR Vincent Hotel là bao nhiêu?': 'Giá tại T, T, R Vincent Hotel có thể khác nhau tùy vào kỳ nghỉ của bạn (ví dụ: ngày bạn chọn, chính sách khách sạn,v.v.). Vui lòng xem giá bằng cách nhập ngày của bạn.', 'Tôi có thể làm gì ở TTR Vincent Hotel?': 'T, T, R Vincent Hotel có những hoạt động/dịch vụ sau (có thể áp dụng phí):', 'TTR Vincent Hotel có giờ nhận và trả phòng như thế nào?': 'T, T, R Vincent Hotel có giờ nhận phòng từ 14:00 và giờ trả phòng trước 12:00.'}"
https://www.booking.com/hotel/vn/vf-dalat.vi.html,"{'VF Hotel Dalat cách trung tâm Đà Lạt bao xa?': 'V, F Hotel Dalat cách trung tâm Đà Lạt 1,1 km.\nTất cả khoảng cách được đo theo đường thẳng. Khoảng cách di chuyển thực sự có thể khác.', 'Chi phí nghỉ tại VF Hotel Dalat là bao nhiêu?': 'Giá tại V, F Hotel Dalat có thể khác nhau tùy vào kỳ nghỉ của bạn (ví dụ: ngày bạn chọn, chính sách khách sạn,v.v.). Vui lòng xem giá bằng cách nhập ngày của bạn.', 'VF Hotel Dalat có giờ nhận và trả phòng như thế nào?': 'V, F Hotel Dalat có giờ nhận phòng từ 13:30 và giờ trả phòng trước 11:30.', 'VF Hotel Dalat có phổ biến với các gia đình không?': 'Có, V, F Hotel Dalat khá phổ biến đối với khách đặt kỳ nghỉ gia đình.', 'Tôi có thể làm gì ở VF Hotel Dalat?': 'V, F Hotel Dalat có những hoạt động/dịch vụ sau (có thể áp dụng phí):', 'VF Hotel Dalat có những loại phòng nào?': 'Lựa chọn phòng tại V, F Hotel Dalat bao gồm: Phòng giường đôi, Phòng gia đình'}"
https://www.booking.com/hotel/vn/kim-oanh-orchids-thanh-pho-da-lat.vi.html,"{'Kim Oanh Orchids Hotel cách trung tâm Đà Lạt bao xa?': 'Kim Oanh Orchids Hotel cách trung tâm Đà Lạt 200 m.\nTất cả khoảng cách được đo theo đường thẳng. Khoảng cách di chuyển thực sự có thể khác.', 'Kim Oanh Orchids Hotel có giờ nhận và trả phòng như thế nào?': 'Kim Oanh Orchids Hotel có giờ nhận phòng từ 14:00 và giờ trả phòng trước 12:00.', 'Tôi có thể làm gì ở Kim Oanh Orchids Hotel?': 'Kim Oanh Orchids Hotel có những hoạt động/dịch vụ sau (có thể áp dụng phí): Tour đi xe đạp, Cho thuê xe đạp', 'Kim Oanh Orchids Hotel có phổ biến với các gia đình không?': 'Có, Kim Oanh Orchids Hotel khá phổ biến đối với khách đặt kỳ nghỉ gia đình.', 'Kim Oanh Orchids Hotel có những loại phòng nào?': 'Lựa chọn phòng tại Kim Oanh Orchids Hotel bao gồm: Phòng giường đôi, Phòng gia đình', 'Chi phí nghỉ tại Kim Oanh Orchids Hotel là bao nhiêu?': 'Giá tại Kim Oanh Orchids Hotel có thể khác nhau tùy vào kỳ nghỉ của bạn (ví dụ: ngày bạn chọn, chính sách khách sạn,v.v.). Vui lòng xem giá bằng cách nhập ngày của bạn.'}"
https://www.booking.com/hotel/vn/tulip-3-dalat.vi.html,"{'Chi phí nghỉ tại Tulip Hotel 3 là bao nhiêu?': 'Giá tại Tulip Hotel 3 có thể khác nhau tùy vào kỳ nghỉ của bạn (ví dụ: ngày bạn chọn, chính sách khách sạn,v.v.). Vui lòng xem giá bằng cách nhập ngày của bạn.', 'Tulip Hotel 3 có giờ nhận và trả phòng như thế nào?': 'Tulip Hotel 3 có giờ nhận phòng từ 14:00 và giờ trả phòng trước 12:00.', 'Tôi có thể làm gì ở Tulip Hotel 3?': 'Tulip Hotel 3 có những hoạt động/dịch vụ sau (có thể áp dụng phí):', 'Tulip Hotel 3 cách trung tâm Đà Lạt bao xa?': 'Tulip Hotel 3 cách trung tâm Đà Lạt 350 m.\nTất cả khoảng cách được đo theo đường thẳng. Khoảng cách di chuyển thực sự có thể khác.', 'Tulip Hotel 3 có những loại phòng nào?': 'Lựa chọn phòng tại Tulip Hotel 3 bao gồm: Phòng giường đôi, Phòng 4 người, Suite, Phòng 2 giường đơn '}"
https://www.booking.com/hotel/vn/le-gia-thanh-pho-da-lat6.vi.html,"{'Chi phí nghỉ tại Le Gia Hotel là bao nhiêu?': 'Giá tại Le Gia Hotel có thể khác nhau tùy vào kỳ nghỉ của bạn (ví dụ: ngày bạn chọn, chính sách khách sạn,v.v.). Vui lòng xem giá bằng cách nhập ngày của bạn.', 'Le Gia Hotel có phổ biến với các gia đình không?': 'Có, Le Gia Hotel khá phổ biến đối với khách đặt kỳ nghỉ gia đình.', 'Le Gia Hotel có giờ nhận và trả phòng như thế nào?': 'Le Gia Hotel có giờ nhận phòng từ 14:00 và giờ trả phòng trước 12:00.', 'Le Gia Hotel cách trung tâm Đà Lạt bao xa?': 'Le Gia Hotel cách trung tâm Đà Lạt 1,2 km.\nTất cả khoảng cách được đo theo đường thẳng. Khoảng cách di chuyển thực sự có thể khác.', 'Le Gia Hotel có những loại phòng nào?': 'Lựa chọn phòng tại Le Gia Hotel bao gồm: Phòng giường đôi, Phòng gia đình', 'Tôi có thể làm gì ở Le Gia Hotel?': 'Le Gia Hotel có những hoạt động/dịch vụ sau (có thể áp dụng phí): Sân tennis, Karaoke, Sân gôn (trong vòng 3km)Cho thuê xe đạp, Tour đi xe đạp, Phòng tắm chung, Đêm phim, Nhân viên Giải trí, Bữa tối theo chủ đề, Tour đi bộ'}"
https://www.booking.com/hotel/vn/cali-nguyen.vi.html,"{'Chi phí nghỉ tại CaLi Nguyen là bao nhiêu?': 'Giá tại Ca, Li Nguyen có thể khác nhau tùy vào kỳ nghỉ của bạn (ví dụ: ngày bạn chọn, chính sách khách sạn,v.v.). Vui lòng xem giá bằng cách nhập ngày của bạn.', 'Tôi có thể làm gì ở CaLi Nguyen?': 'Ca, Li Nguyen có những hoạt động/dịch vụ sau (có thể áp dụng phí): Xe đạp, Giải trí buổi tối', 'CaLi Nguyen có giờ nhận và trả phòng như thế nào?': 'Ca, Li Nguyen có giờ nhận phòng từ 12:00 và giờ trả phòng trước 12:00.', 'CaLi Nguyen cách trung tâm Đà Lạt bao xa?': 'Ca, Li Nguyen cách trung tâm Đà Lạt 550 m.\nTất cả khoảng cách được đo theo đường thẳng. Khoảng cách di chuyển thực sự có thể khác.'}"
https://www.booking.com/hotel/vn/khach-san-lien-son-da-lat.vi.html,"{'Khách sạn Liên Sơn - Đà Lạt có những loại phòng nào?': 'Lựa chọn phòng tại Khách sạn Liên Sơn - Đà Lạt bao gồm: Phòng 4 người, Phòng giường đôi', 'Chi phí nghỉ tại Khách sạn Liên Sơn - Đà Lạt là bao nhiêu?': 'Giá tại Khách sạn Liên Sơn - Đà Lạt có thể khác nhau tùy vào kỳ nghỉ của bạn (ví dụ: ngày bạn chọn, chính sách khách sạn,v.v.). Vui lòng xem giá bằng cách nhập ngày của bạn.', 'Khách sạn Liên Sơn - Đà Lạt có giờ nhận và trả phòng như thế nào?': 'Khách sạn Liên Sơn - Đà Lạt có giờ nhận phòng từ 14:00 và giờ trả phòng trước 12:00.', 'Khách sạn Liên Sơn - Đà Lạt cách trung tâm Đà Lạt bao xa?': 'Khách sạn Liên Sơn - Đà Lạt cách trung tâm Đà Lạt 650 m.\nTất cả khoảng cách được đo theo đường thẳng. Khoảng cách di chuyển thực sự có thể khác.', 'Tôi có thể làm gì ở Khách sạn Liên Sơn - Đà Lạt?': 'Khách sạn Liên Sơn - Đà Lạt có những hoạt động/dịch vụ sau (có thể áp dụng phí): Tour đi bộ, Tour/lớp về văn hóa địa phương, Tour đi xe đạp, Lớp dạy nấu ăn'}"
https://www.booking.com/hotel/vn/ngoc-lan-villa-dalat.vi.html,"{'The Orchid Villa Dalat có phổ biến với các gia đình không?': 'Có, The Orchid Villa Dalat khá phổ biến đối với khách đặt kỳ nghỉ gia đình.', 'Chi phí nghỉ tại The Orchid Villa Dalat là bao nhiêu?': 'Giá tại The Orchid Villa Dalat có thể khác nhau tùy vào kỳ nghỉ của bạn (ví dụ: ngày bạn chọn, chính sách khách sạn,v.v.). Vui lòng xem giá bằng cách nhập ngày của bạn.', 'Tôi có thể làm gì ở The Orchid Villa Dalat?': 'The Orchid Villa Dalat có những hoạt động/dịch vụ sau (có thể áp dụng phí):', 'The Orchid Villa Dalat cách trung tâm Đà Lạt bao xa?': 'The Orchid Villa Dalat cách trung tâm Đà Lạt 1,6 km.\nTất cả khoảng cách được đo theo đường thẳng. Khoảng cách di chuyển thực sự có thể khác.', 'The Orchid Villa Dalat có nhà hàng trong khuôn viên không?': 'The Orchid Villa Dalat có 1 nhà hàng: Nhà hàng #1', 'Bao nhiêu khách có thể lưu trú tại The Orchid Villa Dalat?': 'Bạn có thể chọn từ nhiều lựa chọn chỗ nghỉ tại The Orchid Villa Dalat (tùy vào tình trạng có sẵn). Những chỗ này có thể tiếp đón: 12 khách8 khách\n\nĐể biết thêm thông tin, vui lòng kiểm tra chi tiết (các) lựa chọn chỗ nghỉ ở trang này.', 'The Orchid Villa Dalat có ban công không?': 'Có, nhiều lựa chọn tại chỗ nghỉ này có ban công. Bạn có thể tìm hiểu thêm về điều này và các tiện nghi khác tại The Orchid Villa Dalat trên trang này.', 'The Orchid Villa Dalat có giờ nhận và trả phòng như thế nào?': 'The Orchid Villa Dalat có giờ nhận phòng từ 14:00 và giờ trả phòng trước 12:00.', 'The Orchid Villa Dalat có sân hiên không?': 'Có, nhiều lựa chọn tại chỗ nghỉ này có sân hiên. Bạn có thể tìm hiểu thêm về điều này và các tiện nghi khác tại The Orchid Villa Dalat trên trang này.', 'The Orchid Villa Dalat có bao nhiêu phòng ngủ?': 'Bạn có thể chọn từ nhiều lựa chọn chỗ nghỉ tại The Orchid Villa Dalat (tùy vào tình trạng có sẵn). Những chỗ này có: 3 phòng ngủ5 phòng ngủ\n\nĐể biết thêm thông tin, vui lòng kiểm tra chi tiết (các) lựa chọn chỗ nghỉ ở trang này.'}"
https://www.booking.com/hotel/vn/an-gia-thanh-pho-da-lat.vi.html,"{'An Gia cách trung tâm Đà Lạt bao xa?': 'An Gia cách trung tâm Đà Lạt 400 m.\nTất cả khoảng cách được đo theo đường thẳng. Khoảng cách di chuyển thực sự có thể khác.', 'An Gia có giờ nhận và trả phòng như thế nào?': 'An Gia có giờ nhận phòng từ 14:00 và giờ trả phòng trước 12:00.', 'An Gia có những loại phòng nào?': 'Lựa chọn phòng tại An Gia bao gồm: Phòng giường đôi, Phòng 4 người, Studio', 'Chi phí nghỉ tại An Gia là bao nhiêu?': 'Giá tại An Gia có thể khác nhau tùy vào kỳ nghỉ của bạn (ví dụ: ngày bạn chọn, chính sách khách sạn,v.v.). Vui lòng xem giá bằng cách nhập ngày của bạn.', 'Tôi có thể làm gì ở An Gia?': 'An Gia có những hoạt động/dịch vụ sau (có thể áp dụng phí):'}"
https://www.booking.com/hotel/vn/cereja-amp-resort-dalat.vi.html,"{'Chi phí nghỉ tại CEREJA Hotel & Resort Dalat là bao nhiêu?': 'Giá tại C, E, R, E, J, A Hotel & Resort Dalat có thể khác nhau tùy vào kỳ nghỉ của bạn (ví dụ: ngày bạn chọn, chính sách khách sạn,v.v.). Vui lòng xem giá bằng cách nhập ngày của bạn.', 'CEREJA Hotel & Resort Dalat có nhà hàng trong khuôn viên không?': 'C, E, R, E, J, A Hotel & Resort Dalat có 1 nhà hàng: A, R, A, P, A, N, G R, E, S, T, A, U, R, A, N, T', 'CEREJA Hotel & Resort Dalat có phục vụ dạng bữa sáng nào?': 'Khách lưu trú tại C, E, R, E, J, A Hotel & Resort Dalat có thể tận hưởng bữa sáng được đánh giá cao trong kỳ nghỉ của họ (điểm đánh giá của khách: 7.5)\n\nLựa chọn bữa sáng bao gồm: Kiểu Á, Tự chọn, Gọi món (à la carte)', 'CEREJA Hotel & Resort Dalat cách trung tâm Đà Lạt bao xa?': 'C, E, R, E, J, A Hotel & Resort Dalat cách trung tâm Đà Lạt 6 km.\nTất cả khoảng cách được đo theo đường thẳng. Khoảng cách di chuyển thực sự có thể khác.', 'CEREJA Hotel & Resort Dalat có giờ nhận và trả phòng như thế nào?': 'C, E, R, E, J, A Hotel & Resort Dalat có giờ nhận phòng từ 14:00 và giờ trả phòng trước 12:00.', 'Tôi có thể làm gì ở CEREJA Hotel & Resort Dalat?': 'C, E, R, E, J, A Hotel & Resort Dalat có những hoạt động/dịch vụ sau (có thể áp dụng phí): Phòng xông hơi, Bồn tắm hơi/kiểu Thổ Nhĩ KỳXe đạp, Đi bộ đường dài, Sân chơi trẻ em, Câu cáCa-nô, Karaoke, Sân gôn (trong vòng 3km)Giải trí buổi tối, Tiện Nghi Spa, Tour/lớp về văn hóa địa phương, Phòng gym, Tour đi xe đạp, Phòng xông hơi ướt, Cho thuê xe đạp, Bữa tối theo chủ đề', 'CEREJA Hotel & Resort Dalat có những loại phòng nào?': 'Lựa chọn phòng tại C, E, R, E, J, A Hotel & Resort Dalat bao gồm: Phòng giường đôi, Suite, Phòng gia đình, Phòng 4 người, Phòng 2 giường đơn ', 'CEREJA Hotel & Resort Dalat có phổ biến với các gia đình không?': 'Có, C, E, R, E, J, A Hotel & Resort Dalat khá phổ biến đối với khách đặt kỳ nghỉ gia đình.'}"
https://www.booking.com/hotel/vn/moc-yen-thanh-pho-da-lat1234567891011121314151617181920.vi.html,"{'Mộc Yên Hotel có giờ nhận và trả phòng như thế nào?': 'Mộc Yên Hotel có giờ nhận phòng từ 14:00 và giờ trả phòng trước 12:00.', 'Chi phí nghỉ tại Mộc Yên Hotel là bao nhiêu?': 'Giá tại Mộc Yên Hotel có thể khác nhau tùy vào kỳ nghỉ của bạn (ví dụ: ngày bạn chọn, chính sách khách sạn,v.v.). Vui lòng xem giá bằng cách nhập ngày của bạn.', 'Mộc Yên Hotel có phổ biến với các gia đình không?': 'Có, Mộc Yên Hotel khá phổ biến đối với khách đặt kỳ nghỉ gia đình.', 'Tôi có thể làm gì ở Mộc Yên Hotel?': 'Mộc Yên Hotel có những hoạt động/dịch vụ sau (có thể áp dụng phí): Tour đi bộ, Giờ vàng, Tour đi xe đạp, Tour/lớp về văn hóa địa phương', 'Mộc Yên Hotel có những loại phòng nào?': 'Lựa chọn phòng tại Mộc Yên Hotel bao gồm: Phòng giường đôi, Phòng gia đình', 'Mộc Yên Hotel cách trung tâm Đà Lạt bao xa?': 'Mộc Yên Hotel cách trung tâm Đà Lạt 1,9 km.\nTất cả khoảng cách được đo theo đường thẳng. Khoảng cách di chuyển thực sự có thể khác.'}"
https://www.booking.com/hotel/vn/muong-thanh-da-lat.vi.html,"{'Muong Thanh Holiday Da Lat Hotel có giờ nhận và trả phòng như thế nào?': 'Muong Thanh Holiday Da Lat Hotel có giờ nhận phòng từ 14:00 và giờ trả phòng trước 12:00.', 'Muong Thanh Holiday Da Lat Hotel cách trung tâm Đà Lạt bao xa?': 'Muong Thanh Holiday Da Lat Hotel cách trung tâm Đà Lạt 200 m.\nTất cả khoảng cách được đo theo đường thẳng. Khoảng cách di chuyển thực sự có thể khác.', 'Chi phí nghỉ tại Muong Thanh Holiday Da Lat Hotel là bao nhiêu?': 'Giá tại Muong Thanh Holiday Da Lat Hotel có thể khác nhau tùy vào kỳ nghỉ của bạn (ví dụ: ngày bạn chọn, chính sách khách sạn,v.v.). Vui lòng xem giá bằng cách nhập ngày của bạn.', 'Muong Thanh Holiday Da Lat Hotel có hồ bơi không?': 'Có, khách sạn này có hồ bơi. Tìm hiểu chi tiết về hồ bơi và các tiện nghi khác trong trang này.', 'Muong Thanh Holiday Da Lat Hotel có những loại phòng nào?': 'Lựa chọn phòng tại Muong Thanh Holiday Da Lat Hotel bao gồm: Phòng giường đôi, Phòng 2 giường đơn ', 'Muong Thanh Holiday Da Lat Hotel có nhà hàng trong khuôn viên không?': 'Muong Thanh Holiday Da Lat Hotel có 1 nhà hàng: Xuan Huong', 'Tôi có thể làm gì ở Muong Thanh Holiday Da Lat Hotel?': 'Muong Thanh Holiday Da Lat Hotel có những hoạt động/dịch vụ sau (có thể áp dụng phí): Trung tâm Spa & chăm sóc sức khoẻTrung tâm thể dục, Phòng xông hơi, Massage, Hồ bơi', 'Muong Thanh Holiday Da Lat Hotel có phục vụ dạng bữa sáng nào?': 'Khách lưu trú tại Muong Thanh Holiday Da Lat Hotel có thể tận hưởng bữa sáng được đánh giá cao trong kỳ nghỉ của họ (điểm đánh giá của khách: 9.0)\n\nLựa chọn bữa sáng bao gồm: Tự chọn'}"
https://www.booking.com/hotel/vn/homestay-vuon-tung-da-lat123.vi.html,"{'Tôi có thể làm gì ở Homestay Vườn Tùng?': 'Homestay Vườn Tùng có những hoạt động/dịch vụ sau (có thể áp dụng phí):', 'Homestay Vườn Tùng có giờ nhận và trả phòng như thế nào?': 'Homestay Vườn Tùng có giờ nhận phòng từ 14:00 và giờ trả phòng trước 22:00.', 'Homestay Vườn Tùng cách trung tâm Đà Lạt bao xa?': 'Homestay Vườn Tùng cách trung tâm Đà Lạt 2,2 km.\nTất cả khoảng cách được đo theo đường thẳng. Khoảng cách di chuyển thực sự có thể khác.', 'Chi phí nghỉ tại Homestay Vườn Tùng là bao nhiêu?': 'Giá tại Homestay Vườn Tùng có thể khác nhau tùy vào kỳ nghỉ của bạn (ví dụ: ngày bạn chọn, chính sách khách sạn,v.v.). Vui lòng xem giá bằng cách nhập ngày của bạn.'}"
https://www.booking.com/hotel/vn/an-nhien-villa-thanh-pho-bao-loc.vi.html,"{'An Nhiên Villa cách trung tâm Bảo Lộc bao xa?': 'An Nhiên Villa cách trung tâm Bảo Lộc 2,6 km.\nTất cả khoảng cách được đo theo đường thẳng. Khoảng cách di chuyển thực sự có thể khác.', 'Tôi có thể làm gì ở An Nhiên Villa?': 'An Nhiên Villa có những hoạt động/dịch vụ sau (có thể áp dụng phí): Phòng xông hơi, Hồ bơi', 'An Nhiên Villa có phổ biến với các gia đình không?': 'Có, An Nhiên Villa khá phổ biến đối với khách đặt kỳ nghỉ gia đình.', 'An Nhiên Villa có giờ nhận và trả phòng như thế nào?': 'An Nhiên Villa có giờ nhận phòng từ 14:00 và giờ trả phòng trước 12:00.', 'An Nhiên Villa có những loại phòng nào?': 'Lựa chọn phòng tại An Nhiên Villa bao gồm: Phòng giường đôi, Phòng 4 người', 'An Nhiên Villa có hồ bơi không?': 'Có, khách sạn này có hồ bơi. Tìm hiểu chi tiết về hồ bơi và các tiện nghi khác trong trang này.', 'Chi phí nghỉ tại An Nhiên Villa là bao nhiêu?': 'Giá tại An Nhiên Villa có thể khác nhau tùy vào kỳ nghỉ của bạn (ví dụ: ngày bạn chọn, chính sách khách sạn,v.v.). Vui lòng xem giá bằng cách nhập ngày của bạn.'}"
https://www.booking.com/hotel/vn/roy-dala.vi.html,"{'Roy Dala Hotel có phục vụ dạng bữa sáng nào?': 'Khách lưu trú tại Roy Dala Hotel có thể tận hưởng bữa sáng được đánh giá cao trong kỳ nghỉ của họ (điểm đánh giá của khách: 7.5)\n\nLựa chọn bữa sáng bao gồm: Tự chọn, Gọi món (à la carte)', 'Roy Dala Hotel có giờ nhận và trả phòng như thế nào?': 'Roy Dala Hotel có giờ nhận phòng từ 14:00 và giờ trả phòng trước 12:00.', 'Roy Dala Hotel có những loại phòng nào?': 'Lựa chọn phòng tại Roy Dala Hotel bao gồm: Phòng giường đôi, Phòng gia đình, Suite, Phòng 2 giường đơn ', 'Tôi có thể làm gì ở Roy Dala Hotel?': 'Roy Dala Hotel có những hoạt động/dịch vụ sau (có thể áp dụng phí): Xe đạp, Sân gôn (trong vòng 3km)Tour/lớp về văn hóa địa phương, Cho thuê xe đạp', 'Roy Dala Hotel có nhà hàng trong khuôn viên không?': 'Roy Dala Hotel có 1 nhà hàng: Restaurant #1', 'Chi phí nghỉ tại Roy Dala Hotel là bao nhiêu?': 'Giá tại Roy Dala Hotel có thể khác nhau tùy vào kỳ nghỉ của bạn (ví dụ: ngày bạn chọn, chính sách khách sạn,v.v.). Vui lòng xem giá bằng cách nhập ngày của bạn.', 'Roy Dala Hotel cách trung tâm Đà Lạt bao xa?': 'Roy Dala Hotel cách trung tâm Đà Lạt 300 m.\nTất cả khoảng cách được đo theo đường thẳng. Khoảng cách di chuyển thực sự có thể khác.'}"
https://www.booking.com/hotel/vn/happy-da-lat.vi.html,"{'Nature Hotel - Win Happy có những loại phòng nào?': 'Lựa chọn phòng tại Nature Hotel - Win Happy bao gồm: Phòng giường đôi, Phòng 3 người', 'Nature Hotel - Win Happy có phổ biến với các gia đình không?': 'Có, Nature Hotel - Win Happy khá phổ biến đối với khách đặt kỳ nghỉ gia đình.', 'Tôi có thể làm gì ở Nature Hotel - Win Happy?': 'Nature Hotel - Win Happy có những hoạt động/dịch vụ sau (có thể áp dụng phí): Tour đi xe đạp, Lớp dạy nấu ăn, Tour/lớp về văn hóa địa phương, Cho thuê xe đạp', 'Chi phí nghỉ tại Nature Hotel - Win Happy là bao nhiêu?': 'Giá tại Nature Hotel - Win Happy có thể khác nhau tùy vào kỳ nghỉ của bạn (ví dụ: ngày bạn chọn, chính sách khách sạn,v.v.). Vui lòng xem giá bằng cách nhập ngày của bạn.', 'Nature Hotel - Win Happy cách trung tâm Đà Lạt bao xa?': 'Nature Hotel - Win Happy cách trung tâm Đà Lạt 300 m.\nTất cả khoảng cách được đo theo đường thẳng. Khoảng cách di chuyển thực sự có thể khác.', 'Nature Hotel - Win Happy có giờ nhận và trả phòng như thế nào?': 'Nature Hotel - Win Happy có giờ nhận phòng từ 14:00 và giờ trả phòng trước 12:00.'}"
https://www.booking.com/hotel/vn/colline.vi.html,"{'Chi phí nghỉ tại Colline Dalat là bao nhiêu?': 'Giá tại Colline Dalat có thể khác nhau tùy vào kỳ nghỉ của bạn (ví dụ: ngày bạn chọn, chính sách khách sạn,v.v.). Vui lòng xem giá bằng cách nhập ngày của bạn.', 'Colline Dalat có phục vụ dạng bữa sáng nào?': 'Khách lưu trú tại Colline Dalat có thể tận hưởng bữa sáng được đánh giá cao trong kỳ nghỉ của họ (điểm đánh giá của khách: 7.2)\n\nLựa chọn bữa sáng bao gồm: Kiểu Á, Kiểu Mỹ, Tự chọn', 'Tôi có thể làm gì ở Colline Dalat?': 'Colline Dalat có những hoạt động/dịch vụ sau (có thể áp dụng phí): Trung tâm thể dục, Sân gôn (trong vòng 3km)Phòng gym', 'Colline Dalat có những loại phòng nào?': 'Lựa chọn phòng tại Colline Dalat bao gồm: Phòng giường đôi, Phòng 2 giường đơn Phòng gia đình, Studio, Suite, Căn hộ', 'Colline Dalat cách trung tâm Đà Lạt bao xa?': 'Colline Dalat cách trung tâm Đà Lạt 250 m.\nTất cả khoảng cách được đo theo đường thẳng. Khoảng cách di chuyển thực sự có thể khác.', 'Colline Dalat có nhà hàng trong khuôn viên không?': 'Colline Dalat có 2 nhà hàng: Terrace, Salt & Soy', 'Colline Dalat có giờ nhận và trả phòng như thế nào?': 'Colline Dalat có giờ nhận phòng từ 14:00 và giờ trả phòng trước 11:30.', 'Colline Dalat có phổ biến với các gia đình không?': 'Có, Colline Dalat khá phổ biến đối với khách đặt kỳ nghỉ gia đình.'}"
https://www.booking.com/hotel/vn/goldient-boutique-thanh-pho-da-lat18.vi.html,"{'Goldient Boutique Hotel cách trung tâm Đà Lạt bao xa?': 'Goldient Boutique Hotel cách trung tâm Đà Lạt 1,9 km.\nTất cả khoảng cách được đo theo đường thẳng. Khoảng cách di chuyển thực sự có thể khác.', 'Chi phí nghỉ tại Goldient Boutique Hotel là bao nhiêu?': 'Giá tại Goldient Boutique Hotel có thể khác nhau tùy vào kỳ nghỉ của bạn (ví dụ: ngày bạn chọn, chính sách khách sạn,v.v.). Vui lòng xem giá bằng cách nhập ngày của bạn.', 'Goldient Boutique Hotel có giờ nhận và trả phòng như thế nào?': 'Goldient Boutique Hotel có giờ nhận phòng từ 14:00 và giờ trả phòng trước 12:00.', 'Goldient Boutique Hotel có những loại phòng nào?': 'Lựa chọn phòng tại Goldient Boutique Hotel bao gồm: Phòng 2 giường đơn Phòng giường đôi, Phòng 3 người, Căn hộSuite', 'Goldient Boutique Hotel có phổ biến với các gia đình không?': 'Có, Goldient Boutique Hotel khá phổ biến đối với khách đặt kỳ nghỉ gia đình.', 'Tôi có thể làm gì ở Goldient Boutique Hotel?': 'Goldient Boutique Hotel có những hoạt động/dịch vụ sau (có thể áp dụng phí): Trung tâm thể dục, Sân chơi trẻ em, Sân gôn (trong vòng 3km)Cho thuê xe đạp, Hồ bơi, Phòng gym', 'Goldient Boutique Hotel có phục vụ dạng bữa sáng nào?': 'Khách lưu trú tại Goldient Boutique Hotel có thể tận hưởng bữa sáng được đánh giá cao trong kỳ nghỉ của họ (điểm đánh giá của khách: 7.9)\n\nLựa chọn bữa sáng bao gồm: Kiểu Á, Tự chọn', 'Goldient Boutique Hotel có nhà hàng trong khuôn viên không?': 'Goldient Boutique Hotel có 1 nhà hàng: Goldient Restaurant', 'Goldient Boutique Hotel có hồ bơi không?': 'Có, khách sạn này có hồ bơi. Tìm hiểu chi tiết về hồ bơi và các tiện nghi khác trong trang này.'}"
https://www.booking.com/hotel/vn/lani-house-da-lat.vi.html,"{'Jerry House Đà Lạt có những loại phòng nào?': 'Lựa chọn phòng tại Jerry House Đà Lạt bao gồm: Phòng giường đôi, Phòng gia đình, Căn hộ', 'Jerry House Đà Lạt cách trung tâm Đà Lạt bao xa?': 'Jerry House Đà Lạt cách trung tâm Đà Lạt 1 km.\nTất cả khoảng cách được đo theo đường thẳng. Khoảng cách di chuyển thực sự có thể khác.', 'Tôi có thể làm gì ở Jerry House Đà Lạt?': 'Jerry House Đà Lạt có những hoạt động/dịch vụ sau (có thể áp dụng phí): Xe đạp', 'Chi phí nghỉ tại Jerry House Đà Lạt là bao nhiêu?': 'Giá tại Jerry House Đà Lạt có thể khác nhau tùy vào kỳ nghỉ của bạn (ví dụ: ngày bạn chọn, chính sách khách sạn,v.v.). Vui lòng xem giá bằng cách nhập ngày của bạn.', 'Jerry House Đà Lạt có giờ nhận và trả phòng như thế nào?': 'Jerry House Đà Lạt có giờ nhận phòng từ 13:00 và giờ trả phòng trước 12:00.'}"
https://www.booking.com/hotel/vn/ks-thanh-do.vi.html,"{'Thanh Do Hotel có giờ nhận và trả phòng như thế nào?': 'Thanh Do Hotel có giờ nhận phòng từ 14:00 và giờ trả phòng trước 12:00.', 'Thanh Do Hotel cách trung tâm Đà Lạt bao xa?': 'Thanh Do Hotel cách trung tâm Đà Lạt 300 m.\nTất cả khoảng cách được đo theo đường thẳng. Khoảng cách di chuyển thực sự có thể khác.', 'Chi phí nghỉ tại Thanh Do Hotel là bao nhiêu?': 'Giá tại Thanh Do Hotel có thể khác nhau tùy vào kỳ nghỉ của bạn (ví dụ: ngày bạn chọn, chính sách khách sạn,v.v.). Vui lòng xem giá bằng cách nhập ngày của bạn.', 'Tôi có thể làm gì ở Thanh Do Hotel?': 'Thanh Do Hotel có những hoạt động/dịch vụ sau (có thể áp dụng phí):', 'Thanh Do Hotel có những loại phòng nào?': 'Lựa chọn phòng tại Thanh Do Hotel bao gồm: Phòng giường đôi, Phòng gia đình, Phòng 2 giường đơn '}"
https://www.booking.com/hotel/vn/ngoc-lan.vi.html,"{'TTC Hotel - Ngoc Lan có những loại phòng nào?': 'Lựa chọn phòng tại T, T, C Hotel - Ngoc Lan bao gồm: Phòng giường đôi, Suite, Phòng 2 giường đơn ', 'TTC Hotel - Ngoc Lan có bể sục cho khách không?': 'Chỗ nghỉ có bể sục. Bạn có thể tìm hiểu thêm về điều này và các tiện nghi khác tại T, T, C Hotel - Ngoc Lan trên trang này.', 'Tôi có thể làm gì ở TTC Hotel - Ngoc Lan?': 'T, T, C Hotel - Ngoc Lan có những hoạt động/dịch vụ sau (có thể áp dụng phí): Trung tâm Spa & chăm sóc sức khoẻTrung tâm thể dục, Bồn tắm nóng/bể sục (Jacuzzi)Phòng xông hơi, Massage, Bồn tắm hơi/kiểu Thổ Nhĩ KỳCâu lạc bộ trẻ em, Tiện Nghi Spa, Phòng gửi đồ ở spa/gym, Ghế mát-xa, Khu vực thư giãn/spa lounge, Phòng gym, Phòng xông hơi ướt, Nhân viên Giải trí, Gói spa/chăm sóc sức khỏe', 'TTC Hotel - Ngoc Lan cách trung tâm Đà Lạt bao xa?': 'T, T, C Hotel - Ngoc Lan cách trung tâm Đà Lạt 250 m.\nTất cả khoảng cách được đo theo đường thẳng. Khoảng cách di chuyển thực sự có thể khác.', 'TTC Hotel - Ngoc Lan có giờ nhận và trả phòng như thế nào?': 'T, T, C Hotel - Ngoc Lan có giờ nhận phòng từ 14:00 và giờ trả phòng trước 12:00.', 'Chi phí nghỉ tại TTC Hotel - Ngoc Lan là bao nhiêu?': 'Giá tại T, T, C Hotel - Ngoc Lan có thể khác nhau tùy vào kỳ nghỉ của bạn (ví dụ: ngày bạn chọn, chính sách khách sạn,v.v.). Vui lòng xem giá bằng cách nhập ngày của bạn.', 'TTC Hotel - Ngoc Lan có nhà hàng trong khuôn viên không?': 'T, T, C Hotel - Ngoc Lan có 2 nhà hàng: Tulip, For Get Me Not'}"
https://www.booking.com/hotel/vn/mochis-mansion.vi.html,"{""Mochi's Mansion cách trung tâm Ấp Ða Thiên bao xa?"": ""Mochi's Mansion cách trung tâm Ấp Ða Thiên 750 m.\nTất cả khoảng cách được đo theo đường thẳng. Khoảng cách di chuyển thực sự có thể khác."", ""Chi phí nghỉ tại Mochi's Mansion là bao nhiêu?"": ""Giá tại Mochi's Mansion có thể khác nhau tùy vào kỳ nghỉ của bạn (ví dụ: ngày bạn chọn, chính sách khách sạn,v.v.). Vui lòng xem giá bằng cách nhập ngày của bạn."", ""Mochi's Mansion có giờ nhận và trả phòng như thế nào?"": ""Mochi's Mansion có giờ nhận phòng từ 14:00 và giờ trả phòng trước 12:00."", ""Mochi's Mansion có những loại phòng nào?"": ""Lựa chọn phòng tại Mochi's Mansion bao gồm: Phòng giường đôi, Phòng 2 giường đơn "", ""Tôi có thể làm gì ở Mochi's Mansion?"": ""Mochi's Mansion có những hoạt động/dịch vụ sau (có thể áp dụng phí):""}"
https://www.booking.com/hotel/vn/empress-dalat.vi.html,"{'Empress Dalat - Sky View Hotel cách trung tâm Đà Lạt bao xa?': 'Empress Dalat - Sky View Hotel cách trung tâm Đà Lạt 450 m.\nTất cả khoảng cách được đo theo đường thẳng. Khoảng cách di chuyển thực sự có thể khác.', 'Empress Dalat - Sky View Hotel có phổ biến với các gia đình không?': 'Có, Empress Dalat - Sky View Hotel khá phổ biến đối với khách đặt kỳ nghỉ gia đình.', 'Chi phí nghỉ tại Empress Dalat - Sky View Hotel là bao nhiêu?': 'Giá tại Empress Dalat - Sky View Hotel có thể khác nhau tùy vào kỳ nghỉ của bạn (ví dụ: ngày bạn chọn, chính sách khách sạn,v.v.). Vui lòng xem giá bằng cách nhập ngày của bạn.', 'Empress Dalat - Sky View Hotel có giờ nhận và trả phòng như thế nào?': 'Empress Dalat - Sky View Hotel có giờ nhận phòng từ 14:00 và giờ trả phòng trước 12:00.', 'Empress Dalat - Sky View Hotel có những loại phòng nào?': 'Lựa chọn phòng tại Empress Dalat - Sky View Hotel bao gồm: Phòng giường đôi, Phòng 4 người, Căn hộ', 'Tôi có thể làm gì ở Empress Dalat - Sky View Hotel?': 'Empress Dalat - Sky View Hotel có những hoạt động/dịch vụ sau (có thể áp dụng phí): Karaoke'}"
https://www.booking.com/hotel/vn/starhill.vi.html,"{'Chi phí nghỉ tại Starhill Hotel là bao nhiêu?': 'Giá tại Starhill Hotel có thể khác nhau tùy vào kỳ nghỉ của bạn (ví dụ: ngày bạn chọn, chính sách khách sạn,v.v.). Vui lòng xem giá bằng cách nhập ngày của bạn.', 'Starhill Hotel cách trung tâm Đà Lạt bao xa?': 'Starhill Hotel cách trung tâm Đà Lạt 300 m.\nTất cả khoảng cách được đo theo đường thẳng. Khoảng cách di chuyển thực sự có thể khác.', 'Tôi có thể làm gì ở Starhill Hotel?': 'Starhill Hotel có những hoạt động/dịch vụ sau (có thể áp dụng phí): Xe đạp, Đi bộ đường dài, Bowling, Karaoke, Sân gôn mini, Sân gôn (trong vòng 3km)Tour đi xe đạp, Cho thuê xe đạp, Biểu diễn/nhạc sống, Vũ trường/D, J, Tour đi bộ, Tour/lớp về văn hóa địa phương', 'Starhill Hotel có giờ nhận và trả phòng như thế nào?': 'Starhill Hotel có giờ nhận phòng từ 14:00 và giờ trả phòng trước 12:00.', 'Starhill Hotel có nhà hàng trong khuôn viên không?': 'Starhill Hotel có 1 nhà hàng: Star, Hill', 'Starhill Hotel có những loại phòng nào?': 'Lựa chọn phòng tại Starhill Hotel bao gồm: Phòng giường đôi, Phòng 2 giường đơn Suite, Phòng 4 người, Giường trong phòng tập thể'}"
https://www.booking.com/hotel/vn/khanh-hong-da-lat.vi.html,"{'Tôi có thể làm gì ở Khanh Hong Da Lat?': 'Khanh Hong Da Lat có những hoạt động/dịch vụ sau (có thể áp dụng phí): Cho thuê xe đạp', 'Khanh Hong Da Lat cách trung tâm Đà Lạt bao xa?': 'Khanh Hong Da Lat cách trung tâm Đà Lạt 450 m.\nTất cả khoảng cách được đo theo đường thẳng. Khoảng cách di chuyển thực sự có thể khác.', 'Khanh Hong Da Lat có giờ nhận và trả phòng như thế nào?': 'Khanh Hong Da Lat có giờ nhận phòng từ 12:00 và giờ trả phòng trước 12:00.', 'Chi phí nghỉ tại Khanh Hong Da Lat là bao nhiêu?': 'Giá tại Khanh Hong Da Lat có thể khác nhau tùy vào kỳ nghỉ của bạn (ví dụ: ngày bạn chọn, chính sách khách sạn,v.v.). Vui lòng xem giá bằng cách nhập ngày của bạn.', 'Khanh Hong Da Lat có những loại phòng nào?': 'Lựa chọn phòng tại Khanh Hong Da Lat bao gồm: Phòng gia đình, Phòng 4 người, Phòng giường đôi', 'Khanh Hong Da Lat có phổ biến với các gia đình không?': 'Có, Khanh Hong Da Lat khá phổ biến đối với khách đặt kỳ nghỉ gia đình.'}"
https://www.booking.com/hotel/vn/royal-dalat-dalat.vi.html,"{'Royal Dalat Hotel cách trung tâm Đà Lạt bao xa?': 'Royal Dalat Hotel cách trung tâm Đà Lạt 200 m.\nTất cả khoảng cách được đo theo đường thẳng. Khoảng cách di chuyển thực sự có thể khác.', 'Royal Dalat Hotel có giờ nhận và trả phòng như thế nào?': 'Royal Dalat Hotel có giờ nhận phòng từ 14:00 và giờ trả phòng trước 12:00.', 'Chi phí nghỉ tại Royal Dalat Hotel là bao nhiêu?': 'Giá tại Royal Dalat Hotel có thể khác nhau tùy vào kỳ nghỉ của bạn (ví dụ: ngày bạn chọn, chính sách khách sạn,v.v.). Vui lòng xem giá bằng cách nhập ngày của bạn.', 'Royal Dalat Hotel có những loại phòng nào?': 'Lựa chọn phòng tại Royal Dalat Hotel bao gồm: Phòng giường đôi, Phòng 2 giường đơn Phòng 4 người', 'Tôi có thể làm gì ở Royal Dalat Hotel?': 'Royal Dalat Hotel có những hoạt động/dịch vụ sau (có thể áp dụng phí): Sân gôn (trong vòng 3km)Cho thuê xe đạp'}"
https://www.booking.com/hotel/vn/can-ho-vip-dalat-centre.vi.html,"{'Bao nhiêu khách có thể lưu trú tại Dalat Center Residence?': 'Bạn có thể chọn từ nhiều lựa chọn chỗ nghỉ tại Dalat Center Residence (tùy vào tình trạng có sẵn). Những chỗ này có thể tiếp đón: 2 khách4 khách5 khách6 khách\n\nĐể biết thêm thông tin, vui lòng kiểm tra chi tiết (các) lựa chọn chỗ nghỉ ở trang này.', 'Dalat Center Residence có phổ biến với các gia đình không?': 'Có, Dalat Center Residence khá phổ biến đối với khách đặt kỳ nghỉ gia đình.', 'Dalat Center Residence có bao nhiêu phòng ngủ?': 'Bạn có thể chọn từ nhiều lựa chọn chỗ nghỉ tại Dalat Center Residence (tùy vào tình trạng có sẵn). Những chỗ này có: 1 phòng ngủ2 phòng ngủ3 phòng ngủ\n\nĐể biết thêm thông tin, vui lòng kiểm tra chi tiết (các) lựa chọn chỗ nghỉ ở trang này.', 'Dalat Center Residence có giờ nhận và trả phòng như thế nào?': 'Dalat Center Residence có giờ nhận phòng từ 14:00 và giờ trả phòng trước 12:00.', 'Tôi có thể làm gì ở Dalat Center Residence?': 'Dalat Center Residence có những hoạt động/dịch vụ sau (có thể áp dụng phí): Phòng xông hơi, Giải trí buổi tối, Phòng gym, Tour đi xe đạp, Vũ trường/D, J, Lớp dạy nấu ăn', 'Chi phí nghỉ tại Dalat Center Residence là bao nhiêu?': 'Giá tại Dalat Center Residence có thể khác nhau tùy vào kỳ nghỉ của bạn (ví dụ: ngày bạn chọn, chính sách khách sạn,v.v.). Vui lòng xem giá bằng cách nhập ngày của bạn.', 'Dalat Center Residence cách trung tâm Đà Lạt bao xa?': 'Dalat Center Residence cách trung tâm Đà Lạt 200 m.\nTất cả khoảng cách được đo theo đường thẳng. Khoảng cách di chuyển thực sự có thể khác.', 'Dalat Center Residence có ban công không?': 'Có, nhiều lựa chọn tại chỗ nghỉ này có ban công. Bạn có thể tìm hiểu thêm về điều này và các tiện nghi khác tại Dalat Center Residence trên trang này.'}"
https://www.booking.com/hotel/vn/moc-tra.vi.html,"{'Chi phí nghỉ tại Moc Tra Hotel là bao nhiêu?': 'Giá tại Moc Tra Hotel có thể khác nhau tùy vào kỳ nghỉ của bạn (ví dụ: ngày bạn chọn, chính sách khách sạn,v.v.). Vui lòng xem giá bằng cách nhập ngày của bạn.', 'Tôi có thể làm gì ở Moc Tra Hotel?': 'Moc Tra Hotel có những hoạt động/dịch vụ sau (có thể áp dụng phí): Sân gôn (trong vòng 3km)', 'Moc Tra Hotel có những loại phòng nào?': 'Lựa chọn phòng tại Moc Tra Hotel bao gồm: Phòng giường đôi, Phòng 4 người, Phòng gia đình', 'Moc Tra Hotel có giờ nhận và trả phòng như thế nào?': 'Moc Tra Hotel có giờ nhận phòng từ 12:00 và giờ trả phòng trước 12:00.', 'Moc Tra Hotel cách trung tâm Đà Lạt bao xa?': 'Moc Tra Hotel cách trung tâm Đà Lạt 800 m.\nTất cả khoảng cách được đo theo đường thẳng. Khoảng cách di chuyển thực sự có thể khác.'}"
https://www.booking.com/hotel/vn/dalat-lacasa-thanh-pho-da-lat.vi.html,"{'Timber Lacasa home Dalat có giờ nhận và trả phòng như thế nào?': 'Timber Lacasa home Dalat có giờ nhận phòng từ 13:00 và giờ trả phòng trước 11:30.', 'Timber Lacasa home Dalat có phổ biến với các gia đình không?': 'Có, Timber Lacasa home Dalat khá phổ biến đối với khách đặt kỳ nghỉ gia đình.', 'Chi phí nghỉ tại Timber Lacasa home Dalat là bao nhiêu?': 'Giá tại Timber Lacasa home Dalat có thể khác nhau tùy vào kỳ nghỉ của bạn (ví dụ: ngày bạn chọn, chính sách khách sạn,v.v.). Vui lòng xem giá bằng cách nhập ngày của bạn.', 'Timber Lacasa home Dalat có những loại phòng nào?': 'Lựa chọn phòng tại Timber Lacasa home Dalat bao gồm: Phòng giường đôi, Phòng 4 người', 'Tôi có thể làm gì ở Timber Lacasa home Dalat?': 'Timber Lacasa home Dalat có những hoạt động/dịch vụ sau (có thể áp dụng phí):', 'Timber Lacasa home Dalat cách trung tâm Đà Lạt bao xa?': 'Timber Lacasa home Dalat cách trung tâm Đà Lạt 650 m.\nTất cả khoảng cách được đo theo đường thẳng. Khoảng cách di chuyển thực sự có thể khác.'}"
https://www.booking.com/hotel/vn/dalat-eden-lake-resort-spa.vi.html,"{'Dalat Edensee Lake Resort & Spa có nhà hàng trong khuôn viên không?': 'Dalat Edensee Lake Resort & Spa có 2 nhà hàng: Kuckuck, Riesling', 'Dalat Edensee Lake Resort & Spa có giờ nhận và trả phòng như thế nào?': 'Dalat Edensee Lake Resort & Spa có giờ nhận phòng từ 14:00 và giờ trả phòng trước 12:00.', 'Dalat Edensee Lake Resort & Spa có phổ biến với các gia đình không?': 'Có, Dalat Edensee Lake Resort & Spa khá phổ biến đối với khách đặt kỳ nghỉ gia đình.', 'Chi phí nghỉ tại Dalat Edensee Lake Resort & Spa là bao nhiêu?': 'Giá tại Dalat Edensee Lake Resort & Spa có thể khác nhau tùy vào kỳ nghỉ của bạn (ví dụ: ngày bạn chọn, chính sách khách sạn,v.v.). Vui lòng xem giá bằng cách nhập ngày của bạn.', 'Tôi có thể làm gì ở Dalat Edensee Lake Resort & Spa?': 'Dalat Edensee Lake Resort & Spa có những hoạt động/dịch vụ sau (có thể áp dụng phí): Trung tâm Spa & chăm sóc sức khoẻTrung tâm thể dục, Phòng xông hơi, Sân chơi trẻ em, Bida, Bóng bàn, Câu cáSân tennis, Ca-nô, Sân gôn (trong vòng 3km)Giải trí buổi tối, Câu lạc bộ trẻ em, Phòng tắm nắng, Tiện Nghi Spa, Giờ vàng, Thiết bị dành cho tennis, Hồ bơi, Phòng gym, Tour đi bộ, Khu vực thư giãn/spa lounge, Bắn cung, Phòng xông hơi ướt, Dịch vụ ngâm chân', 'Dalat Edensee Lake Resort & Spa có phục vụ dạng bữa sáng nào?': 'Khách lưu trú tại Dalat Edensee Lake Resort & Spa có thể tận hưởng bữa sáng được đánh giá cao trong kỳ nghỉ của họ (điểm đánh giá của khách: 6.2)\n\nLựa chọn bữa sáng bao gồm: Kiểu lục địa, Tự chọn, Gọi món (à la carte)', 'Dalat Edensee Lake Resort & Spa có những loại phòng nào?': 'Lựa chọn phòng tại Dalat Edensee Lake Resort & Spa bao gồm: Phòng giường đôi/2 giường đơn, Suite, Biệt thự, Phòng giường đôi, Phòng 2 giường đơn Phòng 3 người, Căn hộ', 'Dalat Edensee Lake Resort & Spa cách trung tâm Đà Lạt bao xa?': 'Dalat Edensee Lake Resort & Spa cách trung tâm Đà Lạt 6 km.\nTất cả khoảng cách được đo theo đường thẳng. Khoảng cách di chuyển thực sự có thể khác.', 'Dalat Edensee Lake Resort & Spa có hồ bơi không?': 'Có, khách sạn này có hồ bơi. Tìm hiểu chi tiết về hồ bơi và các tiện nghi khác trong trang này.'}"
https://www.booking.com/hotel/vn/aha-xuan-truong-da-lat1.vi.html,"{'Xuan Truong Dalat Central cách trung tâm Đà Lạt bao xa?': 'Xuan Truong Dalat Central cách trung tâm Đà Lạt 1,9 km.\nTất cả khoảng cách được đo theo đường thẳng. Khoảng cách di chuyển thực sự có thể khác.', 'Tôi có thể làm gì ở Xuan Truong Dalat Central?': 'Xuan Truong Dalat Central có những hoạt động/dịch vụ sau (có thể áp dụng phí): Sân gôn (trong vòng 3km)Cho thuê xe đạp', 'Xuan Truong Dalat Central có những loại phòng nào?': 'Lựa chọn phòng tại Xuan Truong Dalat Central bao gồm: Phòng giường đôi, Phòng gia đình, Phòng 3 người', 'Chi phí nghỉ tại Xuan Truong Dalat Central là bao nhiêu?': 'Giá tại Xuan Truong Dalat Central có thể khác nhau tùy vào kỳ nghỉ của bạn (ví dụ: ngày bạn chọn, chính sách khách sạn,v.v.). Vui lòng xem giá bằng cách nhập ngày của bạn.', 'Xuan Truong Dalat Central có giờ nhận và trả phòng như thế nào?': 'Xuan Truong Dalat Central có giờ nhận phòng từ 14:00 và giờ trả phòng trước 12:00.'}"
https://www.booking.com/hotel/vn/golf-valley-thanh-pho-da-lat.vi.html,"{'Golf Valley Hotel có phổ biến với các gia đình không?': 'Có, Golf Valley Hotel khá phổ biến đối với khách đặt kỳ nghỉ gia đình.', 'Golf Valley Hotel có giờ nhận và trả phòng như thế nào?': 'Golf Valley Hotel có giờ nhận phòng từ 14:00 và giờ trả phòng trước 12:00.', 'Golf Valley Hotel có những loại phòng nào?': 'Lựa chọn phòng tại Golf Valley Hotel bao gồm: Phòng giường đôi, Phòng 2 giường đơn Phòng gia đình', 'Tôi có thể làm gì ở Golf Valley Hotel?': 'Golf Valley Hotel có những hoạt động/dịch vụ sau (có thể áp dụng phí): Trung tâm Spa & chăm sóc sức khoẻTrung tâm thể dục, Phòng xông hơi, Phi tiêu, Câu lạc bộ trẻ em, Phòng gym, Giờ vàng, Phòng xông hơi ướt, Đêm phim, Tiện Nghi Spa, Lớp dạy nấu ăn, Khu vực thư giãn/spa lounge, Biểu diễn/nhạc sống', 'Golf Valley Hotel có nhà hàng trong khuôn viên không?': 'Golf Valley Hotel có 1 nhà hàng: Valley Cafe', 'Chi phí nghỉ tại Golf Valley Hotel là bao nhiêu?': 'Giá tại Golf Valley Hotel có thể khác nhau tùy vào kỳ nghỉ của bạn (ví dụ: ngày bạn chọn, chính sách khách sạn,v.v.). Vui lòng xem giá bằng cách nhập ngày của bạn.', 'Golf Valley Hotel cách trung tâm Đà Lạt bao xa?': 'Golf Valley Hotel cách trung tâm Đà Lạt 450 m.\nTất cả khoảng cách được đo theo đường thẳng. Khoảng cách di chuyển thực sự có thể khác.'}"
https://www.booking.com/hotel/vn/la-pensee.vi.html,"{""La Pense'e Hotel - Dalat có giờ nhận và trả phòng như thế nào?"": ""La Pense'e Hotel - Dalat có giờ nhận phòng từ 14:00 và giờ trả phòng trước 12:00."", ""Chi phí nghỉ tại La Pense'e Hotel - Dalat là bao nhiêu?"": ""Giá tại La Pense'e Hotel - Dalat có thể khác nhau tùy vào kỳ nghỉ của bạn (ví dụ: ngày bạn chọn, chính sách khách sạn,v.v.). Vui lòng xem giá bằng cách nhập ngày của bạn."", ""La Pense'e Hotel - Dalat có những loại phòng nào?"": ""Lựa chọn phòng tại La Pense'e Hotel - Dalat bao gồm: Phòng giường đôi, Phòng gia đình"", ""Tôi có thể làm gì ở La Pense'e Hotel - Dalat?"": ""La Pense'e Hotel - Dalat có những hoạt động/dịch vụ sau (có thể áp dụng phí): Trung tâm Spa & chăm sóc sức khoẻXe đạp, Tour đi bộ, Cho thuê xe đạp"", ""La Pense'e Hotel - Dalat cách trung tâm Đà Lạt bao xa?"": ""La Pense'e Hotel - Dalat cách trung tâm Đà Lạt 2,1 km.\nTất cả khoảng cách được đo theo đường thẳng. Khoảng cách di chuyển thực sự có thể khác.""}"
https://www.booking.com/hotel/vn/quang-minh-dalat-thanh-pho-da-lat.vi.html,"{'Quang Minh Dalat Hotel có giờ nhận và trả phòng như thế nào?': 'Quang Minh Dalat Hotel có giờ nhận phòng từ 14:00 và giờ trả phòng trước 11:00.', 'Tôi có thể làm gì ở Quang Minh Dalat Hotel?': 'Quang Minh Dalat Hotel có những hoạt động/dịch vụ sau (có thể áp dụng phí):', 'Quang Minh Dalat Hotel có những loại phòng nào?': 'Lựa chọn phòng tại Quang Minh Dalat Hotel bao gồm: Phòng giường đôi, Phòng gia đình, Phòng 3 người, Phòng 4 người', 'Quang Minh Dalat Hotel cách trung tâm Đà Lạt bao xa?': 'Quang Minh Dalat Hotel cách trung tâm Đà Lạt 1,3 km.\nTất cả khoảng cách được đo theo đường thẳng. Khoảng cách di chuyển thực sự có thể khác.', 'Chi phí nghỉ tại Quang Minh Dalat Hotel là bao nhiêu?': 'Giá tại Quang Minh Dalat Hotel có thể khác nhau tùy vào kỳ nghỉ của bạn (ví dụ: ngày bạn chọn, chính sách khách sạn,v.v.). Vui lòng xem giá bằng cách nhập ngày của bạn.'}"
https://www.booking.com/hotel/vn/duong-xua-home-da-lat.vi.html,"{'Duong Xua Villa cách trung tâm Đà Lạt bao xa?': 'Duong Xua Villa cách trung tâm Đà Lạt 2,2 km.\nTất cả khoảng cách được đo theo đường thẳng. Khoảng cách di chuyển thực sự có thể khác.', 'Chi phí nghỉ tại Duong Xua Villa là bao nhiêu?': 'Giá tại Duong Xua Villa có thể khác nhau tùy vào kỳ nghỉ của bạn (ví dụ: ngày bạn chọn, chính sách khách sạn,v.v.). Vui lòng xem giá bằng cách nhập ngày của bạn.', 'Tôi có thể làm gì ở Duong Xua Villa?': 'Duong Xua Villa có những hoạt động/dịch vụ sau (có thể áp dụng phí): Xe đạp, Sân chơi trẻ em, Tour đi bộ, Cưỡi ngựa, Tour đi xe đạp, Cho thuê xe đạp, Bắn cung', 'Duong Xua Villa có giờ nhận và trả phòng như thế nào?': 'Duong Xua Villa có giờ nhận phòng từ 14:00 và giờ trả phòng trước 12:00.'}"
https://www.booking.com/hotel/vn/da-lat-teepee-homestay.vi.html,"{'Tôi có thể làm gì ở Nấp ở TEEPEE homestay?': 'Nấp ở T, E, E, P, E, E homestay có những hoạt động/dịch vụ sau (có thể áp dụng phí): Xe đạp, Đi bộ đường dài, Đêm phim, Tour đi bộ, Tour/lớp về văn hóa địa phương', 'Nấp ở TEEPEE homestay có phục vụ dạng bữa sáng nào?': 'Khách lưu trú tại Nấp ở T, E, E, P, E, E homestay có thể tận hưởng bữa sáng được đánh giá cao trong kỳ nghỉ của họ (điểm đánh giá của khách: 10.0)\n\nLựa chọn bữa sáng bao gồm: Kiểu Á, Kiểu Mỹ, Tự chọn', 'Chi phí nghỉ tại Nấp ở TEEPEE homestay là bao nhiêu?': 'Giá tại Nấp ở T, E, E, P, E, E homestay có thể khác nhau tùy vào kỳ nghỉ của bạn (ví dụ: ngày bạn chọn, chính sách khách sạn,v.v.). Vui lòng xem giá bằng cách nhập ngày của bạn.', 'Nấp ở TEEPEE homestay cách trung tâm Đà Lạt bao xa?': 'Nấp ở T, E, E, P, E, E homestay cách trung tâm Đà Lạt 1,9 km.\nTất cả khoảng cách được đo theo đường thẳng. Khoảng cách di chuyển thực sự có thể khác.', 'Nấp ở TEEPEE homestay có giờ nhận và trả phòng như thế nào?': 'Nấp ở T, E, E, P, E, E homestay có giờ nhận phòng từ 13:00 và giờ trả phòng trước 12:00.'}"
https://www.booking.com/hotel/vn/tutu-house.vi.html,"{'TUTU House cách trung tâm Đà Lạt bao xa?': 'T, U, T, U House cách trung tâm Đà Lạt 750 m.\nTất cả khoảng cách được đo theo đường thẳng. Khoảng cách di chuyển thực sự có thể khác.', 'TUTU House có những loại phòng nào?': 'Lựa chọn phòng tại T, U, T, U House bao gồm: Phòng giường đôi, Phòng gia đình, Nhà nghỉ dưỡng', 'Chi phí nghỉ tại TUTU House là bao nhiêu?': 'Giá tại T, U, T, U House có thể khác nhau tùy vào kỳ nghỉ của bạn (ví dụ: ngày bạn chọn, chính sách khách sạn,v.v.). Vui lòng xem giá bằng cách nhập ngày của bạn.', 'TUTU House có giờ nhận và trả phòng như thế nào?': 'T, U, T, U House có giờ nhận phòng từ 13:30 và giờ trả phòng trước 12:00.', 'Tôi có thể làm gì ở TUTU House?': 'T, U, T, U House có những hoạt động/dịch vụ sau (có thể áp dụng phí):'}"
https://www.booking.com/hotel/vn/mai-house-pht-da-lat.vi.html,"{'Chi phí nghỉ tại Mai House PHT Da Lat là bao nhiêu?': 'Giá tại Mai House P, H, T Da Lat có thể khác nhau tùy vào kỳ nghỉ của bạn (ví dụ: ngày bạn chọn, chính sách khách sạn,v.v.). Vui lòng xem giá bằng cách nhập ngày của bạn.', 'Mai House PHT Da Lat có những loại phòng nào?': 'Lựa chọn phòng tại Mai House P, H, T Da Lat bao gồm: Phòng giường đôi, Phòng 4 người, Phòng giường đôi/2 giường đơn', 'Mai House PHT Da Lat cách trung tâm Đà Lạt bao xa?': 'Mai House P, H, T Da Lat cách trung tâm Đà Lạt 2 km.\nTất cả khoảng cách được đo theo đường thẳng. Khoảng cách di chuyển thực sự có thể khác.', 'Tôi có thể làm gì ở Mai House PHT Da Lat?': 'Mai House P, H, T Da Lat có những hoạt động/dịch vụ sau (có thể áp dụng phí): Sân gôn (trong vòng 3km)Cho thuê xe đạp', 'Mai House PHT Da Lat có giờ nhận và trả phòng như thế nào?': 'Mai House P, H, T Da Lat có giờ nhận phòng từ 12:00 và giờ trả phòng trước 11:00.'}"
https://www.booking.com/hotel/vn/dan-chi-hotel.vi.html,"{'Dan Chi Hotel có giờ nhận và trả phòng như thế nào?': 'Dan Chi Hotel có giờ nhận phòng từ 14:00 và giờ trả phòng trước 12:00.', 'Tôi có thể làm gì ở Dan Chi Hotel?': 'Dan Chi Hotel có những hoạt động/dịch vụ sau (có thể áp dụng phí): Bồn tắm nóng/bể sục (Jacuzzi)Tour đi bộ, Tour đi xe đạp, Tour/lớp về văn hóa địa phương', 'Dan Chi Hotel cách trung tâm Đà Lạt bao xa?': 'Dan Chi Hotel cách trung tâm Đà Lạt 550 m.\nTất cả khoảng cách được đo theo đường thẳng. Khoảng cách di chuyển thực sự có thể khác.', 'Chi phí nghỉ tại Dan Chi Hotel là bao nhiêu?': 'Giá tại Dan Chi Hotel có thể khác nhau tùy vào kỳ nghỉ của bạn (ví dụ: ngày bạn chọn, chính sách khách sạn,v.v.). Vui lòng xem giá bằng cách nhập ngày của bạn.', 'Dan Chi Hotel có bể sục cho khách không?': 'Chỗ nghỉ có bể sục. Bạn có thể tìm hiểu thêm về điều này và các tiện nghi khác tại Dan Chi Hotel trên trang này.', 'Dan Chi Hotel có những loại phòng nào?': 'Lựa chọn phòng tại Dan Chi Hotel bao gồm: Phòng giường đôi, Phòng 4 người'}"
https://www.booking.com/hotel/vn/teddy-home-homestay-da-lat.vi.html,"{'Chi phí nghỉ tại Nhat Minh Hotel Dalat là bao nhiêu?': 'Giá tại Nhat Minh Hotel Dalat có thể khác nhau tùy vào kỳ nghỉ của bạn (ví dụ: ngày bạn chọn, chính sách khách sạn,v.v.). Vui lòng xem giá bằng cách nhập ngày của bạn.', 'Nhat Minh Hotel Dalat cách trung tâm Đà Lạt bao xa?': 'Nhat Minh Hotel Dalat cách trung tâm Đà Lạt 1,8 km.\nTất cả khoảng cách được đo theo đường thẳng. Khoảng cách di chuyển thực sự có thể khác.', 'Tôi có thể làm gì ở Nhat Minh Hotel Dalat?': 'Nhat Minh Hotel Dalat có những hoạt động/dịch vụ sau (có thể áp dụng phí):', 'Nhat Minh Hotel Dalat có giờ nhận và trả phòng như thế nào?': 'Nhat Minh Hotel Dalat có giờ nhận phòng từ 14:00 và giờ trả phòng trước 12:00.'}"
https://www.booking.com/hotel/vn/khach-san-mai-hoang.vi.html,"{'Mai Hoang Da Lat Hotel cách trung tâm Đà Lạt bao xa?': 'Mai Hoang Da Lat Hotel cách trung tâm Đà Lạt 950 m.\nTất cả khoảng cách được đo theo đường thẳng. Khoảng cách di chuyển thực sự có thể khác.', 'Tôi có thể làm gì ở Mai Hoang Da Lat Hotel?': 'Mai Hoang Da Lat Hotel có những hoạt động/dịch vụ sau (có thể áp dụng phí): Sân gôn (trong vòng 3km)', 'Mai Hoang Da Lat Hotel có giờ nhận và trả phòng như thế nào?': 'Mai Hoang Da Lat Hotel có giờ nhận phòng từ 14:00 và giờ trả phòng trước 12:00.', 'Chi phí nghỉ tại Mai Hoang Da Lat Hotel là bao nhiêu?': 'Giá tại Mai Hoang Da Lat Hotel có thể khác nhau tùy vào kỳ nghỉ của bạn (ví dụ: ngày bạn chọn, chính sách khách sạn,v.v.). Vui lòng xem giá bằng cách nhập ngày của bạn.', 'Mai Hoang Da Lat Hotel có những loại phòng nào?': 'Lựa chọn phòng tại Mai Hoang Da Lat Hotel bao gồm: Phòng giường đôi, Phòng 4 người', 'Mai Hoang Da Lat Hotel có nhà hàng trong khuôn viên không?': 'Mai Hoang Da Lat Hotel có 1 nhà hàng: Nhà hàng #1'}"
https://www.booking.com/hotel/vn/blue-house-thanh-pho-da-lat1.vi.html,"{'Chi phí nghỉ tại The Blue House là bao nhiêu?': 'Giá tại The Blue House có thể khác nhau tùy vào kỳ nghỉ của bạn (ví dụ: ngày bạn chọn, chính sách khách sạn,v.v.). Vui lòng xem giá bằng cách nhập ngày của bạn.', 'The Blue House có giờ nhận và trả phòng như thế nào?': 'The Blue House có giờ nhận phòng từ 14:00 và giờ trả phòng trước 12:00.', 'Tôi có thể làm gì ở The Blue House?': 'The Blue House có những hoạt động/dịch vụ sau (có thể áp dụng phí):', 'The Blue House cách trung tâm Đà Lạt bao xa?': 'The Blue House cách trung tâm Đà Lạt 850 m.\nTất cả khoảng cách được đo theo đường thẳng. Khoảng cách di chuyển thực sự có thể khác.'}"
https://www.booking.com/hotel/vn/le-ciment-apartment.vi.html,"{'Chi phí nghỉ tại LE CIMENT - Apartment Hotel là bao nhiêu?': 'Giá tại L, E C, I, M, E, N, T - Apartment Hotel có thể khác nhau tùy vào kỳ nghỉ của bạn (ví dụ: ngày bạn chọn, chính sách khách sạn,v.v.). Vui lòng xem giá bằng cách nhập ngày của bạn.', 'Bao nhiêu khách có thể lưu trú tại LE CIMENT - Apartment Hotel?': 'Bạn có thể chọn từ nhiều lựa chọn chỗ nghỉ tại L, E C, I, M, E, N, T - Apartment Hotel (tùy vào tình trạng có sẵn). Những chỗ này có thể tiếp đón: 2 khách4 khách\n\nĐể biết thêm thông tin, vui lòng kiểm tra chi tiết (các) lựa chọn chỗ nghỉ ở trang này.', 'LE CIMENT - Apartment Hotel có ban công không?': 'Có, nhiều lựa chọn tại chỗ nghỉ này có ban công. Bạn có thể tìm hiểu thêm về điều này và các tiện nghi khác tại L, E C, I, M, E, N, T - Apartment Hotel trên trang này.', 'LE CIMENT - Apartment Hotel có bao nhiêu phòng ngủ?': 'Bạn có thể chọn từ nhiều lựa chọn chỗ nghỉ tại L, E C, I, M, E, N, T - Apartment Hotel (tùy vào tình trạng có sẵn). Những chỗ này có: 1 phòng ngủ2 phòng ngủ\n\nĐể biết thêm thông tin, vui lòng kiểm tra chi tiết (các) lựa chọn chỗ nghỉ ở trang này.', 'LE CIMENT - Apartment Hotel có phổ biến với các gia đình không?': 'Có, L, E C, I, M, E, N, T - Apartment Hotel khá phổ biến đối với khách đặt kỳ nghỉ gia đình.', 'LE CIMENT - Apartment Hotel có giờ nhận và trả phòng như thế nào?': 'L, E C, I, M, E, N, T - Apartment Hotel có giờ nhận phòng từ 14:00 và giờ trả phòng trước 12:00.', 'Tôi có thể làm gì ở LE CIMENT - Apartment Hotel?': 'L, E C, I, M, E, N, T - Apartment Hotel có những hoạt động/dịch vụ sau (có thể áp dụng phí): Giải trí buổi tối', 'LE CIMENT - Apartment Hotel cách trung tâm Đà Lạt bao xa?': 'L, E C, I, M, E, N, T - Apartment Hotel cách trung tâm Đà Lạt 400 m.\nTất cả khoảng cách được đo theo đường thẳng. Khoảng cách di chuyển thực sự có thể khác.'}"
https://www.booking.com/hotel/vn/canh-dong-may-homestay.vi.html,"{'Tôi có thể làm gì ở Cánh Đồng Mây Homestay Đà Lạt?': 'Cánh Đồng Mây Homestay Đà Lạt có những hoạt động/dịch vụ sau (có thể áp dụng phí):', 'Cánh Đồng Mây Homestay Đà Lạt cách trung tâm Ấp Ða Lôc bao xa?': 'Cánh Đồng Mây Homestay Đà Lạt cách trung tâm Ấp Ða Lôc 500 m.\nTất cả khoảng cách được đo theo đường thẳng. Khoảng cách di chuyển thực sự có thể khác.', 'Cánh Đồng Mây Homestay Đà Lạt có giờ nhận và trả phòng như thế nào?': 'Cánh Đồng Mây Homestay Đà Lạt có giờ nhận phòng từ 14:00 và giờ trả phòng trước 12:00.', 'Chi phí nghỉ tại Cánh Đồng Mây Homestay Đà Lạt là bao nhiêu?': 'Giá tại Cánh Đồng Mây Homestay Đà Lạt có thể khác nhau tùy vào kỳ nghỉ của bạn (ví dụ: ngày bạn chọn, chính sách khách sạn,v.v.). Vui lòng xem giá bằng cách nhập ngày của bạn.', 'Cánh Đồng Mây Homestay Đà Lạt có những loại phòng nào?': 'Lựa chọn phòng tại Cánh Đồng Mây Homestay Đà Lạt bao gồm: Phòng giường đôi, Phòng 4 người'}"
https://www.booking.com/hotel/vn/christina-39-s-da-lat-the-green-house-2.vi.html,"{'The Green House Da Lat có phổ biến với các gia đình không?': 'Có, The Green House Da Lat khá phổ biến đối với khách đặt kỳ nghỉ gia đình.', 'The Green House Da Lat có giờ nhận và trả phòng như thế nào?': 'The Green House Da Lat có giờ nhận phòng từ 15:00 và giờ trả phòng trước 12:30.', 'Chi phí nghỉ tại The Green House Da Lat là bao nhiêu?': 'Giá tại The Green House Da Lat có thể khác nhau tùy vào kỳ nghỉ của bạn (ví dụ: ngày bạn chọn, chính sách khách sạn,v.v.). Vui lòng xem giá bằng cách nhập ngày của bạn.', 'The Green House Da Lat cách trung tâm Đà Lạt bao xa?': 'The Green House Da Lat cách trung tâm Đà Lạt 700 m.\nTất cả khoảng cách được đo theo đường thẳng. Khoảng cách di chuyển thực sự có thể khác.', 'Tôi có thể làm gì ở The Green House Da Lat?': 'The Green House Da Lat có những hoạt động/dịch vụ sau (có thể áp dụng phí): Tour/lớp về văn hóa địa phương'}"
https://www.booking.com/hotel/vn/cherry-thanh-pho-da-lat1.vi.html,"{'Chi phí nghỉ tại CHERRY HOTEL là bao nhiêu?': 'Giá tại C, H, E, R, R, Y H, O, T, E, L có thể khác nhau tùy vào kỳ nghỉ của bạn (ví dụ: ngày bạn chọn, chính sách khách sạn,v.v.). Vui lòng xem giá bằng cách nhập ngày của bạn.', 'CHERRY HOTEL cách trung tâm Đà Lạt bao xa?': 'C, H, E, R, R, Y H, O, T, E, L cách trung tâm Đà Lạt 250 m.\nTất cả khoảng cách được đo theo đường thẳng. Khoảng cách di chuyển thực sự có thể khác.', 'CHERRY HOTEL có những loại phòng nào?': 'Lựa chọn phòng tại C, H, E, R, R, Y H, O, T, E, L bao gồm: Phòng giường đôi, Phòng gia đình, Suite', 'CHERRY HOTEL có phổ biến với các gia đình không?': 'Có, C, H, E, R, R, Y H, O, T, E, L khá phổ biến đối với khách đặt kỳ nghỉ gia đình.', 'CHERRY HOTEL có giờ nhận và trả phòng như thế nào?': 'C, H, E, R, R, Y H, O, T, E, L có giờ nhận phòng từ 14:00 và giờ trả phòng trước 12:00.', 'Tôi có thể làm gì ở CHERRY HOTEL?': 'C, H, E, R, R, Y H, O, T, E, L có những hoạt động/dịch vụ sau (có thể áp dụng phí): Tour đi bộ, Cho thuê xe đạp, Tour đi xe đạp'}"
https://www.booking.com/hotel/vn/win-villa-coffee.vi.html,"{'Win Villa Coffee có giờ nhận và trả phòng như thế nào?': 'Win Villa Coffee có giờ nhận phòng từ 14:00 và giờ trả phòng trước 12:00.', 'Win Villa Coffee có nhà hàng trong khuôn viên không?': 'Win Villa Coffee có 1 nhà hàng: Nhà hàng #1', 'Win Villa Coffee có phục vụ dạng bữa sáng nào?': 'Khách lưu trú tại Win Villa Coffee có thể tận hưởng bữa sáng được đánh giá cao trong kỳ nghỉ của họ (điểm đánh giá của khách: 7.5)\n\nLựa chọn bữa sáng bao gồm: Kiểu Á', 'Chi phí nghỉ tại Win Villa Coffee là bao nhiêu?': 'Giá tại Win Villa Coffee có thể khác nhau tùy vào kỳ nghỉ của bạn (ví dụ: ngày bạn chọn, chính sách khách sạn,v.v.). Vui lòng xem giá bằng cách nhập ngày của bạn.', 'Win Villa Coffee cách trung tâm Đà Lạt bao xa?': 'Win Villa Coffee cách trung tâm Đà Lạt 2,5 km.\nTất cả khoảng cách được đo theo đường thẳng. Khoảng cách di chuyển thực sự có thể khác.', 'Tôi có thể làm gì ở Win Villa Coffee?': 'Win Villa Coffee có những hoạt động/dịch vụ sau (có thể áp dụng phí):'}"
https://www.booking.com/hotel/vn/freelance-villa.vi.html,"{'FREELANCE VILLA có ban công không?': 'Có, nhiều lựa chọn tại chỗ nghỉ này có ban công. Bạn có thể tìm hiểu thêm về điều này và các tiện nghi khác tại F, R, E, E, L, A, N, C, E V, I, L, L, A trên trang này.', 'FREELANCE VILLA có giờ nhận và trả phòng như thế nào?': 'F, R, E, E, L, A, N, C, E V, I, L, L, A có giờ nhận phòng từ 14:00 và giờ trả phòng trước 12:00.', 'Chi phí nghỉ tại FREELANCE VILLA là bao nhiêu?': 'Giá tại F, R, E, E, L, A, N, C, E V, I, L, L, A có thể khác nhau tùy vào kỳ nghỉ của bạn (ví dụ: ngày bạn chọn, chính sách khách sạn,v.v.). Vui lòng xem giá bằng cách nhập ngày của bạn.', 'Bao nhiêu khách có thể lưu trú tại FREELANCE VILLA?': 'F, R, E, E, L, A, N, C, E V, I, L, L, A có thể tiếp đón nhóm có số lượng như sau: 12 khách\n\nĐể biết thêm thông tin, vui lòng kiểm tra chi tiết (các) lựa chọn chỗ nghỉ ở trang này.', 'FREELANCE VILLA có phổ biến với các gia đình không?': 'Có, F, R, E, E, L, A, N, C, E V, I, L, L, A khá phổ biến đối với khách đặt kỳ nghỉ gia đình.', 'FREELANCE VILLA có sân hiên không?': 'Có, nhiều lựa chọn tại chỗ nghỉ này có sân hiên. Bạn có thể tìm hiểu thêm về điều này và các tiện nghi khác tại F, R, E, E, L, A, N, C, E V, I, L, L, A trên trang này.', 'Tôi có thể làm gì ở FREELANCE VILLA?': 'F, R, E, E, L, A, N, C, E V, I, L, L, A có những hoạt động/dịch vụ sau (có thể áp dụng phí):', 'FREELANCE VILLA có bao nhiêu phòng ngủ?': 'F, R, E, E, L, A, N, C, E V, I, L, L, A có số lượng phòng ngủ như sau: 4 phòng ngủ\n\nĐể biết thêm thông tin, vui lòng kiểm tra chi tiết (các) lựa chọn chỗ nghỉ ở trang này.', 'FREELANCE VILLA cách trung tâm Đà Lạt bao xa?': 'F, R, E, E, L, A, N, C, E V, I, L, L, A cách trung tâm Đà Lạt 2,6 km.\nTất cả khoảng cách được đo theo đường thẳng. Khoảng cách di chuyển thực sự có thể khác.'}"
https://www.booking.com/hotel/vn/mooka-39-s-home.vi.html,"{""Chi phí nghỉ tại Mooka 's Home (Backpackers) là bao nhiêu?"": ""Giá tại Mooka 's Home (Backpackers) có thể khác nhau tùy vào kỳ nghỉ của bạn (ví dụ: ngày bạn chọn, chính sách khách sạn,v.v.). Vui lòng xem giá bằng cách nhập ngày của bạn."", ""Mooka 's Home (Backpackers) có giờ nhận và trả phòng như thế nào?"": ""Mooka 's Home (Backpackers) có giờ nhận phòng từ 14:00 và giờ trả phòng trước 12:00."", ""Tôi có thể làm gì ở Mooka 's Home (Backpackers)?"": ""Mooka 's Home (Backpackers) có những hoạt động/dịch vụ sau (có thể áp dụng phí): Bida, Tour đi bộ, Tour đi xe đạp"", ""Mooka 's Home (Backpackers) có phục vụ dạng bữa sáng nào?"": ""Khách lưu trú tại Mooka 's Home (Backpackers) có thể tận hưởng bữa sáng được đánh giá cao trong kỳ nghỉ của họ (điểm đánh giá của khách: 9.4)\n\nLựa chọn bữa sáng bao gồm: Thực đơn chay, Kiểu Mỹ"", ""Mooka 's Home (Backpackers) cách trung tâm Đà Lạt bao xa?"": ""Mooka 's Home (Backpackers) cách trung tâm Đà Lạt 1,4 km.\nTất cả khoảng cách được đo theo đường thẳng. Khoảng cách di chuyển thực sự có thể khác.""}"
https://www.booking.com/hotel/vn/win-da-lat.vi.html,"{'Chi phí nghỉ tại Win Hotel Đà Lạt là bao nhiêu?': 'Giá tại Win Hotel Đà Lạt có thể khác nhau tùy vào kỳ nghỉ của bạn (ví dụ: ngày bạn chọn, chính sách khách sạn,v.v.). Vui lòng xem giá bằng cách nhập ngày của bạn.', 'Win Hotel Đà Lạt cách trung tâm Đà Lạt bao xa?': 'Win Hotel Đà Lạt cách trung tâm Đà Lạt 250 m.\nTất cả khoảng cách được đo theo đường thẳng. Khoảng cách di chuyển thực sự có thể khác.', 'Win Hotel Đà Lạt có giờ nhận và trả phòng như thế nào?': 'Win Hotel Đà Lạt có giờ nhận phòng từ 14:00 và giờ trả phòng trước 12:00.', 'Win Hotel Đà Lạt có phổ biến với các gia đình không?': 'Có, Win Hotel Đà Lạt khá phổ biến đối với khách đặt kỳ nghỉ gia đình.', 'Tôi có thể làm gì ở Win Hotel Đà Lạt?': 'Win Hotel Đà Lạt có những hoạt động/dịch vụ sau (có thể áp dụng phí):', 'Win Hotel Đà Lạt có những loại phòng nào?': 'Lựa chọn phòng tại Win Hotel Đà Lạt bao gồm: Phòng giường đôi, Phòng 4 người'}"
https://www.booking.com/hotel/vn/homestay-nhatuiminh.vi.html,"{'Tôi có thể làm gì ở homestaynhatuiminh?': 'homestaynhatuiminh có những hoạt động/dịch vụ sau (có thể áp dụng phí): Sân chơi trẻ em, Karaoke', 'homestaynhatuiminh có giờ nhận và trả phòng như thế nào?': 'homestaynhatuiminh có giờ nhận phòng từ 12:00 và giờ trả phòng trước 12:00.', 'Chi phí nghỉ tại homestaynhatuiminh là bao nhiêu?': 'Giá tại homestaynhatuiminh có thể khác nhau tùy vào kỳ nghỉ của bạn (ví dụ: ngày bạn chọn, chính sách khách sạn,v.v.). Vui lòng xem giá bằng cách nhập ngày của bạn.', 'homestaynhatuiminh cách trung tâm Đà Lạt bao xa?': 'homestaynhatuiminh cách trung tâm Đà Lạt 3 km.\nTất cả khoảng cách được đo theo đường thẳng. Khoảng cách di chuyển thực sự có thể khác.'}"
https://www.booking.com/hotel/vn/le-soleil-boutique.vi.html,"{'Le Soleil Boutique Hotel có những loại phòng nào?': 'Lựa chọn phòng tại Le Soleil Boutique Hotel bao gồm: Phòng giường đôi, Phòng 3 người, Phòng 2 giường đơn Phòng 4 người', 'Le Soleil Boutique Hotel có phổ biến với các gia đình không?': 'Có, Le Soleil Boutique Hotel khá phổ biến đối với khách đặt kỳ nghỉ gia đình.', 'Chi phí nghỉ tại Le Soleil Boutique Hotel là bao nhiêu?': 'Giá tại Le Soleil Boutique Hotel có thể khác nhau tùy vào kỳ nghỉ của bạn (ví dụ: ngày bạn chọn, chính sách khách sạn,v.v.). Vui lòng xem giá bằng cách nhập ngày của bạn.', 'Le Soleil Boutique Hotel cách trung tâm Đà Lạt bao xa?': 'Le Soleil Boutique Hotel cách trung tâm Đà Lạt 2,6 km.\nTất cả khoảng cách được đo theo đường thẳng. Khoảng cách di chuyển thực sự có thể khác.', 'Le Soleil Boutique Hotel có phục vụ dạng bữa sáng nào?': 'Khách lưu trú tại Le Soleil Boutique Hotel có thể tận hưởng bữa sáng được đánh giá cao trong kỳ nghỉ của họ (điểm đánh giá của khách: 10.0)\n\nLựa chọn bữa sáng bao gồm: Kiểu lục địa, Thực đơn chay không trứng, sữa, Kiểu Á, Kiểu Mỹ', 'Tôi có thể làm gì ở Le Soleil Boutique Hotel?': 'Le Soleil Boutique Hotel có những hoạt động/dịch vụ sau (có thể áp dụng phí): Tour đi bộ, Cho thuê xe đạp', 'Le Soleil Boutique Hotel có giờ nhận và trả phòng như thế nào?': 'Le Soleil Boutique Hotel có giờ nhận phòng từ 14:00 và giờ trả phòng trước 12:00.'}"
https://www.booking.com/hotel/vn/bach-thao-villa.vi.html,"{'Tôi có thể làm gì ở Bách Thảo Hotel?': 'Bách Thảo Hotel có những hoạt động/dịch vụ sau (có thể áp dụng phí):', 'Bách Thảo Hotel cách trung tâm Đà Lạt bao xa?': 'Bách Thảo Hotel cách trung tâm Đà Lạt 550 m.\nTất cả khoảng cách được đo theo đường thẳng. Khoảng cách di chuyển thực sự có thể khác.', 'Bách Thảo Hotel có giờ nhận và trả phòng như thế nào?': 'Bách Thảo Hotel có giờ nhận phòng từ 13:00 và giờ trả phòng trước 11:00.', 'Chi phí nghỉ tại Bách Thảo Hotel là bao nhiêu?': 'Giá tại Bách Thảo Hotel có thể khác nhau tùy vào kỳ nghỉ của bạn (ví dụ: ngày bạn chọn, chính sách khách sạn,v.v.). Vui lòng xem giá bằng cách nhập ngày của bạn.', 'Bách Thảo Hotel có những loại phòng nào?': 'Lựa chọn phòng tại Bách Thảo Hotel bao gồm: Phòng giường đôi'}"
https://www.booking.com/hotel/vn/dalatplazahotel.vi.html,"{'Tôi có thể làm gì ở Khách sạn Park Hotel Dalat?': 'Khách sạn Park Hotel Dalat có những hoạt động/dịch vụ sau (có thể áp dụng phí): Trung tâm thể dục, Cưỡi ngựa', 'Khách sạn Park Hotel Dalat có nhà hàng trong khuôn viên không?': 'Khách sạn Park Hotel Dalat có 1 nhà hàng: C, I, T, Y P, A, R, K R, E, S, T, A, U, R, A, N, T', 'Khách sạn Park Hotel Dalat có những loại phòng nào?': 'Lựa chọn phòng tại Khách sạn Park Hotel Dalat bao gồm: Phòng giường đôi, Phòng 2 giường đơn Phòng 3 người, Phòng gia đình, Suite', 'Chi phí nghỉ tại Khách sạn Park Hotel Dalat là bao nhiêu?': 'Giá tại Khách sạn Park Hotel Dalat có thể khác nhau tùy vào kỳ nghỉ của bạn (ví dụ: ngày bạn chọn, chính sách khách sạn,v.v.). Vui lòng xem giá bằng cách nhập ngày của bạn.', 'Khách sạn Park Hotel Dalat có phổ biến với các gia đình không?': 'Có, Khách sạn Park Hotel Dalat khá phổ biến đối với khách đặt kỳ nghỉ gia đình.', 'Khách sạn Park Hotel Dalat cách trung tâm Đà Lạt bao xa?': 'Khách sạn Park Hotel Dalat cách trung tâm Đà Lạt 500 m.\nTất cả khoảng cách được đo theo đường thẳng. Khoảng cách di chuyển thực sự có thể khác.', 'Khách sạn Park Hotel Dalat có giờ nhận và trả phòng như thế nào?': 'Khách sạn Park Hotel Dalat có giờ nhận phòng từ 14:00 và giờ trả phòng trước 12:00.'}"
https://www.booking.com/hotel/vn/dalat-de-charme-village.vi.html,"{'Dalat De Charme Village có những loại phòng nào?': 'Lựa chọn phòng tại Dalat De Charme Village bao gồm: Phòng giường đôi, Phòng 3 người, Phòng 4 người, Phòng gia đình, Suite', 'Dalat De Charme Village cách trung tâm Đà Lạt bao xa?': 'Dalat De Charme Village cách trung tâm Đà Lạt 3,2 km.\nTất cả khoảng cách được đo theo đường thẳng. Khoảng cách di chuyển thực sự có thể khác.', 'Chi phí nghỉ tại Dalat De Charme Village là bao nhiêu?': 'Giá tại Dalat De Charme Village có thể khác nhau tùy vào kỳ nghỉ của bạn (ví dụ: ngày bạn chọn, chính sách khách sạn,v.v.). Vui lòng xem giá bằng cách nhập ngày của bạn.', 'Tôi có thể làm gì ở Dalat De Charme Village?': 'Dalat De Charme Village có những hoạt động/dịch vụ sau (có thể áp dụng phí): Giải trí buổi tối', 'Dalat De Charme Village có nhà hàng trong khuôn viên không?': 'Dalat De Charme Village có 1 nhà hàng: Secret Garden', 'Dalat De Charme Village có phổ biến với các gia đình không?': 'Có, Dalat De Charme Village khá phổ biến đối với khách đặt kỳ nghỉ gia đình.', 'Dalat De Charme Village có giờ nhận và trả phòng như thế nào?': 'Dalat De Charme Village có giờ nhận phòng từ 14:00 và giờ trả phòng trước 12:00.'}"
https://www.booking.com/hotel/vn/brick-house.vi.html,"{'Brick House Dalat Hotel cách trung tâm Đà Lạt bao xa?': 'Brick House Dalat Hotel cách trung tâm Đà Lạt 1,4 km.\nTất cả khoảng cách được đo theo đường thẳng. Khoảng cách di chuyển thực sự có thể khác.', 'Tôi có thể làm gì ở Brick House Dalat Hotel?': 'Brick House Dalat Hotel có những hoạt động/dịch vụ sau (có thể áp dụng phí):', 'Brick House Dalat Hotel có những loại phòng nào?': 'Lựa chọn phòng tại Brick House Dalat Hotel bao gồm: Phòng giường đôi, Phòng gia đình, Căn hộ', 'Brick House Dalat Hotel có phục vụ dạng bữa sáng nào?': 'Khách lưu trú tại Brick House Dalat Hotel có thể tận hưởng bữa sáng được đánh giá cao trong kỳ nghỉ của họ (điểm đánh giá của khách: 7.5)\n\nLựa chọn bữa sáng bao gồm: Kiểu Á, Tự chọn', 'Brick House Dalat Hotel có giờ nhận và trả phòng như thế nào?': 'Brick House Dalat Hotel có giờ nhận phòng từ 14:00 và giờ trả phòng trước 12:00.', 'Brick House Dalat Hotel có nhà hàng trong khuôn viên không?': 'Brick House Dalat Hotel có 1 nhà hàng: Brick House Bar & Coffee', 'Brick House Dalat Hotel có phổ biến với các gia đình không?': 'Có, Brick House Dalat Hotel khá phổ biến đối với khách đặt kỳ nghỉ gia đình.', 'Chi phí nghỉ tại Brick House Dalat Hotel là bao nhiêu?': 'Giá tại Brick House Dalat Hotel có thể khác nhau tùy vào kỳ nghỉ của bạn (ví dụ: ngày bạn chọn, chính sách khách sạn,v.v.). Vui lòng xem giá bằng cách nhập ngày của bạn.'}"
https://www.booking.com/hotel/vn/apeda-thanh-pho-da-lat.vi.html,"{'Tôi có thể làm gì ở Hera Boutique Hotel?': 'Hera Boutique Hotel có những hoạt động/dịch vụ sau (có thể áp dụng phí): Giải trí buổi tối, Biểu diễn/nhạc sống, Bữa tối theo chủ đề', 'Hera Boutique Hotel có những loại phòng nào?': 'Lựa chọn phòng tại Hera Boutique Hotel bao gồm: Phòng 2 giường đơn Phòng gia đình, Phòng giường đôi, Phòng 4 người', 'Hera Boutique Hotel cách trung tâm Đà Lạt bao xa?': 'Hera Boutique Hotel cách trung tâm Đà Lạt 800 m.\nTất cả khoảng cách được đo theo đường thẳng. Khoảng cách di chuyển thực sự có thể khác.', 'Hera Boutique Hotel có nhà hàng trong khuôn viên không?': 'Hera Boutique Hotel có 1 nhà hàng: A, Pé Rooftop', 'Hera Boutique Hotel có phục vụ dạng bữa sáng nào?': 'Khách lưu trú tại Hera Boutique Hotel có thể tận hưởng bữa sáng được đánh giá cao trong kỳ nghỉ của họ (điểm đánh giá của khách: 7.0)\n\nLựa chọn bữa sáng bao gồm: Tự chọn, Gọi món (à la carte)', 'Chi phí nghỉ tại Hera Boutique Hotel là bao nhiêu?': 'Giá tại Hera Boutique Hotel có thể khác nhau tùy vào kỳ nghỉ của bạn (ví dụ: ngày bạn chọn, chính sách khách sạn,v.v.). Vui lòng xem giá bằng cách nhập ngày của bạn.', 'Hera Boutique Hotel có giờ nhận và trả phòng như thế nào?': 'Hera Boutique Hotel có giờ nhận phòng từ 14:00 và giờ trả phòng trước 12:00.'}"
https://www.booking.com/hotel/vn/nature-boutique.vi.html,"{'Nature Boutique Hotel cách trung tâm Đà Lạt bao xa?': 'Nature Boutique Hotel cách trung tâm Đà Lạt 850 m.\nTất cả khoảng cách được đo theo đường thẳng. Khoảng cách di chuyển thực sự có thể khác.', 'Nature Boutique Hotel có giờ nhận và trả phòng như thế nào?': 'Nature Boutique Hotel có giờ nhận phòng từ 14:00 và giờ trả phòng trước 12:00.', 'Nature Boutique Hotel có những loại phòng nào?': 'Lựa chọn phòng tại Nature Boutique Hotel bao gồm: Phòng giường đôi, Phòng giường đôi/2 giường đơn, Phòng 3 người, Suite', 'Tôi có thể làm gì ở Nature Boutique Hotel?': 'Nature Boutique Hotel có những hoạt động/dịch vụ sau (có thể áp dụng phí):', 'Chi phí nghỉ tại Nature Boutique Hotel là bao nhiêu?': 'Giá tại Nature Boutique Hotel có thể khác nhau tùy vào kỳ nghỉ của bạn (ví dụ: ngày bạn chọn, chính sách khách sạn,v.v.). Vui lòng xem giá bằng cách nhập ngày của bạn.', 'Nature Boutique Hotel có nhà hàng trong khuôn viên không?': 'Nature Boutique Hotel có 1 nhà hàng: Nhà hàng #1', 'Nature Boutique Hotel có phục vụ dạng bữa sáng nào?': 'Khách lưu trú tại Nature Boutique Hotel có thể tận hưởng bữa sáng được đánh giá cao trong kỳ nghỉ của họ (điểm đánh giá của khách: 7.5)\n\nLựa chọn bữa sáng bao gồm: Kiểu Á, Gọi món (à la carte)'}"
https://www.booking.com/hotel/vn/luan-39-s-villa.vi.html,"{""Luan'S Villa có những loại phòng nào?"": ""Lựa chọn phòng tại Luan'S Villa bao gồm: Phòng giường đôi, Phòng gia đình"", ""Chi phí nghỉ tại Luan'S Villa là bao nhiêu?"": ""Giá tại Luan'S Villa có thể khác nhau tùy vào kỳ nghỉ của bạn (ví dụ: ngày bạn chọn, chính sách khách sạn,v.v.). Vui lòng xem giá bằng cách nhập ngày của bạn."", ""Tôi có thể làm gì ở Luan'S Villa?"": ""Luan'S Villa có những hoạt động/dịch vụ sau (có thể áp dụng phí): Nhảy/khám phá bar, Tour đi bộ"", ""Luan'S Villa có giờ nhận và trả phòng như thế nào?"": ""Luan'S Villa có giờ nhận phòng từ 12:30 và giờ trả phòng trước 12:00."", ""Luan'S Villa cách trung tâm Đà Lạt bao xa?"": ""Luan'S Villa cách trung tâm Đà Lạt 2,1 km.\nTất cả khoảng cách được đo theo đường thẳng. Khoảng cách di chuyển thực sự có thể khác.""}"
https://www.booking.com/hotel/vn/le-recit-boutique-de-dalat.vi.html,"{'Le Récit Boutique Hôtel de Dalat cách trung tâm Đà Lạt bao xa?': 'Le Récit Boutique Hôtel de Dalat cách trung tâm Đà Lạt 650 m.\nTất cả khoảng cách được đo theo đường thẳng. Khoảng cách di chuyển thực sự có thể khác.', 'Tôi có thể làm gì ở Le Récit Boutique Hôtel de Dalat?': 'Le Récit Boutique Hôtel de Dalat có những hoạt động/dịch vụ sau (có thể áp dụng phí): Cho thuê xe đạp', 'Le Récit Boutique Hôtel de Dalat có những loại phòng nào?': 'Lựa chọn phòng tại Le Récit Boutique Hôtel de Dalat bao gồm: Phòng giường đôi, Phòng 2 giường đơn Suite, Chalet', 'Chi phí nghỉ tại Le Récit Boutique Hôtel de Dalat là bao nhiêu?': 'Giá tại Le Récit Boutique Hôtel de Dalat có thể khác nhau tùy vào kỳ nghỉ của bạn (ví dụ: ngày bạn chọn, chính sách khách sạn,v.v.). Vui lòng xem giá bằng cách nhập ngày của bạn.', 'Le Récit Boutique Hôtel de Dalat có phổ biến với các gia đình không?': 'Có, Le Récit Boutique Hôtel de Dalat khá phổ biến đối với khách đặt kỳ nghỉ gia đình.', 'Le Récit Boutique Hôtel de Dalat có nhà hàng trong khuôn viên không?': 'Le Récit Boutique Hôtel de Dalat có 1 nhà hàng: Restaurant #1', 'Le Récit Boutique Hôtel de Dalat có phục vụ dạng bữa sáng nào?': 'Khách lưu trú tại Le Récit Boutique Hôtel de Dalat có thể tận hưởng bữa sáng được đánh giá cao trong kỳ nghỉ của họ (điểm đánh giá của khách: 6.2)\n\nLựa chọn bữa sáng bao gồm: Kiểu Á, Tự chọn, Gọi món (à la carte)Bữa sáng mang đi', 'Le Récit Boutique Hôtel de Dalat có giờ nhận và trả phòng như thế nào?': 'Le Récit Boutique Hôtel de Dalat có giờ nhận phòng từ 14:00 và giờ trả phòng trước 12:00.'}"
https://www.booking.com/hotel/vn/kdl-thac-liliang.vi.html,"{'KDL Thác Liliang có những loại phòng nào?': 'Lựa chọn phòng tại K, D, L Thác Liliang bao gồm: Phòng giường đôi, Phòng 4 người, Phòng 3 người, Bungalow', 'KDL Thác Liliang có phổ biến với các gia đình không?': 'Có, K, D, L Thác Liliang khá phổ biến đối với khách đặt kỳ nghỉ gia đình.', 'KDL Thác Liliang có giờ nhận và trả phòng như thế nào?': 'K, D, L Thác Liliang có giờ nhận phòng từ 14:00 và giờ trả phòng trước 11:00.', 'KDL Thác Liliang cách trung tâm Di Linh bao xa?': 'K, D, L Thác Liliang cách trung tâm Di Linh 9 km.\nTất cả khoảng cách được đo theo đường thẳng. Khoảng cách di chuyển thực sự có thể khác.', 'Tôi có thể làm gì ở KDL Thác Liliang?': 'K, D, L Thác Liliang có những hoạt động/dịch vụ sau (có thể áp dụng phí): Câu lạc bộ trẻ em', 'Chi phí nghỉ tại KDL Thác Liliang là bao nhiêu?': 'Giá tại K, D, L Thác Liliang có thể khác nhau tùy vào kỳ nghỉ của bạn (ví dụ: ngày bạn chọn, chính sách khách sạn,v.v.). Vui lòng xem giá bằng cách nhập ngày của bạn.', 'KDL Thác Liliang có nhà hàng trong khuôn viên không?': 'K, D, L Thác Liliang có 1 nhà hàng: Nhà hàng #2'}"
https://www.booking.com/hotel/vn/du-lys.vi.html,"{'Chi phí nghỉ tại Hotel Du Lys là bao nhiêu?': 'Giá tại Hotel Du Lys có thể khác nhau tùy vào kỳ nghỉ của bạn (ví dụ: ngày bạn chọn, chính sách khách sạn,v.v.). Vui lòng xem giá bằng cách nhập ngày của bạn.', 'Hotel Du Lys có phổ biến với các gia đình không?': 'Có, Hotel Du Lys khá phổ biến đối với khách đặt kỳ nghỉ gia đình.', 'Hotel Du Lys cách trung tâm Đà Lạt bao xa?': 'Hotel Du Lys cách trung tâm Đà Lạt 350 m.\nTất cả khoảng cách được đo theo đường thẳng. Khoảng cách di chuyển thực sự có thể khác.', 'Hotel Du Lys có những loại phòng nào?': 'Lựa chọn phòng tại Hotel Du Lys bao gồm: Phòng giường đôi, Phòng gia đình, Suite, Phòng 2 giường đơn Phòng 3 người', 'Hotel Du Lys có nhà hàng trong khuôn viên không?': 'Hotel Du Lys có 1 nhà hàng: Nhà hàng', 'Tôi có thể làm gì ở Hotel Du Lys?': 'Hotel Du Lys có những hoạt động/dịch vụ sau (có thể áp dụng phí): Sân gôn (trong vòng 3km)Cho thuê xe đạp', 'Hotel Du Lys có giờ nhận và trả phòng như thế nào?': 'Hotel Du Lys có giờ nhận phòng từ 14:00 và giờ trả phòng trước 12:00.'}"
https://www.booking.com/hotel/vn/casanova-dalat.vi.html,"{'Casanova Dalat Hotel có những loại phòng nào?': 'Lựa chọn phòng tại Casanova Dalat Hotel bao gồm: Phòng giường đôi, Phòng 4 người, Giường trong phòng tập thể, Phòng gia đình', 'Tôi có thể làm gì ở Casanova Dalat Hotel?': 'Casanova Dalat Hotel có những hoạt động/dịch vụ sau (có thể áp dụng phí): Cho thuê xe đạp', 'Casanova Dalat Hotel có giờ nhận và trả phòng như thế nào?': 'Casanova Dalat Hotel có giờ nhận phòng từ 14:00 và giờ trả phòng trước 12:00.', 'Casanova Dalat Hotel cách trung tâm Đà Lạt bao xa?': 'Casanova Dalat Hotel cách trung tâm Đà Lạt 1,2 km.\nTất cả khoảng cách được đo theo đường thẳng. Khoảng cách di chuyển thực sự có thể khác.', 'Chi phí nghỉ tại Casanova Dalat Hotel là bao nhiêu?': 'Giá tại Casanova Dalat Hotel có thể khác nhau tùy vào kỳ nghỉ của bạn (ví dụ: ngày bạn chọn, chính sách khách sạn,v.v.). Vui lòng xem giá bằng cách nhập ngày của bạn.', 'Casanova Dalat Hotel có phổ biến với các gia đình không?': 'Có, Casanova Dalat Hotel khá phổ biến đối với khách đặt kỳ nghỉ gia đình.'}"
https://www.booking.com/hotel/vn/phuong-vy-luxury.vi.html,"{'Tôi có thể làm gì ở Phuong Vy Luxury Hotel?': 'Phuong Vy Luxury Hotel có những hoạt động/dịch vụ sau (có thể áp dụng phí): Cho thuê xe đạp', 'Phuong Vy Luxury Hotel có những loại phòng nào?': 'Lựa chọn phòng tại Phuong Vy Luxury Hotel bao gồm: Phòng giường đôi, Phòng 4 người', 'Chi phí nghỉ tại Phuong Vy Luxury Hotel là bao nhiêu?': 'Giá tại Phuong Vy Luxury Hotel có thể khác nhau tùy vào kỳ nghỉ của bạn (ví dụ: ngày bạn chọn, chính sách khách sạn,v.v.). Vui lòng xem giá bằng cách nhập ngày của bạn.', 'Phuong Vy Luxury Hotel có phổ biến với các gia đình không?': 'Có, Phuong Vy Luxury Hotel khá phổ biến đối với khách đặt kỳ nghỉ gia đình.', 'Phuong Vy Luxury Hotel có giờ nhận và trả phòng như thế nào?': 'Phuong Vy Luxury Hotel có giờ nhận phòng từ 14:00 và giờ trả phòng trước 11:30.', 'Phuong Vy Luxury Hotel cách trung tâm Đà Lạt bao xa?': 'Phuong Vy Luxury Hotel cách trung tâm Đà Lạt 550 m.\nTất cả khoảng cách được đo theo đường thẳng. Khoảng cách di chuyển thực sự có thể khác.'}"
https://www.booking.com/hotel/vn/nature-land-apartment.vi.html,"{'Bao nhiêu khách có thể lưu trú tại Nature Land Apartment?': 'Bạn có thể chọn từ nhiều lựa chọn chỗ nghỉ tại Nature Land Apartment (tùy vào tình trạng có sẵn). Những chỗ này có thể tiếp đón: 2 khách4 khách\n\nĐể biết thêm thông tin, vui lòng kiểm tra chi tiết (các) lựa chọn chỗ nghỉ ở trang này.', 'Nature Land Apartment có giờ nhận và trả phòng như thế nào?': 'Nature Land Apartment có giờ nhận phòng từ 14:00 và giờ trả phòng trước 12:00.', 'Nature Land Apartment có ban công không?': 'Có, nhiều lựa chọn tại chỗ nghỉ này có ban công. Bạn có thể tìm hiểu thêm về điều này và các tiện nghi khác tại Nature Land Apartment trên trang này.', 'Tôi có thể làm gì ở Nature Land Apartment?': 'Nature Land Apartment có những hoạt động/dịch vụ sau (có thể áp dụng phí): Tour đi bộ, Cho thuê xe đạp, Phòng tắm chung', 'Nature Land Apartment có bao nhiêu phòng ngủ?': 'Bạn có thể chọn từ nhiều lựa chọn chỗ nghỉ tại Nature Land Apartment (tùy vào tình trạng có sẵn). Những chỗ này có: 1 phòng ngủ2 phòng ngủ\n\nĐể biết thêm thông tin, vui lòng kiểm tra chi tiết (các) lựa chọn chỗ nghỉ ở trang này.', 'Nature Land Apartment có sân hiên không?': 'Có, nhiều lựa chọn tại chỗ nghỉ này có sân hiên. Bạn có thể tìm hiểu thêm về điều này và các tiện nghi khác tại Nature Land Apartment trên trang này.', 'Nature Land Apartment cách trung tâm Đà Lạt bao xa?': 'Nature Land Apartment cách trung tâm Đà Lạt 1,2 km.\nTất cả khoảng cách được đo theo đường thẳng. Khoảng cách di chuyển thực sự có thể khác.', 'Chi phí nghỉ tại Nature Land Apartment là bao nhiêu?': 'Giá tại Nature Land Apartment có thể khác nhau tùy vào kỳ nghỉ của bạn (ví dụ: ngày bạn chọn, chính sách khách sạn,v.v.). Vui lòng xem giá bằng cách nhập ngày của bạn.', 'Nature Land Apartment có phổ biến với các gia đình không?': 'Có, Nature Land Apartment khá phổ biến đối với khách đặt kỳ nghỉ gia đình.'}"
https://www.booking.com/hotel/vn/m-thanh-pho-da-lat.vi.html,"{'Chi phí nghỉ tại M Hotel Đà Lạt là bao nhiêu?': 'Giá tại M Hotel Đà Lạt có thể khác nhau tùy vào kỳ nghỉ của bạn (ví dụ: ngày bạn chọn, chính sách khách sạn,v.v.). Vui lòng xem giá bằng cách nhập ngày của bạn.', 'Tôi có thể làm gì ở M Hotel Đà Lạt?': 'M Hotel Đà Lạt có những hoạt động/dịch vụ sau (có thể áp dụng phí): Tour đi bộ, Tour đi xe đạp', 'M Hotel Đà Lạt có giờ nhận và trả phòng như thế nào?': 'M Hotel Đà Lạt có giờ nhận phòng từ 13:30 và giờ trả phòng trước 12:00.', 'M Hotel Đà Lạt có những loại phòng nào?': 'Lựa chọn phòng tại M Hotel Đà Lạt bao gồm: Phòng giường đôi, Phòng 4 người', 'M Hotel Đà Lạt có phổ biến với các gia đình không?': 'Có, M Hotel Đà Lạt khá phổ biến đối với khách đặt kỳ nghỉ gia đình.', 'M Hotel Đà Lạt cách trung tâm Đà Lạt bao xa?': 'M Hotel Đà Lạt cách trung tâm Đà Lạt 1,3 km.\nTất cả khoảng cách được đo theo đường thẳng. Khoảng cách di chuyển thực sự có thể khác.'}"
https://www.booking.com/hotel/vn/moc-thach-hostel-dalat.vi.html,"{'Moc Thach Hostel Dalat cách trung tâm Đà Lạt bao xa?': 'Moc Thach Hostel Dalat cách trung tâm Đà Lạt 1 km.\nTất cả khoảng cách được đo theo đường thẳng. Khoảng cách di chuyển thực sự có thể khác.', 'Chi phí nghỉ tại Moc Thach Hostel Dalat là bao nhiêu?': 'Giá tại Moc Thach Hostel Dalat có thể khác nhau tùy vào kỳ nghỉ của bạn (ví dụ: ngày bạn chọn, chính sách khách sạn,v.v.). Vui lòng xem giá bằng cách nhập ngày của bạn.', 'Moc Thach Hostel Dalat có giờ nhận và trả phòng như thế nào?': 'Moc Thach Hostel Dalat có giờ nhận phòng từ 14:00 và giờ trả phòng trước 12:00.', 'Tôi có thể làm gì ở Moc Thach Hostel Dalat?': 'Moc Thach Hostel Dalat có những hoạt động/dịch vụ sau (có thể áp dụng phí):'}"
https://www.booking.com/hotel/vn/mega-sky.vi.html,"{'Chi phí nghỉ tại Mega Sky Dalat Hotel là bao nhiêu?': 'Giá tại Mega Sky Dalat Hotel có thể khác nhau tùy vào kỳ nghỉ của bạn (ví dụ: ngày bạn chọn, chính sách khách sạn,v.v.). Vui lòng xem giá bằng cách nhập ngày của bạn.', 'Mega Sky Dalat Hotel có những loại phòng nào?': 'Lựa chọn phòng tại Mega Sky Dalat Hotel bao gồm: Phòng giường đôi, Phòng 3 người, Phòng gia đình', 'Mega Sky Dalat Hotel cách trung tâm Đà Lạt bao xa?': 'Mega Sky Dalat Hotel cách trung tâm Đà Lạt 4,2 km.\nTất cả khoảng cách được đo theo đường thẳng. Khoảng cách di chuyển thực sự có thể khác.', 'Tôi có thể làm gì ở Mega Sky Dalat Hotel?': 'Mega Sky Dalat Hotel có những hoạt động/dịch vụ sau (có thể áp dụng phí):', 'Mega Sky Dalat Hotel có giờ nhận và trả phòng như thế nào?': 'Mega Sky Dalat Hotel có giờ nhận phòng từ 14:00 và giờ trả phòng trước 12:00.', 'Mega Sky Dalat Hotel có phổ biến với các gia đình không?': 'Có, Mega Sky Dalat Hotel khá phổ biến đối với khách đặt kỳ nghỉ gia đình.'}"
https://www.booking.com/hotel/vn/maxim.vi.html,"{'Chi phí nghỉ tại Maxim Hotel là bao nhiêu?': 'Giá tại Maxim Hotel có thể khác nhau tùy vào kỳ nghỉ của bạn (ví dụ: ngày bạn chọn, chính sách khách sạn,v.v.). Vui lòng xem giá bằng cách nhập ngày của bạn.', 'Maxim Hotel có những loại phòng nào?': 'Lựa chọn phòng tại Maxim Hotel bao gồm: Phòng giường đôi, Phòng 4 người', 'Tôi có thể làm gì ở Maxim Hotel?': 'Maxim Hotel có những hoạt động/dịch vụ sau (có thể áp dụng phí): Sân gôn (trong vòng 3km)Tour đi xe đạp, Tour đi bộ, Tour/lớp về văn hóa địa phương', 'Maxim Hotel cách trung tâm Đà Lạt bao xa?': 'Maxim Hotel cách trung tâm Đà Lạt 750 m.\nTất cả khoảng cách được đo theo đường thẳng. Khoảng cách di chuyển thực sự có thể khác.', 'Maxim Hotel có giờ nhận và trả phòng như thế nào?': 'Maxim Hotel có giờ nhận phòng từ 14:00 và giờ trả phòng trước 12:00.'}"
https://www.booking.com/hotel/vn/phuoc-son.vi.html,"{'Phước Sơn Hotel có giờ nhận và trả phòng như thế nào?': 'Phước Sơn Hotel có giờ nhận phòng từ 14:00 và giờ trả phòng trước 12:00.', 'Tôi có thể làm gì ở Phước Sơn Hotel?': 'Phước Sơn Hotel có những hoạt động/dịch vụ sau (có thể áp dụng phí):', 'Phước Sơn Hotel cách trung tâm Đà Lạt bao xa?': 'Phước Sơn Hotel cách trung tâm Đà Lạt 250 m.\nTất cả khoảng cách được đo theo đường thẳng. Khoảng cách di chuyển thực sự có thể khác.', 'Chi phí nghỉ tại Phước Sơn Hotel là bao nhiêu?': 'Giá tại Phước Sơn Hotel có thể khác nhau tùy vào kỳ nghỉ của bạn (ví dụ: ngày bạn chọn, chính sách khách sạn,v.v.). Vui lòng xem giá bằng cách nhập ngày của bạn.', 'Phước Sơn Hotel có những loại phòng nào?': 'Lựa chọn phòng tại Phước Sơn Hotel bao gồm: Phòng giường đôi, Phòng 4 người, Phòng gia đình', 'Phước Sơn Hotel có phổ biến với các gia đình không?': 'Có, Phước Sơn Hotel khá phổ biến đối với khách đặt kỳ nghỉ gia đình.'}"
https://www.booking.com/hotel/vn/arapang-3.vi.html,"{'Arapang 3 Hotel có những loại phòng nào?': 'Lựa chọn phòng tại Arapang 3 Hotel bao gồm: Phòng giường đôi, Phòng 4 người, Phòng đơn, Phòng 2 giường đơn ', 'Tôi có thể làm gì ở Arapang 3 Hotel?': 'Arapang 3 Hotel có những hoạt động/dịch vụ sau (có thể áp dụng phí):', 'Arapang 3 Hotel cách trung tâm Đà Lạt bao xa?': 'Arapang 3 Hotel cách trung tâm Đà Lạt 250 m.\nTất cả khoảng cách được đo theo đường thẳng. Khoảng cách di chuyển thực sự có thể khác.', 'Arapang 3 Hotel có giờ nhận và trả phòng như thế nào?': 'Arapang 3 Hotel có giờ nhận phòng từ 14:00 và giờ trả phòng trước 12:00.', 'Chi phí nghỉ tại Arapang 3 Hotel là bao nhiêu?': 'Giá tại Arapang 3 Hotel có thể khác nhau tùy vào kỳ nghỉ của bạn (ví dụ: ngày bạn chọn, chính sách khách sạn,v.v.). Vui lòng xem giá bằng cách nhập ngày của bạn.'}"
https://www.booking.com/hotel/vn/dam-me-homestay-bao-loc2.vi.html,"{'ĐAM MÊ HOMESTAY cách trung tâm Bảo Lộc bao xa?': 'Đ, A, M MÊ H, O, M, E, S, T, A, Y cách trung tâm Bảo Lộc 2,5 km.\nTất cả khoảng cách được đo theo đường thẳng. Khoảng cách di chuyển thực sự có thể khác.', 'Chi phí nghỉ tại ĐAM MÊ HOMESTAY là bao nhiêu?': 'Giá tại Đ, A, M MÊ H, O, M, E, S, T, A, Y có thể khác nhau tùy vào kỳ nghỉ của bạn (ví dụ: ngày bạn chọn, chính sách khách sạn,v.v.). Vui lòng xem giá bằng cách nhập ngày của bạn.', 'ĐAM MÊ HOMESTAY có phổ biến với các gia đình không?': 'Có, Đ, A, M MÊ H, O, M, E, S, T, A, Y khá phổ biến đối với khách đặt kỳ nghỉ gia đình.', 'ĐAM MÊ HOMESTAY có giờ nhận và trả phòng như thế nào?': 'Đ, A, M MÊ H, O, M, E, S, T, A, Y có giờ nhận phòng từ 14:00 và giờ trả phòng trước 12:00.', 'Tôi có thể làm gì ở ĐAM MÊ HOMESTAY?': 'Đ, A, M MÊ H, O, M, E, S, T, A, Y có những hoạt động/dịch vụ sau (có thể áp dụng phí):'}"
https://www.booking.com/hotel/vn/du-may-homestay.vi.html,"{'Du Mây Homestay có phổ biến với các gia đình không?': 'Có, Du Mây Homestay khá phổ biến đối với khách đặt kỳ nghỉ gia đình.', 'Du Mây Homestay có giờ nhận và trả phòng như thế nào?': 'Du Mây Homestay có giờ nhận phòng từ 14:00 và giờ trả phòng trước 12:00.', 'Tôi có thể làm gì ở Du Mây Homestay?': 'Du Mây Homestay có những hoạt động/dịch vụ sau (có thể áp dụng phí):', 'Chi phí nghỉ tại Du Mây Homestay là bao nhiêu?': 'Giá tại Du Mây Homestay có thể khác nhau tùy vào kỳ nghỉ của bạn (ví dụ: ngày bạn chọn, chính sách khách sạn,v.v.). Vui lòng xem giá bằng cách nhập ngày của bạn.', 'Du Mây Homestay cách trung tâm Bảo Lộc bao xa?': 'Du Mây Homestay cách trung tâm Bảo Lộc 13 km.\nTất cả khoảng cách được đo theo đường thẳng. Khoảng cách di chuyển thực sự có thể khác.'}"
https://www.booking.com/hotel/vn/gao-hat-de-homestay.vi.html,"{'Gạo hạt dẻ homestay có giờ nhận và trả phòng như thế nào?': 'Gạo hạt dẻ homestay có giờ nhận phòng từ 14:00 và giờ trả phòng trước 15:00.', 'Gạo hạt dẻ homestay có phổ biến với các gia đình không?': 'Có, Gạo hạt dẻ homestay khá phổ biến đối với khách đặt kỳ nghỉ gia đình.', 'Gạo hạt dẻ homestay có những loại phòng nào?': 'Lựa chọn phòng tại Gạo hạt dẻ homestay bao gồm: Phòng giường đôi', 'Chi phí nghỉ tại Gạo hạt dẻ homestay là bao nhiêu?': 'Giá tại Gạo hạt dẻ homestay có thể khác nhau tùy vào kỳ nghỉ của bạn (ví dụ: ngày bạn chọn, chính sách khách sạn,v.v.). Vui lòng xem giá bằng cách nhập ngày của bạn.', 'Gạo hạt dẻ homestay cách trung tâm Bảo Lộc bao xa?': 'Gạo hạt dẻ homestay cách trung tâm Bảo Lộc 9 km.\nTất cả khoảng cách được đo theo đường thẳng. Khoảng cách di chuyển thực sự có thể khác.', 'Tôi có thể làm gì ở Gạo hạt dẻ homestay?': 'Gạo hạt dẻ homestay có những hoạt động/dịch vụ sau (có thể áp dụng phí):'}"
https://www.booking.com/hotel/vn/je-t-aime-villa.vi.html,"{""JE T'AIME VILLA - Khu nghỉ dưỡng nhà vườn nằm giữa thiên nhiên bao la hoa cỏ có nhà hàng trong khuôn viên không?"": ""J, E T'A, I, M, E V, I, L, L, A - Khu nghỉ dưỡng nhà vườn nằm giữa thiên nhiên bao la hoa cỏ có 1 nhà hàng: Nhà hàng #1"", ""Chi phí nghỉ tại JE T'AIME VILLA - Khu nghỉ dưỡng nhà vườn nằm giữa thiên nhiên bao la hoa cỏ là bao nhiêu?"": ""Giá tại J, E T'A, I, M, E V, I, L, L, A - Khu nghỉ dưỡng nhà vườn nằm giữa thiên nhiên bao la hoa cỏ có thể khác nhau tùy vào kỳ nghỉ của bạn (ví dụ: ngày bạn chọn, chính sách khách sạn,v.v.). Vui lòng xem giá bằng cách nhập ngày của bạn."", ""JE T'AIME VILLA - Khu nghỉ dưỡng nhà vườn nằm giữa thiên nhiên bao la hoa cỏ có giờ nhận và trả phòng như thế nào?"": ""J, E T'A, I, M, E V, I, L, L, A - Khu nghỉ dưỡng nhà vườn nằm giữa thiên nhiên bao la hoa cỏ có giờ nhận phòng từ 14:00 và giờ trả phòng trước 12:00."", ""JE T'AIME VILLA - Khu nghỉ dưỡng nhà vườn nằm giữa thiên nhiên bao la hoa cỏ có những loại phòng nào?"": ""Lựa chọn phòng tại J, E T'A, I, M, E V, I, L, L, A - Khu nghỉ dưỡng nhà vườn nằm giữa thiên nhiên bao la hoa cỏ bao gồm: Phòng giường đôi, Bungalow, Biệt thự"", ""JE T'AIME VILLA - Khu nghỉ dưỡng nhà vườn nằm giữa thiên nhiên bao la hoa cỏ cách trung tâm Bảo Lộc bao xa?"": ""J, E T'A, I, M, E V, I, L, L, A - Khu nghỉ dưỡng nhà vườn nằm giữa thiên nhiên bao la hoa cỏ cách trung tâm Bảo Lộc 11 km.\nTất cả khoảng cách được đo theo đường thẳng. Khoảng cách di chuyển thực sự có thể khác."", ""JE T'AIME VILLA - Khu nghỉ dưỡng nhà vườn nằm giữa thiên nhiên bao la hoa cỏ có phục vụ dạng bữa sáng nào?"": ""Khách lưu trú tại J, E T'A, I, M, E V, I, L, L, A - Khu nghỉ dưỡng nhà vườn nằm giữa thiên nhiên bao la hoa cỏ có thể tận hưởng bữa sáng được đánh giá cao trong kỳ nghỉ của họ (điểm đánh giá của khách: 5.0)\n\nLựa chọn bữa sáng bao gồm: Kiểu Á, Tự chọn"", ""Tôi có thể làm gì ở JE T'AIME VILLA - Khu nghỉ dưỡng nhà vườn nằm giữa thiên nhiên bao la hoa cỏ?"": ""J, E T'A, I, M, E V, I, L, L, A - Khu nghỉ dưỡng nhà vườn nằm giữa thiên nhiên bao la hoa cỏ có những hoạt động/dịch vụ sau (có thể áp dụng phí): Sân chơi trẻ em, Giải trí buổi tối, Biểu diễn/nhạc sống, Bữa tối theo chủ đề, Phòng tắm chung""}"
https://www.booking.com/hotel/vn/may-studio.vi.html,"{'May Studio có phổ biến với các gia đình không?': 'Có, May Studio khá phổ biến đối với khách đặt kỳ nghỉ gia đình.', 'May Studio có bao nhiêu phòng ngủ?': 'May Studio có số lượng phòng ngủ như sau: 1 phòng ngủ\n\nĐể biết thêm thông tin, vui lòng kiểm tra chi tiết (các) lựa chọn chỗ nghỉ ở trang này.', 'May Studio cách trung tâm Đà Lạt bao xa?': 'May Studio cách trung tâm Đà Lạt 400 m.\nTất cả khoảng cách được đo theo đường thẳng. Khoảng cách di chuyển thực sự có thể khác.', 'May Studio có giờ nhận và trả phòng như thế nào?': 'May Studio có giờ nhận phòng từ 14:00 và giờ trả phòng trước 11:30.', 'May Studio có sân hiên không?': 'Có, nhiều lựa chọn tại chỗ nghỉ này có sân hiên. Bạn có thể tìm hiểu thêm về điều này và các tiện nghi khác tại May Studio trên trang này.', 'May Studio có ban công không?': 'Có, nhiều lựa chọn tại chỗ nghỉ này có ban công. Bạn có thể tìm hiểu thêm về điều này và các tiện nghi khác tại May Studio trên trang này.', 'Chi phí nghỉ tại May Studio là bao nhiêu?': 'Giá tại May Studio có thể khác nhau tùy vào kỳ nghỉ của bạn (ví dụ: ngày bạn chọn, chính sách khách sạn,v.v.). Vui lòng xem giá bằng cách nhập ngày của bạn.', 'Tôi có thể làm gì ở May Studio?': 'May Studio có những hoạt động/dịch vụ sau (có thể áp dụng phí):', 'Bao nhiêu khách có thể lưu trú tại May Studio?': 'Bạn có thể chọn từ nhiều lựa chọn chỗ nghỉ tại May Studio (tùy vào tình trạng có sẵn). Những chỗ này có thể tiếp đón: 2 khách3 khách4 khách\n\nĐể biết thêm thông tin, vui lòng kiểm tra chi tiết (các) lựa chọn chỗ nghỉ ở trang này.'}"
https://www.booking.com/hotel/vn/diamond-dalat.vi.html,"{'Diamond Hotel có giờ nhận và trả phòng như thế nào?': 'Diamond Hotel có giờ nhận phòng từ 14:00 và giờ trả phòng trước 12:00.', 'Diamond Hotel cách trung tâm Đà Lạt bao xa?': 'Diamond Hotel cách trung tâm Đà Lạt 200 m.\nTất cả khoảng cách được đo theo đường thẳng. Khoảng cách di chuyển thực sự có thể khác.', 'Tôi có thể làm gì ở Diamond Hotel?': 'Diamond Hotel có những hoạt động/dịch vụ sau (có thể áp dụng phí):', 'Chi phí nghỉ tại Diamond Hotel là bao nhiêu?': 'Giá tại Diamond Hotel có thể khác nhau tùy vào kỳ nghỉ của bạn (ví dụ: ngày bạn chọn, chính sách khách sạn,v.v.). Vui lòng xem giá bằng cách nhập ngày của bạn.', 'Diamond Hotel có những loại phòng nào?': 'Lựa chọn phòng tại Diamond Hotel bao gồm: Phòng 2 giường đơn Phòng giường đôi'}"
https://www.booking.com/hotel/vn/moc-thach-home-da-lat-city.vi.html,"{'Blue House Nguyên Căn Ngay Trung Tâm Có Máy Lạnh có giờ nhận và trả phòng như thế nào?': 'Blue House Nguyên Căn Ngay Trung Tâm Có Máy Lạnh có giờ nhận phòng từ 14:00 và giờ trả phòng trước 12:00.', 'Blue House Nguyên Căn Ngay Trung Tâm Có Máy Lạnh cách trung tâm Đà Lạt bao xa?': 'Blue House Nguyên Căn Ngay Trung Tâm Có Máy Lạnh cách trung tâm Đà Lạt 900 m.\nTất cả khoảng cách được đo theo đường thẳng. Khoảng cách di chuyển thực sự có thể khác.', 'Chi phí nghỉ tại Blue House Nguyên Căn Ngay Trung Tâm Có Máy Lạnh là bao nhiêu?': 'Giá tại Blue House Nguyên Căn Ngay Trung Tâm Có Máy Lạnh có thể khác nhau tùy vào kỳ nghỉ của bạn (ví dụ: ngày bạn chọn, chính sách khách sạn,v.v.). Vui lòng xem giá bằng cách nhập ngày của bạn.', 'Tôi có thể làm gì ở Blue House Nguyên Căn Ngay Trung Tâm Có Máy Lạnh?': 'Blue House Nguyên Căn Ngay Trung Tâm Có Máy Lạnh có những hoạt động/dịch vụ sau (có thể áp dụng phí): Cho thuê xe đạp'}"
https://www.booking.com/hotel/vn/mai-khanh-thanh-pho-da-lat.vi.html,"{'Mai Khanh Hotel có những loại phòng nào?': 'Lựa chọn phòng tại Mai Khanh Hotel bao gồm: Phòng giường đôi, Phòng 4 người, Phòng gia đình', 'Tôi có thể làm gì ở Mai Khanh Hotel?': 'Mai Khanh Hotel có những hoạt động/dịch vụ sau (có thể áp dụng phí):', 'Mai Khanh Hotel có phổ biến với các gia đình không?': 'Có, Mai Khanh Hotel khá phổ biến đối với khách đặt kỳ nghỉ gia đình.', 'Mai Khanh Hotel có giờ nhận và trả phòng như thế nào?': 'Mai Khanh Hotel có giờ nhận phòng từ 14:00 và giờ trả phòng trước 13:00.', 'Mai Khanh Hotel cách trung tâm Đà Lạt bao xa?': 'Mai Khanh Hotel cách trung tâm Đà Lạt 750 m.\nTất cả khoảng cách được đo theo đường thẳng. Khoảng cách di chuyển thực sự có thể khác.', 'Chi phí nghỉ tại Mai Khanh Hotel là bao nhiêu?': 'Giá tại Mai Khanh Hotel có thể khác nhau tùy vào kỳ nghỉ của bạn (ví dụ: ngày bạn chọn, chính sách khách sạn,v.v.). Vui lòng xem giá bằng cách nhập ngày của bạn.'}"
https://www.booking.com/hotel/vn/silent-night-dem-lanh.vi.html,"{'Tôi có thể làm gì ở Silent Night Dem Lanh Hotel?': 'Silent Night Dem Lanh Hotel có những hoạt động/dịch vụ sau (có thể áp dụng phí):', 'Chi phí nghỉ tại Silent Night Dem Lanh Hotel là bao nhiêu?': 'Giá tại Silent Night Dem Lanh Hotel có thể khác nhau tùy vào kỳ nghỉ của bạn (ví dụ: ngày bạn chọn, chính sách khách sạn,v.v.). Vui lòng xem giá bằng cách nhập ngày của bạn.', 'Silent Night Dem Lanh Hotel có những loại phòng nào?': 'Lựa chọn phòng tại Silent Night Dem Lanh Hotel bao gồm: Phòng giường đôi, Phòng gia đình, Suite', 'Silent Night Dem Lanh Hotel cách trung tâm Đà Lạt bao xa?': 'Silent Night Dem Lanh Hotel cách trung tâm Đà Lạt 600 m.\nTất cả khoảng cách được đo theo đường thẳng. Khoảng cách di chuyển thực sự có thể khác.', 'Silent Night Dem Lanh Hotel có giờ nhận và trả phòng như thế nào?': 'Silent Night Dem Lanh Hotel có giờ nhận phòng từ 14:00 và giờ trả phòng trước 11:30.'}"
https://www.booking.com/hotel/vn/lasol-boutique.vi.html,"{'Tôi có thể làm gì ở Lasol Boutique Hotel?': 'Lasol Boutique Hotel có những hoạt động/dịch vụ sau (có thể áp dụng phí):', 'Lasol Boutique Hotel có nhà hàng trong khuôn viên không?': 'Lasol Boutique Hotel có 1 nhà hàng: Lasol', 'Chi phí nghỉ tại Lasol Boutique Hotel là bao nhiêu?': 'Giá tại Lasol Boutique Hotel có thể khác nhau tùy vào kỳ nghỉ của bạn (ví dụ: ngày bạn chọn, chính sách khách sạn,v.v.). Vui lòng xem giá bằng cách nhập ngày của bạn.', 'Lasol Boutique Hotel cách trung tâm Đà Lạt bao xa?': 'Lasol Boutique Hotel cách trung tâm Đà Lạt 1,1 km.\nTất cả khoảng cách được đo theo đường thẳng. Khoảng cách di chuyển thực sự có thể khác.', 'Lasol Boutique Hotel có phổ biến với các gia đình không?': 'Có, Lasol Boutique Hotel khá phổ biến đối với khách đặt kỳ nghỉ gia đình.', 'Lasol Boutique Hotel có những loại phòng nào?': 'Lựa chọn phòng tại Lasol Boutique Hotel bao gồm: Phòng giường đôi, Phòng 2 giường đơn Phòng gia đình, Suite', 'Lasol Boutique Hotel có giờ nhận và trả phòng như thế nào?': 'Lasol Boutique Hotel có giờ nhận phòng từ 14:00 và giờ trả phòng trước 12:00.'}"
https://www.booking.com/hotel/vn/khach-san-greenhills.vi.html,"{'Chi phí nghỉ tại Khách Sạn Greenhills là bao nhiêu?': 'Giá tại Khách Sạn Greenhills có thể khác nhau tùy vào kỳ nghỉ của bạn (ví dụ: ngày bạn chọn, chính sách khách sạn,v.v.). Vui lòng xem giá bằng cách nhập ngày của bạn.', 'Khách Sạn Greenhills có giờ nhận và trả phòng như thế nào?': 'Khách Sạn Greenhills có giờ nhận phòng từ 12:00 và giờ trả phòng trước 11:00.', 'Khách Sạn Greenhills cách trung tâm Ấp Xuân An bao xa?': 'Khách Sạn Greenhills cách trung tâm Ấp Xuân An 1,3 km.\nTất cả khoảng cách được đo theo đường thẳng. Khoảng cách di chuyển thực sự có thể khác.', 'Khách Sạn Greenhills có nhà hàng trong khuôn viên không?': 'Khách Sạn Greenhills có 1 nhà hàng: Tiệm Nướng Trong Rừng', 'Khách Sạn Greenhills có những loại phòng nào?': 'Lựa chọn phòng tại Khách Sạn Greenhills bao gồm: Phòng 3 người', 'Tôi có thể làm gì ở Khách Sạn Greenhills?': 'Khách Sạn Greenhills có những hoạt động/dịch vụ sau (có thể áp dụng phí):'}"
https://www.booking.com/hotel/vn/khach-san-hung-nguyen-valley-dalat.vi.html,"{'Tôi có thể làm gì ở Khách Sạn Hưng Nguyên Valley ĐàLạt?': 'Khách Sạn Hưng Nguyên Valley Đà, Lạt có những hoạt động/dịch vụ sau (có thể áp dụng phí):', 'Khách Sạn Hưng Nguyên Valley ĐàLạt có những loại phòng nào?': 'Lựa chọn phòng tại Khách Sạn Hưng Nguyên Valley Đà, Lạt bao gồm: Phòng giường đôi, Phòng gia đình, Suite', 'Chi phí nghỉ tại Khách Sạn Hưng Nguyên Valley ĐàLạt là bao nhiêu?': 'Giá tại Khách Sạn Hưng Nguyên Valley Đà, Lạt có thể khác nhau tùy vào kỳ nghỉ của bạn (ví dụ: ngày bạn chọn, chính sách khách sạn,v.v.). Vui lòng xem giá bằng cách nhập ngày của bạn.', 'Khách Sạn Hưng Nguyên Valley ĐàLạt có giờ nhận và trả phòng như thế nào?': 'Khách Sạn Hưng Nguyên Valley Đà, Lạt có giờ nhận phòng từ 14:00 và giờ trả phòng trước 12:00.', 'Khách Sạn Hưng Nguyên Valley ĐàLạt cách trung tâm Đà Lạt bao xa?': 'Khách Sạn Hưng Nguyên Valley Đà, Lạt cách trung tâm Đà Lạt 2,4 km.\nTất cả khoảng cách được đo theo đường thẳng. Khoảng cách di chuyển thực sự có thể khác.'}"
https://www.booking.com/hotel/vn/amia-dalat.vi.html,"{'Amia Dalat có phổ biến với các gia đình không?': 'Có, Amia Dalat khá phổ biến đối với khách đặt kỳ nghỉ gia đình.', 'Chi phí nghỉ tại Amia Dalat là bao nhiêu?': 'Giá tại Amia Dalat có thể khác nhau tùy vào kỳ nghỉ của bạn (ví dụ: ngày bạn chọn, chính sách khách sạn,v.v.). Vui lòng xem giá bằng cách nhập ngày của bạn.', 'Amia Dalat có giờ nhận và trả phòng như thế nào?': 'Amia Dalat có giờ nhận phòng từ 14:00 và giờ trả phòng trước 12:30.', 'Tôi có thể làm gì ở Amia Dalat?': 'Amia Dalat có những hoạt động/dịch vụ sau (có thể áp dụng phí): Karaoke', 'Amia Dalat có những loại phòng nào?': 'Lựa chọn phòng tại Amia Dalat bao gồm: Phòng giường đôi', 'Amia Dalat cách trung tâm Đà Lạt bao xa?': 'Amia Dalat cách trung tâm Đà Lạt 4 km.\nTất cả khoảng cách được đo theo đường thẳng. Khoảng cách di chuyển thực sự có thể khác.'}"
https://www.booking.com/hotel/vn/berry-valley-homestay.vi.html,"{'Tôi có thể làm gì ở Berry Valley Homestay?': 'Berry Valley Homestay có những hoạt động/dịch vụ sau (có thể áp dụng phí):', 'Berry Valley Homestay cách trung tâm Đà Lạt bao xa?': 'Berry Valley Homestay cách trung tâm Đà Lạt 3,6 km.\nTất cả khoảng cách được đo theo đường thẳng. Khoảng cách di chuyển thực sự có thể khác.', 'Chi phí nghỉ tại Berry Valley Homestay là bao nhiêu?': 'Giá tại Berry Valley Homestay có thể khác nhau tùy vào kỳ nghỉ của bạn (ví dụ: ngày bạn chọn, chính sách khách sạn,v.v.). Vui lòng xem giá bằng cách nhập ngày của bạn.', 'Berry Valley Homestay có nhà hàng trong khuôn viên không?': 'Berry Valley Homestay có 1 nhà hàng: Berry Valley Restaurant', 'Berry Valley Homestay có phổ biến với các gia đình không?': 'Có, Berry Valley Homestay khá phổ biến đối với khách đặt kỳ nghỉ gia đình.', 'Berry Valley Homestay có giờ nhận và trả phòng như thế nào?': 'Berry Valley Homestay có giờ nhận phòng từ 14:00 và giờ trả phòng trước 12:00.', 'Berry Valley Homestay có những loại phòng nào?': 'Lựa chọn phòng tại Berry Valley Homestay bao gồm: Phòng giường đôi, Phòng đơn, Chalet, Nhà nghỉ dưỡng'}"
https://www.booking.com/hotel/vn/homestay-doi-may-loc-tan-bao-loc.vi.html,"{'Chi phí nghỉ tại Đồi Mây Homestay Bảo Lộc là bao nhiêu?': 'Giá tại Đồi Mây Homestay Bảo Lộc có thể khác nhau tùy vào kỳ nghỉ của bạn (ví dụ: ngày bạn chọn, chính sách khách sạn,v.v.). Vui lòng xem giá bằng cách nhập ngày của bạn.', 'Đồi Mây Homestay Bảo Lộc có nhà hàng trong khuôn viên không?': 'Đồi Mây Homestay Bảo Lộc có 1 nhà hàng: Restaurant #1', 'Đồi Mây Homestay Bảo Lộc có những loại phòng nào?': 'Lựa chọn phòng tại Đồi Mây Homestay Bảo Lộc bao gồm: Phòng giường đôi, Phòng 4 người, Bungalow', 'Đồi Mây Homestay Bảo Lộc có giờ nhận và trả phòng như thế nào?': 'Đồi Mây Homestay Bảo Lộc có giờ nhận phòng từ 12:00 và giờ trả phòng trước 14:00.', 'Đồi Mây Homestay Bảo Lộc có phổ biến với các gia đình không?': 'Có, Đồi Mây Homestay Bảo Lộc khá phổ biến đối với khách đặt kỳ nghỉ gia đình.', 'Đồi Mây Homestay Bảo Lộc cách trung tâm Bảo Lộc bao xa?': 'Đồi Mây Homestay Bảo Lộc cách trung tâm Bảo Lộc 11 km.\nTất cả khoảng cách được đo theo đường thẳng. Khoảng cách di chuyển thực sự có thể khác.', 'Tôi có thể làm gì ở Đồi Mây Homestay Bảo Lộc?': 'Đồi Mây Homestay Bảo Lộc có những hoạt động/dịch vụ sau (có thể áp dụng phí):'}"
https://www.booking.com/hotel/vn/villa-miami-da-lat-wonder.vi.html,"{'Villa Tuan Vu Da Lat cách trung tâm Đà Lạt bao xa?': 'Villa Tuan Vu Da Lat cách trung tâm Đà Lạt 5 km.\nTất cả khoảng cách được đo theo đường thẳng. Khoảng cách di chuyển thực sự có thể khác.', 'Villa Tuan Vu Da Lat có giờ nhận và trả phòng như thế nào?': 'Villa Tuan Vu Da Lat có giờ nhận phòng từ 21:00 và giờ trả phòng trước 09:00.', 'Tôi có thể làm gì ở Villa Tuan Vu Da Lat?': 'Villa Tuan Vu Da Lat có những hoạt động/dịch vụ sau (có thể áp dụng phí): Tour đi bộ, Tour/lớp về văn hóa địa phương, Bữa tối theo chủ đề, Cho thuê xe đạp, Tour đi xe đạp, Lớp dạy nấu ăn, Giờ vàng', 'Villa Tuan Vu Da Lat có những loại phòng nào?': 'Lựa chọn phòng tại Villa Tuan Vu Da Lat bao gồm: Phòng giường đôi, Phòng gia đình', 'Chi phí nghỉ tại Villa Tuan Vu Da Lat là bao nhiêu?': 'Giá tại Villa Tuan Vu Da Lat có thể khác nhau tùy vào kỳ nghỉ của bạn (ví dụ: ngày bạn chọn, chính sách khách sạn,v.v.). Vui lòng xem giá bằng cách nhập ngày của bạn.'}"
https://www.booking.com/hotel/vn/hoang-lam-da-lat.vi.html,"{'Tôi có thể làm gì ở VX Hotel?': 'V, X Hotel có những hoạt động/dịch vụ sau (có thể áp dụng phí): Đi bộ đường dài, Tour đi bộ, Biểu diễn/nhạc sống', 'VX Hotel có những loại phòng nào?': 'Lựa chọn phòng tại V, X Hotel bao gồm: Phòng giường đôi, Phòng gia đình, Suite, Phòng 4 người, Phòng 3 người', 'Chi phí nghỉ tại VX Hotel là bao nhiêu?': 'Giá tại V, X Hotel có thể khác nhau tùy vào kỳ nghỉ của bạn (ví dụ: ngày bạn chọn, chính sách khách sạn,v.v.). Vui lòng xem giá bằng cách nhập ngày của bạn.', 'VX Hotel cách trung tâm Đà Lạt bao xa?': 'V, X Hotel cách trung tâm Đà Lạt 1,9 km.\nTất cả khoảng cách được đo theo đường thẳng. Khoảng cách di chuyển thực sự có thể khác.', 'VX Hotel có giờ nhận và trả phòng như thế nào?': 'V, X Hotel có giờ nhận phòng từ 14:00 và giờ trả phòng trước 12:00.'}"
https://www.booking.com/hotel/vn/memory-da-lat-thanh-pho-da-lat.vi.html,"{'Memory Hotel Da Lat cách trung tâm Đà Lạt bao xa?': 'Memory Hotel Da Lat cách trung tâm Đà Lạt 800 m.\nTất cả khoảng cách được đo theo đường thẳng. Khoảng cách di chuyển thực sự có thể khác.', 'Memory Hotel Da Lat có những loại phòng nào?': 'Lựa chọn phòng tại Memory Hotel Da Lat bao gồm: Phòng giường đôi, Phòng gia đình', 'Memory Hotel Da Lat có bể sục cho khách không?': 'Chỗ nghỉ có bể sục. Bạn có thể tìm hiểu thêm về điều này và các tiện nghi khác tại Memory Hotel Da Lat trên trang này.', 'Tôi có thể làm gì ở Memory Hotel Da Lat?': 'Memory Hotel Da Lat có những hoạt động/dịch vụ sau (có thể áp dụng phí): Bồn tắm nóng/bể sục (Jacuzzi)', 'Memory Hotel Da Lat có giờ nhận và trả phòng như thế nào?': 'Memory Hotel Da Lat có giờ nhận phòng từ 14:00 và giờ trả phòng trước 12:00.', 'Memory Hotel Da Lat có phổ biến với các gia đình không?': 'Có, Memory Hotel Da Lat khá phổ biến đối với khách đặt kỳ nghỉ gia đình.', 'Chi phí nghỉ tại Memory Hotel Da Lat là bao nhiêu?': 'Giá tại Memory Hotel Da Lat có thể khác nhau tùy vào kỳ nghỉ của bạn (ví dụ: ngày bạn chọn, chính sách khách sạn,v.v.). Vui lòng xem giá bằng cách nhập ngày của bạn.'}"
https://www.booking.com/hotel/vn/the-sun-house-thanh-pho-da-lat1.vi.html,"{'Tôi có thể làm gì ở The Sun House?': 'The Sun House có những hoạt động/dịch vụ sau (có thể áp dụng phí): Cho thuê xe đạp', 'The Sun House có giờ nhận và trả phòng như thế nào?': 'The Sun House có giờ nhận phòng từ 14:00 và giờ trả phòng trước 12:00.', 'Chi phí nghỉ tại The Sun House là bao nhiêu?': 'Giá tại The Sun House có thể khác nhau tùy vào kỳ nghỉ của bạn (ví dụ: ngày bạn chọn, chính sách khách sạn,v.v.). Vui lòng xem giá bằng cách nhập ngày của bạn.', 'The Sun House cách trung tâm Ấp Kim Thạch bao xa?': 'The Sun House cách trung tâm Ấp Kim Thạch 600 m.\nTất cả khoảng cách được đo theo đường thẳng. Khoảng cách di chuyển thực sự có thể khác.'}"
https://www.booking.com/hotel/vn/golf-suite.vi.html,"{'TTC Hotel - Da Lat có những loại phòng nào?': 'Lựa chọn phòng tại T, T, C Hotel - Da Lat bao gồm: Phòng 2 giường đơn Phòng giường đôi', 'Chi phí nghỉ tại TTC Hotel - Da Lat là bao nhiêu?': 'Giá tại T, T, C Hotel - Da Lat có thể khác nhau tùy vào kỳ nghỉ của bạn (ví dụ: ngày bạn chọn, chính sách khách sạn,v.v.). Vui lòng xem giá bằng cách nhập ngày của bạn.', 'Tôi có thể làm gì ở TTC Hotel - Da Lat?': 'T, T, C Hotel - Da Lat có những hoạt động/dịch vụ sau (có thể áp dụng phí):', 'TTC Hotel - Da Lat có giờ nhận và trả phòng như thế nào?': 'T, T, C Hotel - Da Lat có giờ nhận phòng từ 14:00 và giờ trả phòng trước 12:00.', 'TTC Hotel - Da Lat cách trung tâm Đà Lạt bao xa?': 'T, T, C Hotel - Da Lat cách trung tâm Đà Lạt 150 m.\nTất cả khoảng cách được đo theo đường thẳng. Khoảng cách di chuyển thực sự có thể khác.', 'TTC Hotel - Da Lat có nhà hàng trong khuôn viên không?': 'T, T, C Hotel - Da Lat có 1 nhà hàng: Mimosa'}"
https://www.booking.com/hotel/vn/dora-homestay.vi.html,"{'Evangeline House cách trung tâm Đà Lạt bao xa?': 'Evangeline House cách trung tâm Đà Lạt 1,1 km.\nTất cả khoảng cách được đo theo đường thẳng. Khoảng cách di chuyển thực sự có thể khác.', 'Chi phí nghỉ tại Evangeline House là bao nhiêu?': 'Giá tại Evangeline House có thể khác nhau tùy vào kỳ nghỉ của bạn (ví dụ: ngày bạn chọn, chính sách khách sạn,v.v.). Vui lòng xem giá bằng cách nhập ngày của bạn.', 'Tôi có thể làm gì ở Evangeline House?': 'Evangeline House có những hoạt động/dịch vụ sau (có thể áp dụng phí):', 'Evangeline House có giờ nhận và trả phòng như thế nào?': 'Evangeline House có giờ nhận phòng từ 03:00 và giờ trả phòng trước 15:00.'}"
https://www.booking.com/hotel/vn/dalat-palace.vi.html,"{'Tôi có thể làm gì ở Dalat Palace Heritage Hotel?': 'Dalat Palace Heritage Hotel có những hoạt động/dịch vụ sau (có thể áp dụng phí): Trung tâm Spa & chăm sóc sức khoẻTrung tâm thể dục, Phòng xông hơi, Massage, Sân chơi trẻ em, Karaoke, Sân gôn (trong vòng 3km)Giờ vàng, Phòng gym, Tiện Nghi Spa, Vũ trường/D, J, Mát-xa toàn thân', 'Chi phí nghỉ tại Dalat Palace Heritage Hotel là bao nhiêu?': 'Giá tại Dalat Palace Heritage Hotel có thể khác nhau tùy vào kỳ nghỉ của bạn (ví dụ: ngày bạn chọn, chính sách khách sạn,v.v.). Vui lòng xem giá bằng cách nhập ngày của bạn.', 'Dalat Palace Heritage Hotel có giờ nhận và trả phòng như thế nào?': 'Dalat Palace Heritage Hotel có giờ nhận phòng từ 14:00 và giờ trả phòng trước 12:00.', 'Dalat Palace Heritage Hotel cách trung tâm Đà Lạt bao xa?': 'Dalat Palace Heritage Hotel cách trung tâm Đà Lạt 800 m.\nTất cả khoảng cách được đo theo đường thẳng. Khoảng cách di chuyển thực sự có thể khác.', 'Dalat Palace Heritage Hotel có nhà hàng trong khuôn viên không?': 'Dalat Palace Heritage Hotel có 1 nhà hàng: Le Rabelais', 'Dalat Palace Heritage Hotel có phục vụ dạng bữa sáng nào?': 'Khách lưu trú tại Dalat Palace Heritage Hotel có thể tận hưởng bữa sáng được đánh giá cao trong kỳ nghỉ của họ (điểm đánh giá của khách: 9.2)\n\nLựa chọn bữa sáng bao gồm: Kiểu Á, Kiểu Mỹ', 'Dalat Palace Heritage Hotel có những loại phòng nào?': 'Lựa chọn phòng tại Dalat Palace Heritage Hotel bao gồm: Phòng giường đôi/2 giường đơn, Phòng giường đôi, Suite, Phòng gia đình'}"
https://www.booking.com/hotel/vn/thanh-anh-2.vi.html,"{'Chi phí nghỉ tại Thanh Anh 2 Hotel - Gần Chợ Đêm Đà Lạt là bao nhiêu?': 'Giá tại Thanh Anh 2 Hotel - Gần Chợ Đêm Đà Lạt có thể khác nhau tùy vào kỳ nghỉ của bạn (ví dụ: ngày bạn chọn, chính sách khách sạn,v.v.). Vui lòng xem giá bằng cách nhập ngày của bạn.', 'Thanh Anh 2 Hotel - Gần Chợ Đêm Đà Lạt có giờ nhận và trả phòng như thế nào?': 'Thanh Anh 2 Hotel - Gần Chợ Đêm Đà Lạt có giờ nhận phòng từ 12:30 và giờ trả phòng trước 11:30.', 'Tôi có thể làm gì ở Thanh Anh 2 Hotel - Gần Chợ Đêm Đà Lạt?': 'Thanh Anh 2 Hotel - Gần Chợ Đêm Đà Lạt có những hoạt động/dịch vụ sau (có thể áp dụng phí): Cho thuê xe đạp', 'Thanh Anh 2 Hotel - Gần Chợ Đêm Đà Lạt cách trung tâm Đà Lạt bao xa?': 'Thanh Anh 2 Hotel - Gần Chợ Đêm Đà Lạt cách trung tâm Đà Lạt 200 m.\nTất cả khoảng cách được đo theo đường thẳng. Khoảng cách di chuyển thực sự có thể khác.', 'Thanh Anh 2 Hotel - Gần Chợ Đêm Đà Lạt có những loại phòng nào?': 'Lựa chọn phòng tại Thanh Anh 2 Hotel - Gần Chợ Đêm Đà Lạt bao gồm: Phòng 3 người, Phòng giường đôi, Phòng 4 người, Phòng gia đình'}"
https://www.booking.com/hotel/vn/tho-non-garden-bao-loc-center.vi.html,"{'Thỏ Non Garden Bảo Lộc Corner 01 có phổ biến với các gia đình không?': 'Có, Thỏ Non Garden Bảo Lộc Corner 01 khá phổ biến đối với khách đặt kỳ nghỉ gia đình.', 'Tôi có thể làm gì ở Thỏ Non Garden Bảo Lộc Corner 01?': 'Thỏ Non Garden Bảo Lộc Corner 01 có những hoạt động/dịch vụ sau (có thể áp dụng phí):', 'Thỏ Non Garden Bảo Lộc Corner 01 cách trung tâm Bảo Lộc bao xa?': 'Thỏ Non Garden Bảo Lộc Corner 01 cách trung tâm Bảo Lộc 1,3 km.\nTất cả khoảng cách được đo theo đường thẳng. Khoảng cách di chuyển thực sự có thể khác.', 'Thỏ Non Garden Bảo Lộc Corner 01 có sân hiên không?': 'Có, nhiều lựa chọn tại chỗ nghỉ này có sân hiên. Bạn có thể tìm hiểu thêm về điều này và các tiện nghi khác tại Thỏ Non Garden Bảo Lộc Corner 01 trên trang này.', 'Chi phí nghỉ tại Thỏ Non Garden Bảo Lộc Corner 01 là bao nhiêu?': 'Giá tại Thỏ Non Garden Bảo Lộc Corner 01 có thể khác nhau tùy vào kỳ nghỉ của bạn (ví dụ: ngày bạn chọn, chính sách khách sạn,v.v.). Vui lòng xem giá bằng cách nhập ngày của bạn.', 'Thỏ Non Garden Bảo Lộc Corner 01 có giờ nhận và trả phòng như thế nào?': 'Thỏ Non Garden Bảo Lộc Corner 01 có giờ nhận phòng từ 14:00 và giờ trả phòng trước 11:00.', 'Thỏ Non Garden Bảo Lộc Corner 01 có bao nhiêu phòng ngủ?': 'Thỏ Non Garden Bảo Lộc Corner 01 có số lượng phòng ngủ như sau: 3 phòng ngủ\n\nĐể biết thêm thông tin, vui lòng kiểm tra chi tiết (các) lựa chọn chỗ nghỉ ở trang này.', 'Bao nhiêu khách có thể lưu trú tại Thỏ Non Garden Bảo Lộc Corner 01?': 'Thỏ Non Garden Bảo Lộc Corner 01 có thể tiếp đón nhóm có số lượng như sau: 10 khách\n\nĐể biết thêm thông tin, vui lòng kiểm tra chi tiết (các) lựa chọn chỗ nghỉ ở trang này.'}"
https://www.booking.com/hotel/vn/canary-dalat.vi.html,"{'Canary Dalat Hotel có nhà hàng trong khuôn viên không?': 'Canary Dalat Hotel có 1 nhà hàng: Restaurant #1', 'Canary Dalat Hotel có phổ biến với các gia đình không?': 'Có, Canary Dalat Hotel khá phổ biến đối với khách đặt kỳ nghỉ gia đình.', 'Canary Dalat Hotel có giờ nhận và trả phòng như thế nào?': 'Canary Dalat Hotel có giờ nhận phòng từ 14:00 và giờ trả phòng trước 12:00.', 'Chi phí nghỉ tại Canary Dalat Hotel là bao nhiêu?': 'Giá tại Canary Dalat Hotel có thể khác nhau tùy vào kỳ nghỉ của bạn (ví dụ: ngày bạn chọn, chính sách khách sạn,v.v.). Vui lòng xem giá bằng cách nhập ngày của bạn.', 'Canary Dalat Hotel cách trung tâm Đà Lạt bao xa?': 'Canary Dalat Hotel cách trung tâm Đà Lạt 3,2 km.\nTất cả khoảng cách được đo theo đường thẳng. Khoảng cách di chuyển thực sự có thể khác.', 'Tôi có thể làm gì ở Canary Dalat Hotel?': 'Canary Dalat Hotel có những hoạt động/dịch vụ sau (có thể áp dụng phí):', 'Canary Dalat Hotel có những loại phòng nào?': 'Lựa chọn phòng tại Canary Dalat Hotel bao gồm: Phòng giường đôi, Phòng 2 giường đơn Căn hộPhòng 3 người, Phòng gia đình'}"
https://www.booking.com/hotel/vn/thien-ha-thanh-pho-da-lat.vi.html,"{'Mina Thien Ha có giờ nhận và trả phòng như thế nào?': 'Mina Thien Ha có giờ nhận phòng từ 14:00 và giờ trả phòng trước 11:00.', 'Chi phí nghỉ tại Mina Thien Ha là bao nhiêu?': 'Giá tại Mina Thien Ha có thể khác nhau tùy vào kỳ nghỉ của bạn (ví dụ: ngày bạn chọn, chính sách khách sạn,v.v.). Vui lòng xem giá bằng cách nhập ngày của bạn.', 'Mina Thien Ha có phổ biến với các gia đình không?': 'Có, Mina Thien Ha khá phổ biến đối với khách đặt kỳ nghỉ gia đình.', 'Tôi có thể làm gì ở Mina Thien Ha?': 'Mina Thien Ha có những hoạt động/dịch vụ sau (có thể áp dụng phí): Tour đi bộ, Cho thuê xe đạp', 'Mina Thien Ha cách trung tâm Đà Lạt bao xa?': 'Mina Thien Ha cách trung tâm Đà Lạt 800 m.\nTất cả khoảng cách được đo theo đường thẳng. Khoảng cách di chuyển thực sự có thể khác.'}"
https://www.booking.com/hotel/vn/zen-valley-dalat.vi.html,"{'Zen Valley Dalat có những loại phòng nào?': 'Lựa chọn phòng tại Zen Valley Dalat bao gồm: Bungalow, Phòng 3 người, Phòng giường đôi', 'Chi phí nghỉ tại Zen Valley Dalat là bao nhiêu?': 'Giá tại Zen Valley Dalat có thể khác nhau tùy vào kỳ nghỉ của bạn (ví dụ: ngày bạn chọn, chính sách khách sạn,v.v.). Vui lòng xem giá bằng cách nhập ngày của bạn.', 'Zen Valley Dalat có hồ bơi không?': 'Có, khách sạn này có hồ bơi. Tìm hiểu chi tiết về hồ bơi và các tiện nghi khác trong trang này.', 'Zen Valley Dalat có giờ nhận và trả phòng như thế nào?': 'Zen Valley Dalat có giờ nhận phòng từ 14:00 và giờ trả phòng trước 12:00.', 'Tôi có thể làm gì ở Zen Valley Dalat?': 'Zen Valley Dalat có những hoạt động/dịch vụ sau (có thể áp dụng phí): Trung tâm thể dục, Bồn tắm nóng/bể sục (Jacuzzi)Xe đạp, Sân chơi trẻ em, Câu cáPhòng tắm nắng, Câu lạc bộ trẻ em, Cưỡi ngựa, Hồ bơi, Cho thuê xe đạp, Phòng tắm chung, Phòng gym', 'Zen Valley Dalat có phổ biến với các gia đình không?': 'Có, Zen Valley Dalat khá phổ biến đối với khách đặt kỳ nghỉ gia đình.', 'Zen Valley Dalat cách trung tâm Đà Lạt bao xa?': 'Zen Valley Dalat cách trung tâm Đà Lạt 2,5 km.\nTất cả khoảng cách được đo theo đường thẳng. Khoảng cách di chuyển thực sự có thể khác.', 'Zen Valley Dalat có bể sục cho khách không?': 'Chỗ nghỉ có bể sục. Bạn có thể tìm hiểu thêm về điều này và các tiện nghi khác tại Zen Valley Dalat trên trang này.'}"
https://www.booking.com/hotel/vn/memories.vi.html,"{'Chi phí nghỉ tại Memories Hotel là bao nhiêu?': 'Giá tại Memories Hotel có thể khác nhau tùy vào kỳ nghỉ của bạn (ví dụ: ngày bạn chọn, chính sách khách sạn,v.v.). Vui lòng xem giá bằng cách nhập ngày của bạn.', 'Memories Hotel cách trung tâm Bảo Lộc bao xa?': 'Memories Hotel cách trung tâm Bảo Lộc 3 km.\nTất cả khoảng cách được đo theo đường thẳng. Khoảng cách di chuyển thực sự có thể khác.', 'Memories Hotel có giờ nhận và trả phòng như thế nào?': 'Memories Hotel có giờ nhận phòng từ 14:00 và giờ trả phòng trước 12:00.', 'Tôi có thể làm gì ở Memories Hotel?': 'Memories Hotel có những hoạt động/dịch vụ sau (có thể áp dụng phí):', 'Memories Hotel có phổ biến với các gia đình không?': 'Có, Memories Hotel khá phổ biến đối với khách đặt kỳ nghỉ gia đình.', 'Memories Hotel có những loại phòng nào?': 'Lựa chọn phòng tại Memories Hotel bao gồm: Phòng 2 giường đơn Phòng giường đôi, Suite, Phòng gia đình, Phòng 4 người, Phòng 3 người', 'Memories Hotel có nhà hàng trong khuôn viên không?': 'Memories Hotel có 1 nhà hàng: Nhà hàng #1'}"
https://www.booking.com/hotel/vn/ladalat.vi.html,"{'Tôi có thể làm gì ở LADALAT Hotel?': 'L, A, D, A, L, A, T Hotel có những hoạt động/dịch vụ sau (có thể áp dụng phí): Trung tâm Spa & chăm sóc sức khoẻBồn tắm nóng/bể sục (Jacuzzi)Trung tâm thể dục, Phòng xông hơi, Massage, Sân chơi trẻ em, Karaoke, Câu lạc bộ trẻ em, Khu vực thư giãn/spa lounge, Giờ vàng, Tiện Nghi Spa, Hồ bơi, Mát-xa toàn thân, Phòng gửi đồ ở spa/gym, Phòng xông hơi ướt, Phòng tắm chung, Gói spa/chăm sóc sức khỏe, Ghế mát-xa', 'LADALAT Hotel có giờ nhận và trả phòng như thế nào?': 'L, A, D, A, L, A, T Hotel có giờ nhận phòng từ 14:00 và giờ trả phòng trước 11:00.', 'LADALAT Hotel có hồ bơi không?': 'Có, khách sạn này có hồ bơi. Tìm hiểu chi tiết về hồ bơi và các tiện nghi khác trong trang này.', 'LADALAT Hotel có những loại phòng nào?': 'Lựa chọn phòng tại L, A, D, A, L, A, T Hotel bao gồm: Phòng 3 người, Phòng giường đôi, Phòng 2 giường đơn Suite, Phòng gia đình', 'LADALAT Hotel cách trung tâm Đà Lạt bao xa?': 'L, A, D, A, L, A, T Hotel cách trung tâm Đà Lạt 4,2 km.\nTất cả khoảng cách được đo theo đường thẳng. Khoảng cách di chuyển thực sự có thể khác.', 'LADALAT Hotel có phổ biến với các gia đình không?': 'Có, L, A, D, A, L, A, T Hotel khá phổ biến đối với khách đặt kỳ nghỉ gia đình.', 'LADALAT Hotel có phục vụ dạng bữa sáng nào?': 'Khách lưu trú tại L, A, D, A, L, A, T Hotel có thể tận hưởng bữa sáng được đánh giá cao trong kỳ nghỉ của họ (điểm đánh giá của khách: 3.8)\n\nLựa chọn bữa sáng bao gồm: Kiểu Á, Tự chọn', 'LADALAT Hotel có bể sục cho khách không?': 'Chỗ nghỉ có bể sục. Bạn có thể tìm hiểu thêm về điều này và các tiện nghi khác tại L, A, D, A, L, A, T Hotel trên trang này.', 'LADALAT Hotel có nhà hàng trong khuôn viên không?': 'L, A, D, A, L, A, T Hotel có 3 nhà hàng: Lavande Restaurant, Da Quy Restaurant, Le Jasmin', 'Chi phí nghỉ tại LADALAT Hotel là bao nhiêu?': 'Giá tại L, A, D, A, L, A, T Hotel có thể khác nhau tùy vào kỳ nghỉ của bạn (ví dụ: ngày bạn chọn, chính sách khách sạn,v.v.). Vui lòng xem giá bằng cách nhập ngày của bạn.'}"
https://www.booking.com/hotel/vn/bidv-central-da-lat-da-lat5.vi.html,"{'BIDV Central Da Lat Hotel cách trung tâm Đà Lạt bao xa?': 'B, I, D, V Central Da Lat Hotel cách trung tâm Đà Lạt 750 m.\nTất cả khoảng cách được đo theo đường thẳng. Khoảng cách di chuyển thực sự có thể khác.', 'BIDV Central Da Lat Hotel có giờ nhận và trả phòng như thế nào?': 'B, I, D, V Central Da Lat Hotel có giờ nhận phòng từ 14:00 và giờ trả phòng trước 12:00.', 'BIDV Central Da Lat Hotel có phục vụ dạng bữa sáng nào?': 'Khách lưu trú tại B, I, D, V Central Da Lat Hotel có thể tận hưởng bữa sáng được đánh giá cao trong kỳ nghỉ của họ (điểm đánh giá của khách: 6.2)\n\nLựa chọn bữa sáng bao gồm: Tự chọn, Gọi món (à la carte)', 'BIDV Central Da Lat Hotel có nhà hàng trong khuôn viên không?': 'B, I, D, V Central Da Lat Hotel có 1 nhà hàng: Restaurant #1', 'Tôi có thể làm gì ở BIDV Central Da Lat Hotel?': 'B, I, D, V Central Da Lat Hotel có những hoạt động/dịch vụ sau (có thể áp dụng phí): Xe đạp, Phi tiêu, Tour đi bộ, Cưỡi ngựa, Tour đi xe đạp, Cho thuê xe đạp, Bắn cung', 'BIDV Central Da Lat Hotel có những loại phòng nào?': 'Lựa chọn phòng tại B, I, D, V Central Da Lat Hotel bao gồm: Phòng giường đôi, Phòng giường đôi/2 giường đơn, Phòng 3 người, Phòng gia đình', 'Chi phí nghỉ tại BIDV Central Da Lat Hotel là bao nhiêu?': 'Giá tại B, I, D, V Central Da Lat Hotel có thể khác nhau tùy vào kỳ nghỉ của bạn (ví dụ: ngày bạn chọn, chính sách khách sạn,v.v.). Vui lòng xem giá bằng cách nhập ngày của bạn.', 'BIDV Central Da Lat Hotel có phổ biến với các gia đình không?': 'Có, B, I, D, V Central Da Lat Hotel khá phổ biến đối với khách đặt kỳ nghỉ gia đình.'}"
https://www.booking.com/hotel/vn/ruby-39-s-house.vi.html,"{'Tôi có thể làm gì ở Ruby Dalat Hostel?': 'Ruby Dalat Hostel có những hoạt động/dịch vụ sau (có thể áp dụng phí): Đi bộ đường dài, Sân gôn (trong vòng 3km)Tour đi bộ', 'Ruby Dalat Hostel có giờ nhận và trả phòng như thế nào?': 'Ruby Dalat Hostel có giờ nhận phòng từ 13:00 và giờ trả phòng trước 12:00.', 'Ruby Dalat Hostel cách trung tâm Đà Lạt bao xa?': 'Ruby Dalat Hostel cách trung tâm Đà Lạt 700 m.\nTất cả khoảng cách được đo theo đường thẳng. Khoảng cách di chuyển thực sự có thể khác.', 'Chi phí nghỉ tại Ruby Dalat Hostel là bao nhiêu?': 'Giá tại Ruby Dalat Hostel có thể khác nhau tùy vào kỳ nghỉ của bạn (ví dụ: ngày bạn chọn, chính sách khách sạn,v.v.). Vui lòng xem giá bằng cách nhập ngày của bạn.', 'Ruby Dalat Hostel có những loại phòng nào?': 'Lựa chọn phòng tại Ruby Dalat Hostel bao gồm: Phòng giường đôi'}"
https://www.booking.com/hotel/vn/bao-dang.vi.html,"{'HANZ Hoa Dang Hotel có phổ biến với các gia đình không?': 'Có, H, A, N, Z Hoa Dang Hotel khá phổ biến đối với khách đặt kỳ nghỉ gia đình.', 'HANZ Hoa Dang Hotel cách trung tâm Đà Lạt bao xa?': 'H, A, N, Z Hoa Dang Hotel cách trung tâm Đà Lạt 1 km.\nTất cả khoảng cách được đo theo đường thẳng. Khoảng cách di chuyển thực sự có thể khác.', 'Chi phí nghỉ tại HANZ Hoa Dang Hotel là bao nhiêu?': 'Giá tại H, A, N, Z Hoa Dang Hotel có thể khác nhau tùy vào kỳ nghỉ của bạn (ví dụ: ngày bạn chọn, chính sách khách sạn,v.v.). Vui lòng xem giá bằng cách nhập ngày của bạn.', 'HANZ Hoa Dang Hotel có giờ nhận và trả phòng như thế nào?': 'H, A, N, Z Hoa Dang Hotel có giờ nhận phòng từ 15:00 và giờ trả phòng trước 12:00.', 'HANZ Hoa Dang Hotel có những loại phòng nào?': 'Lựa chọn phòng tại H, A, N, Z Hoa Dang Hotel bao gồm: Phòng giường đôi, Phòng 4 người, Phòng gia đình, Suite', 'Tôi có thể làm gì ở HANZ Hoa Dang Hotel?': 'H, A, N, Z Hoa Dang Hotel có những hoạt động/dịch vụ sau (có thể áp dụng phí): Cho thuê xe đạp'}"
https://www.booking.com/hotel/vn/villa-pinkhouse.vi.html,"{'Villa Pink House cách trung tâm Đà Lạt bao xa?': 'Villa Pink House cách trung tâm Đà Lạt 800 m.\nTất cả khoảng cách được đo theo đường thẳng. Khoảng cách di chuyển thực sự có thể khác.', 'Villa Pink House có giờ nhận và trả phòng như thế nào?': 'Villa Pink House có giờ nhận phòng từ 14:00 và giờ trả phòng trước 12:00.', 'Villa Pink House có những loại phòng nào?': 'Lựa chọn phòng tại Villa Pink House bao gồm: Phòng giường đôi, Phòng 3 người, Phòng 2 giường đơn Phòng đơn', 'Chi phí nghỉ tại Villa Pink House là bao nhiêu?': 'Giá tại Villa Pink House có thể khác nhau tùy vào kỳ nghỉ của bạn (ví dụ: ngày bạn chọn, chính sách khách sạn,v.v.). Vui lòng xem giá bằng cách nhập ngày của bạn.', 'Tôi có thể làm gì ở Villa Pink House?': 'Villa Pink House có những hoạt động/dịch vụ sau (có thể áp dụng phí): Tour/lớp về văn hóa địa phương'}"
https://www.booking.com/hotel/vn/gold-dream-thanh-pho-da-lat1.vi.html,"{'Gold Dream Hotel cách trung tâm Đà Lạt bao xa?': 'Gold Dream Hotel cách trung tâm Đà Lạt 500 m.\nTất cả khoảng cách được đo theo đường thẳng. Khoảng cách di chuyển thực sự có thể khác.', 'Gold Dream Hotel có phổ biến với các gia đình không?': 'Có, Gold Dream Hotel khá phổ biến đối với khách đặt kỳ nghỉ gia đình.', 'Gold Dream Hotel có bể sục cho khách không?': 'Chỗ nghỉ có bể sục. Bạn có thể tìm hiểu thêm về điều này và các tiện nghi khác tại Gold Dream Hotel trên trang này.', 'Gold Dream Hotel có giờ nhận và trả phòng như thế nào?': 'Gold Dream Hotel có giờ nhận phòng từ 13:00 và giờ trả phòng trước 12:00.', 'Tôi có thể làm gì ở Gold Dream Hotel?': 'Gold Dream Hotel có những hoạt động/dịch vụ sau (có thể áp dụng phí): Bồn tắm nóng/bể sục (Jacuzzi)Cho thuê xe đạp', 'Chi phí nghỉ tại Gold Dream Hotel là bao nhiêu?': 'Giá tại Gold Dream Hotel có thể khác nhau tùy vào kỳ nghỉ của bạn (ví dụ: ngày bạn chọn, chính sách khách sạn,v.v.). Vui lòng xem giá bằng cách nhập ngày của bạn.', 'Gold Dream Hotel có những loại phòng nào?': 'Lựa chọn phòng tại Gold Dream Hotel bao gồm: Phòng giường đôi, Phòng gia đình'}"
https://www.booking.com/hotel/vn/ngoc-trai-vang.vi.html,"{'Tôi có thể làm gì ở Ngoc Trai Vang Hotel?': 'Ngoc Trai Vang Hotel có những hoạt động/dịch vụ sau (có thể áp dụng phí): Tour/lớp về văn hóa địa phương', 'Ngoc Trai Vang Hotel có giờ nhận và trả phòng như thế nào?': 'Ngoc Trai Vang Hotel có giờ nhận phòng từ 14:00 và giờ trả phòng trước 12:00.', 'Chi phí nghỉ tại Ngoc Trai Vang Hotel là bao nhiêu?': 'Giá tại Ngoc Trai Vang Hotel có thể khác nhau tùy vào kỳ nghỉ của bạn (ví dụ: ngày bạn chọn, chính sách khách sạn,v.v.). Vui lòng xem giá bằng cách nhập ngày của bạn.', 'Ngoc Trai Vang Hotel có những loại phòng nào?': 'Lựa chọn phòng tại Ngoc Trai Vang Hotel bao gồm: Phòng giường đôi, Phòng 4 người', 'Ngoc Trai Vang Hotel cách trung tâm Đà Lạt bao xa?': 'Ngoc Trai Vang Hotel cách trung tâm Đà Lạt 600 m.\nTất cả khoảng cách được đo theo đường thẳng. Khoảng cách di chuyển thực sự có thể khác.'}"
https://www.booking.com/hotel/vn/rl-boutique-dalat.vi.html,"{'RL Boutique Dalat cách trung tâm Đà Lạt bao xa?': 'R, L Boutique Dalat cách trung tâm Đà Lạt 1,2 km.\nTất cả khoảng cách được đo theo đường thẳng. Khoảng cách di chuyển thực sự có thể khác.', 'RL Boutique Dalat có phổ biến với các gia đình không?': 'Có, R, L Boutique Dalat khá phổ biến đối với khách đặt kỳ nghỉ gia đình.', 'RL Boutique Dalat có những loại phòng nào?': 'Lựa chọn phòng tại R, L Boutique Dalat bao gồm: Phòng giường đôi/2 giường đơn, Phòng gia đình, Phòng giường đôi', 'Tôi có thể làm gì ở RL Boutique Dalat?': 'R, L Boutique Dalat có những hoạt động/dịch vụ sau (có thể áp dụng phí):', 'Chi phí nghỉ tại RL Boutique Dalat là bao nhiêu?': 'Giá tại R, L Boutique Dalat có thể khác nhau tùy vào kỳ nghỉ của bạn (ví dụ: ngày bạn chọn, chính sách khách sạn,v.v.). Vui lòng xem giá bằng cách nhập ngày của bạn.', 'RL Boutique Dalat có giờ nhận và trả phòng như thế nào?': 'R, L Boutique Dalat có giờ nhận phòng từ 14:00 và giờ trả phòng trước 12:00.'}"
https://www.booking.com/hotel/vn/hien-nha-co-hoa-homestay.vi.html,"{'Hiên Nhà Có Hoa Homestay có phổ biến với các gia đình không?': 'Có, Hiên Nhà Có Hoa Homestay khá phổ biến đối với khách đặt kỳ nghỉ gia đình.', 'Hiên Nhà Có Hoa Homestay cách trung tâm Đà Lạt bao xa?': 'Hiên Nhà Có Hoa Homestay cách trung tâm Đà Lạt 4 km.\nTất cả khoảng cách được đo theo đường thẳng. Khoảng cách di chuyển thực sự có thể khác.', 'Hiên Nhà Có Hoa Homestay có những loại phòng nào?': 'Lựa chọn phòng tại Hiên Nhà Có Hoa Homestay bao gồm: Phòng giường đôi, Phòng 4 người, Phòng gia đình, Căn hộ', 'Chi phí nghỉ tại Hiên Nhà Có Hoa Homestay là bao nhiêu?': 'Giá tại Hiên Nhà Có Hoa Homestay có thể khác nhau tùy vào kỳ nghỉ của bạn (ví dụ: ngày bạn chọn, chính sách khách sạn,v.v.). Vui lòng xem giá bằng cách nhập ngày của bạn.', 'Hiên Nhà Có Hoa Homestay có giờ nhận và trả phòng như thế nào?': 'Hiên Nhà Có Hoa Homestay có giờ nhận phòng từ 14:00 và giờ trả phòng trước 12:00.', 'Tôi có thể làm gì ở Hiên Nhà Có Hoa Homestay?': 'Hiên Nhà Có Hoa Homestay có những hoạt động/dịch vụ sau (có thể áp dụng phí):'}"
https://www.booking.com/hotel/vn/horizon-village-dalat.vi.html,"{'Horizon Village Dalat có giờ nhận và trả phòng như thế nào?': 'Horizon Village Dalat có giờ nhận phòng từ 14:00 và giờ trả phòng trước 12:00.', 'Horizon Village Dalat cách trung tâm Đà Lạt bao xa?': 'Horizon Village Dalat cách trung tâm Đà Lạt 1,6 km.\nTất cả khoảng cách được đo theo đường thẳng. Khoảng cách di chuyển thực sự có thể khác.', 'Chi phí nghỉ tại Horizon Village Dalat là bao nhiêu?': 'Giá tại Horizon Village Dalat có thể khác nhau tùy vào kỳ nghỉ của bạn (ví dụ: ngày bạn chọn, chính sách khách sạn,v.v.). Vui lòng xem giá bằng cách nhập ngày của bạn.', 'Horizon Village Dalat có những loại phòng nào?': 'Lựa chọn phòng tại Horizon Village Dalat bao gồm: Phòng giường đôi, Phòng gia đình', 'Horizon Village Dalat có phổ biến với các gia đình không?': 'Có, Horizon Village Dalat khá phổ biến đối với khách đặt kỳ nghỉ gia đình.', 'Tôi có thể làm gì ở Horizon Village Dalat?': 'Horizon Village Dalat có những hoạt động/dịch vụ sau (có thể áp dụng phí): Bữa tối theo chủ đề'}"
https://www.booking.com/hotel/vn/greenview-guesthouse-dalat.vi.html,"{'Greenview Dalat có phổ biến với các gia đình không?': 'Có, Greenview Dalat khá phổ biến đối với khách đặt kỳ nghỉ gia đình.', 'Tôi có thể làm gì ở Greenview Dalat?': 'Greenview Dalat có những hoạt động/dịch vụ sau (có thể áp dụng phí): Sân gôn (trong vòng 3km)', 'Greenview Dalat có những loại phòng nào?': 'Lựa chọn phòng tại Greenview Dalat bao gồm: Phòng giường đôi, Phòng 4 người, Phòng đơn', 'Greenview Dalat có giờ nhận và trả phòng như thế nào?': 'Greenview Dalat có giờ nhận phòng từ 12:30 và giờ trả phòng trước 11:30.', 'Chi phí nghỉ tại Greenview Dalat là bao nhiêu?': 'Giá tại Greenview Dalat có thể khác nhau tùy vào kỳ nghỉ của bạn (ví dụ: ngày bạn chọn, chính sách khách sạn,v.v.). Vui lòng xem giá bằng cách nhập ngày của bạn.', 'Greenview Dalat cách trung tâm Đà Lạt bao xa?': 'Greenview Dalat cách trung tâm Đà Lạt 1,9 km.\nTất cả khoảng cách được đo theo đường thẳng. Khoảng cách di chuyển thực sự có thể khác.'}"
https://www.booking.com/hotel/vn/steed.vi.html,"{'AN PHÚ Home có giờ nhận và trả phòng như thế nào?': 'A, N P, HÚ Home có giờ nhận phòng từ 14:00 và giờ trả phòng trước 12:00.', 'AN PHÚ Home cách trung tâm Đà Lạt bao xa?': 'A, N P, HÚ Home cách trung tâm Đà Lạt 2,9 km.\nTất cả khoảng cách được đo theo đường thẳng. Khoảng cách di chuyển thực sự có thể khác.', 'AN PHÚ Home có những loại phòng nào?': 'Lựa chọn phòng tại A, N P, HÚ Home bao gồm: Phòng giường đôi, Phòng giường đôi/2 giường đơn, Phòng 4 người', 'Tôi có thể làm gì ở AN PHÚ Home?': 'A, N P, HÚ Home có những hoạt động/dịch vụ sau (có thể áp dụng phí):', 'Chi phí nghỉ tại AN PHÚ Home là bao nhiêu?': 'Giá tại A, N P, HÚ Home có thể khác nhau tùy vào kỳ nghỉ của bạn (ví dụ: ngày bạn chọn, chính sách khách sạn,v.v.). Vui lòng xem giá bằng cách nhập ngày của bạn.'}"
https://www.booking.com/hotel/vn/thac-lien-khuong.vi.html,"{'Chi phí nghỉ tại Homestay Thác Liên Khương là bao nhiêu?': 'Giá tại Homestay Thác Liên Khương có thể khác nhau tùy vào kỳ nghỉ của bạn (ví dụ: ngày bạn chọn, chính sách khách sạn,v.v.). Vui lòng xem giá bằng cách nhập ngày của bạn.', 'Homestay Thác Liên Khương có bể sục cho khách không?': 'Chỗ nghỉ có bể sục. Bạn có thể tìm hiểu thêm về điều này và các tiện nghi khác tại Homestay Thác Liên Khương trên trang này.', 'Homestay Thác Liên Khương có giờ nhận và trả phòng như thế nào?': 'Homestay Thác Liên Khương có giờ nhận phòng từ 12:00 và giờ trả phòng trước 12:00.', 'Homestay Thác Liên Khương có những loại phòng nào?': 'Lựa chọn phòng tại Homestay Thác Liên Khương bao gồm: Bungalow, Studio, Phòng 2 giường đơn Phòng gia đình, Chalet, Phòng giường đôi, Căn hộPhòng đơn', 'Tôi có thể làm gì ở Homestay Thác Liên Khương?': 'Homestay Thác Liên Khương có những hoạt động/dịch vụ sau (có thể áp dụng phí): Bồn tắm nóng/bể sục (Jacuzzi)Xe đạp, Sân chơi trẻ em, Bóng bàn, Câu cáSân gôn mini, Sân gôn (trong vòng 3km)Hồ bơi, Bữa tối theo chủ đề, Biểu diễn/nhạc sống', 'Homestay Thác Liên Khương có nhà hàng trong khuôn viên không?': 'Homestay Thác Liên Khương có 2 nhà hàng: Nhà Hàng Thác Liên Khương, Coffee Thác L, Iên Khương', 'Homestay Thác Liên Khương cách trung tâm Ðưc Trọng bao xa?': 'Homestay Thác Liên Khương cách trung tâm Ðưc Trọng 500 m.\nTất cả khoảng cách được đo theo đường thẳng. Khoảng cách di chuyển thực sự có thể khác.', 'Homestay Thác Liên Khương có hồ bơi không?': 'Có, khách sạn này có hồ bơi. Tìm hiểu chi tiết về hồ bơi và các tiện nghi khác trong trang này.', 'Homestay Thác Liên Khương có phổ biến với các gia đình không?': 'Có, Homestay Thác Liên Khương khá phổ biến đối với khách đặt kỳ nghỉ gia đình.'}"
https://www.booking.com/hotel/vn/nang-mai-homestay-thanh-pho-da-lat2.vi.html,"{'Chi phí nghỉ tại Nắng Mai Homestay là bao nhiêu?': 'Giá tại Nắng Mai Homestay có thể khác nhau tùy vào kỳ nghỉ của bạn (ví dụ: ngày bạn chọn, chính sách khách sạn,v.v.). Vui lòng xem giá bằng cách nhập ngày của bạn.', 'Nắng Mai Homestay có giờ nhận và trả phòng như thế nào?': 'Nắng Mai Homestay có giờ nhận phòng từ 14:00 và giờ trả phòng trước 12:00.', 'Nắng Mai Homestay cách trung tâm Đà Lạt bao xa?': 'Nắng Mai Homestay cách trung tâm Đà Lạt 1,9 km.\nTất cả khoảng cách được đo theo đường thẳng. Khoảng cách di chuyển thực sự có thể khác.', 'Tôi có thể làm gì ở Nắng Mai Homestay?': 'Nắng Mai Homestay có những hoạt động/dịch vụ sau (có thể áp dụng phí):'}"
https://www.booking.com/hotel/vn/nhat-tien-home-thanh-pho-da-lat1.vi.html,"{'Nhật Tiên Home có những loại phòng nào?': 'Lựa chọn phòng tại Nhật Tiên Home bao gồm: Phòng giường đôi, Phòng gia đình', 'Chi phí nghỉ tại Nhật Tiên Home là bao nhiêu?': 'Giá tại Nhật Tiên Home có thể khác nhau tùy vào kỳ nghỉ của bạn (ví dụ: ngày bạn chọn, chính sách khách sạn,v.v.). Vui lòng xem giá bằng cách nhập ngày của bạn.', 'Tôi có thể làm gì ở Nhật Tiên Home?': 'Nhật Tiên Home có những hoạt động/dịch vụ sau (có thể áp dụng phí):', 'Nhật Tiên Home cách trung tâm Đà Lạt bao xa?': 'Nhật Tiên Home cách trung tâm Đà Lạt 2,4 km.\nTất cả khoảng cách được đo theo đường thẳng. Khoảng cách di chuyển thực sự có thể khác.', 'Nhật Tiên Home có giờ nhận và trả phòng như thế nào?': 'Nhật Tiên Home có giờ nhận phòng từ 13:00 và giờ trả phòng trước 11:00.'}"
https://www.booking.com/hotel/vn/hong-tam-thanh-pho-da-lat.vi.html,"{'Chi phí nghỉ tại Hồng Tâm Hotel là bao nhiêu?': 'Giá tại Hồng Tâm Hotel có thể khác nhau tùy vào kỳ nghỉ của bạn (ví dụ: ngày bạn chọn, chính sách khách sạn,v.v.). Vui lòng xem giá bằng cách nhập ngày của bạn.', 'Tôi có thể làm gì ở Hồng Tâm Hotel?': 'Hồng Tâm Hotel có những hoạt động/dịch vụ sau (có thể áp dụng phí):', 'Hồng Tâm Hotel có giờ nhận và trả phòng như thế nào?': 'Hồng Tâm Hotel có giờ nhận phòng từ 14:00 và giờ trả phòng trước 12:00.', 'Hồng Tâm Hotel có những loại phòng nào?': 'Lựa chọn phòng tại Hồng Tâm Hotel bao gồm: Phòng giường đôi, Phòng 4 người, Phòng 3 người', 'Hồng Tâm Hotel có phổ biến với các gia đình không?': 'Có, Hồng Tâm Hotel khá phổ biến đối với khách đặt kỳ nghỉ gia đình.', 'Hồng Tâm Hotel cách trung tâm Đà Lạt bao xa?': 'Hồng Tâm Hotel cách trung tâm Đà Lạt 350 m.\nTất cả khoảng cách được đo theo đường thẳng. Khoảng cách di chuyển thực sự có thể khác.'}"
https://www.booking.com/hotel/vn/arya.vi.html,"{'Arya Hotel Dalat có giờ nhận và trả phòng như thế nào?': 'Arya Hotel Dalat có giờ nhận phòng từ 14:00 và giờ trả phòng trước 12:00.', 'Arya Hotel Dalat có những loại phòng nào?': 'Lựa chọn phòng tại Arya Hotel Dalat bao gồm: Phòng giường đôi, Phòng gia đình, Phòng 2 giường đơn ', 'Tôi có thể làm gì ở Arya Hotel Dalat?': 'Arya Hotel Dalat có những hoạt động/dịch vụ sau (có thể áp dụng phí): Tour đi bộ, Tour/lớp về văn hóa địa phương, Tour đi xe đạp, Sự kiện thể thao (truyền hình trực tiếp)', 'Arya Hotel Dalat cách trung tâm Đà Lạt bao xa?': 'Arya Hotel Dalat cách trung tâm Đà Lạt 1,6 km.\nTất cả khoảng cách được đo theo đường thẳng. Khoảng cách di chuyển thực sự có thể khác.', 'Chi phí nghỉ tại Arya Hotel Dalat là bao nhiêu?': 'Giá tại Arya Hotel Dalat có thể khác nhau tùy vào kỳ nghỉ của bạn (ví dụ: ngày bạn chọn, chính sách khách sạn,v.v.). Vui lòng xem giá bằng cách nhập ngày của bạn.'}"
https://www.booking.com/hotel/vn/nam-xuan-premium.vi.html,"{'Chi phí nghỉ tại Nam Xuan Premium Hotel là bao nhiêu?': 'Giá tại Nam Xuan Premium Hotel có thể khác nhau tùy vào kỳ nghỉ của bạn (ví dụ: ngày bạn chọn, chính sách khách sạn,v.v.). Vui lòng xem giá bằng cách nhập ngày của bạn.', 'Nam Xuan Premium Hotel có giờ nhận và trả phòng như thế nào?': 'Nam Xuan Premium Hotel có giờ nhận phòng từ 13:00 và giờ trả phòng trước 12:00.', 'Tôi có thể làm gì ở Nam Xuan Premium Hotel?': 'Nam Xuan Premium Hotel có những hoạt động/dịch vụ sau (có thể áp dụng phí): Trung tâm Spa & chăm sóc sức khoẻMassage, Xe đạp, Sân gôn (trong vòng 3km)Mát-xa toàn thân, Tour đi xe đạp', 'Nam Xuan Premium Hotel có phổ biến với các gia đình không?': 'Có, Nam Xuan Premium Hotel khá phổ biến đối với khách đặt kỳ nghỉ gia đình.', 'Nam Xuan Premium Hotel cách trung tâm Đà Lạt bao xa?': 'Nam Xuan Premium Hotel cách trung tâm Đà Lạt 800 m.\nTất cả khoảng cách được đo theo đường thẳng. Khoảng cách di chuyển thực sự có thể khác.', 'Nam Xuan Premium Hotel có những loại phòng nào?': 'Lựa chọn phòng tại Nam Xuan Premium Hotel bao gồm: Phòng giường đôi, Phòng 4 người, Phòng gia đình'}"
https://www.booking.com/hotel/vn/nature-thanh-pho-da-lat2.vi.html,"{'Nature Hotel Dalat có giờ nhận và trả phòng như thế nào?': 'Nature Hotel Dalat có giờ nhận phòng từ 14:00 và giờ trả phòng trước 12:00.', 'Tôi có thể làm gì ở Nature Hotel Dalat?': 'Nature Hotel Dalat có những hoạt động/dịch vụ sau (có thể áp dụng phí): Trung tâm Spa & chăm sóc sức khoẻTrung tâm thể dục, Massage, Sân chơi trẻ em, Chăm sóc da mặt, Giờ vàng, Mát-xa đầu, Tour đi xe đạp, Mát-xa lưng, Cho thuê xe đạp, Phòng gym, Biểu diễn/nhạc sống, Dịch vụ làm móng chân, Phòng tắm không gian mở, Mát-xa toàn thân, Tour đi bộ, Mát-xa chân, Dịch Vụ Làm Đẹp, Mát-xa tay, Tour/lớp về văn hóa địa phương, Dịch vụ làm móng tay, Bữa tối theo chủ đề, Ghế mát-xa, Sự kiện thể thao (truyền hình trực tiếp)Mát-xa cổ, Dịch vụ ngâm chân, Mát-xa dành cho cặp đôi', 'Nature Hotel Dalat có những loại phòng nào?': 'Lựa chọn phòng tại Nature Hotel Dalat bao gồm: Suite, Phòng giường đôi, Phòng giường đôi/2 giường đơn', 'Nature Hotel Dalat cách trung tâm Đà Lạt bao xa?': 'Nature Hotel Dalat cách trung tâm Đà Lạt 1,4 km.\nTất cả khoảng cách được đo theo đường thẳng. Khoảng cách di chuyển thực sự có thể khác.', 'Nature Hotel Dalat có nhà hàng trong khuôn viên không?': 'Nature Hotel Dalat có 1 nhà hàng: Restaurant & Bar', 'Nature Hotel Dalat có phổ biến với các gia đình không?': 'Có, Nature Hotel Dalat khá phổ biến đối với khách đặt kỳ nghỉ gia đình.', 'Chi phí nghỉ tại Nature Hotel Dalat là bao nhiêu?': 'Giá tại Nature Hotel Dalat có thể khác nhau tùy vào kỳ nghỉ của bạn (ví dụ: ngày bạn chọn, chính sách khách sạn,v.v.). Vui lòng xem giá bằng cách nhập ngày của bạn.', 'Nature Hotel Dalat có phục vụ dạng bữa sáng nào?': 'Khách lưu trú tại Nature Hotel Dalat có thể tận hưởng bữa sáng được đánh giá cao trong kỳ nghỉ của họ (điểm đánh giá của khách: 9.2)\n\nLựa chọn bữa sáng bao gồm: Kiểu lục địa, Thực đơn chay, Kiểu Á, Tự chọn, Bữa sáng mang đi'}"
https://www.booking.com/hotel/vn/mua-tim-boutique.vi.html,"{'Chi phí nghỉ tại Mùa Tím Villa là bao nhiêu?': 'Giá tại Mùa Tím Villa có thể khác nhau tùy vào kỳ nghỉ của bạn (ví dụ: ngày bạn chọn, chính sách khách sạn,v.v.). Vui lòng xem giá bằng cách nhập ngày của bạn.', 'Mùa Tím Villa có những loại phòng nào?': 'Lựa chọn phòng tại Mùa Tím Villa bao gồm: Phòng 2 giường đơn Phòng giường đôi', 'Tôi có thể làm gì ở Mùa Tím Villa?': 'Mùa Tím Villa có những hoạt động/dịch vụ sau (có thể áp dụng phí):', 'Mùa Tím Villa cách trung tâm Bảo Lộc bao xa?': 'Mùa Tím Villa cách trung tâm Bảo Lộc 3,2 km.\nTất cả khoảng cách được đo theo đường thẳng. Khoảng cách di chuyển thực sự có thể khác.', 'Mùa Tím Villa có giờ nhận và trả phòng như thế nào?': 'Mùa Tím Villa có giờ nhận phòng từ 13:00 và giờ trả phòng trước 11:00.'}"
https://www.booking.com/hotel/vn/pham-gia-villa-thanh-pho-da-lat2.vi.html,"{'Chi phí nghỉ tại Pham Gia Dalat Villa & Hotel là bao nhiêu?': 'Giá tại Pham Gia Dalat Villa & Hotel có thể khác nhau tùy vào kỳ nghỉ của bạn (ví dụ: ngày bạn chọn, chính sách khách sạn,v.v.). Vui lòng xem giá bằng cách nhập ngày của bạn.', 'Pham Gia Dalat Villa & Hotel có nhà hàng trong khuôn viên không?': 'Pham Gia Dalat Villa & Hotel có 1 nhà hàng: Pham Gia Res', 'Pham Gia Dalat Villa & Hotel có những loại phòng nào?': 'Lựa chọn phòng tại Pham Gia Dalat Villa & Hotel bao gồm: Phòng giường đôi, Phòng 2 giường đơn Phòng gia đình, Suite', 'Pham Gia Dalat Villa & Hotel có phục vụ dạng bữa sáng nào?': 'Khách lưu trú tại Pham Gia Dalat Villa & Hotel có thể tận hưởng bữa sáng được đánh giá cao trong kỳ nghỉ của họ (điểm đánh giá của khách: 5.0)\n\nLựa chọn bữa sáng bao gồm: Kiểu Á', 'Tôi có thể làm gì ở Pham Gia Dalat Villa & Hotel?': 'Pham Gia Dalat Villa & Hotel có những hoạt động/dịch vụ sau (có thể áp dụng phí):', 'Pham Gia Dalat Villa & Hotel cách trung tâm Đà Lạt bao xa?': 'Pham Gia Dalat Villa & Hotel cách trung tâm Đà Lạt 1,8 km.\nTất cả khoảng cách được đo theo đường thẳng. Khoảng cách di chuyển thực sự có thể khác.', 'Pham Gia Dalat Villa & Hotel có giờ nhận và trả phòng như thế nào?': 'Pham Gia Dalat Villa & Hotel có giờ nhận phòng từ 14:00 và giờ trả phòng trước 12:00.'}"
https://www.booking.com/hotel/vn/skyline-thanh-pho-da-lat1.vi.html,"{'Skyline Hotel có những loại phòng nào?': 'Lựa chọn phòng tại Skyline Hotel bao gồm: Phòng gia đình, Phòng giường đôi, Phòng 4 người', 'Skyline Hotel có giờ nhận và trả phòng như thế nào?': 'Skyline Hotel có giờ nhận phòng từ 12:00 và giờ trả phòng trước 11:00.', 'Skyline Hotel cách trung tâm Đà Lạt bao xa?': 'Skyline Hotel cách trung tâm Đà Lạt 950 m.\nTất cả khoảng cách được đo theo đường thẳng. Khoảng cách di chuyển thực sự có thể khác.', 'Chi phí nghỉ tại Skyline Hotel là bao nhiêu?': 'Giá tại Skyline Hotel có thể khác nhau tùy vào kỳ nghỉ của bạn (ví dụ: ngày bạn chọn, chính sách khách sạn,v.v.). Vui lòng xem giá bằng cách nhập ngày của bạn.', 'Tôi có thể làm gì ở Skyline Hotel?': 'Skyline Hotel có những hoạt động/dịch vụ sau (có thể áp dụng phí):'}"
https://www.booking.com/hotel/vn/bazan-hotel-dalat.vi.html,"{'RAON Bazan Hotel - STAY 24H có những loại phòng nào?': 'Lựa chọn phòng tại R, A, O, N Bazan Hotel - S, T, A, Y 24H bao gồm: Phòng gia đình, Phòng giường đôi, Phòng 3 người, Phòng giường đôi/2 giường đơn, Suite, Giường trong phòng tập thể', 'RAON Bazan Hotel - STAY 24H có giờ nhận và trả phòng như thế nào?': 'R, A, O, N Bazan Hotel - S, T, A, Y 24H có giờ nhận phòng từ 14:00 và giờ trả phòng trước 12:00.', 'RAON Bazan Hotel - STAY 24H có phổ biến với các gia đình không?': 'Có, R, A, O, N Bazan Hotel - S, T, A, Y 24H khá phổ biến đối với khách đặt kỳ nghỉ gia đình.', 'RAON Bazan Hotel - STAY 24H cách trung tâm Đà Lạt bao xa?': 'R, A, O, N Bazan Hotel - S, T, A, Y 24H cách trung tâm Đà Lạt 1,9 km.\nTất cả khoảng cách được đo theo đường thẳng. Khoảng cách di chuyển thực sự có thể khác.', 'Chi phí nghỉ tại RAON Bazan Hotel - STAY 24H là bao nhiêu?': 'Giá tại R, A, O, N Bazan Hotel - S, T, A, Y 24H có thể khác nhau tùy vào kỳ nghỉ của bạn (ví dụ: ngày bạn chọn, chính sách khách sạn,v.v.). Vui lòng xem giá bằng cách nhập ngày của bạn.', 'Tôi có thể làm gì ở RAON Bazan Hotel - STAY 24H?': 'R, A, O, N Bazan Hotel - S, T, A, Y 24H có những hoạt động/dịch vụ sau (có thể áp dụng phí):'}"
https://www.booking.com/hotel/vn/the-scent-boutique-dalat-da-lat.vi.html,"{'The Scent Boutique Dalat Hotel cách trung tâm Ấp Ða Thiên bao xa?': 'The Scent Boutique Dalat Hotel cách trung tâm Ấp Ða Thiên 1,1 km.\nTất cả khoảng cách được đo theo đường thẳng. Khoảng cách di chuyển thực sự có thể khác.', 'The Scent Boutique Dalat Hotel có nhà hàng trong khuôn viên không?': 'The Scent Boutique Dalat Hotel có 2 nhà hàng: Cút Kít B, B, Q, Nhà hàng #1', 'The Scent Boutique Dalat Hotel có những loại phòng nào?': 'Lựa chọn phòng tại The Scent Boutique Dalat Hotel bao gồm: Phòng giường đôi, Phòng gia đình, Phòng 4 người', 'Chi phí nghỉ tại The Scent Boutique Dalat Hotel là bao nhiêu?': 'Giá tại The Scent Boutique Dalat Hotel có thể khác nhau tùy vào kỳ nghỉ của bạn (ví dụ: ngày bạn chọn, chính sách khách sạn,v.v.). Vui lòng xem giá bằng cách nhập ngày của bạn.', 'The Scent Boutique Dalat Hotel có giờ nhận và trả phòng như thế nào?': 'The Scent Boutique Dalat Hotel có giờ nhận phòng từ 14:00 và giờ trả phòng trước 12:00.', 'Tôi có thể làm gì ở The Scent Boutique Dalat Hotel?': 'The Scent Boutique Dalat Hotel có những hoạt động/dịch vụ sau (có thể áp dụng phí):'}"
https://www.booking.com/hotel/vn/bao-dung.vi.html,"{'Bảo Dung Hotel có giờ nhận và trả phòng như thế nào?': 'Bảo Dung Hotel có giờ nhận phòng từ 13:00 và giờ trả phòng trước 12:00.', 'Tôi có thể làm gì ở Bảo Dung Hotel?': 'Bảo Dung Hotel có những hoạt động/dịch vụ sau (có thể áp dụng phí): Cho thuê xe đạp', 'Bảo Dung Hotel có những loại phòng nào?': 'Lựa chọn phòng tại Bảo Dung Hotel bao gồm: Phòng giường đôi, Phòng giường đôi/2 giường đơn', 'Chi phí nghỉ tại Bảo Dung Hotel là bao nhiêu?': 'Giá tại Bảo Dung Hotel có thể khác nhau tùy vào kỳ nghỉ của bạn (ví dụ: ngày bạn chọn, chính sách khách sạn,v.v.). Vui lòng xem giá bằng cách nhập ngày của bạn.', 'Bảo Dung Hotel cách trung tâm Đà Lạt bao xa?': 'Bảo Dung Hotel cách trung tâm Đà Lạt 300 m.\nTất cả khoảng cách được đo theo đường thẳng. Khoảng cách di chuyển thực sự có thể khác.'}"
https://www.booking.com/hotel/vn/greenview-dalat.vi.html,"{'Greenview City Hotel có phổ biến với các gia đình không?': 'Có, Greenview City Hotel khá phổ biến đối với khách đặt kỳ nghỉ gia đình.', 'Greenview City Hotel có giờ nhận và trả phòng như thế nào?': 'Greenview City Hotel có giờ nhận phòng từ 14:00 và giờ trả phòng trước 12:00.', 'Chi phí nghỉ tại Greenview City Hotel là bao nhiêu?': 'Giá tại Greenview City Hotel có thể khác nhau tùy vào kỳ nghỉ của bạn (ví dụ: ngày bạn chọn, chính sách khách sạn,v.v.). Vui lòng xem giá bằng cách nhập ngày của bạn.', 'Greenview City Hotel có những loại phòng nào?': 'Lựa chọn phòng tại Greenview City Hotel bao gồm: Phòng giường đôi, Phòng 2 giường đơn Phòng 4 người', 'Tôi có thể làm gì ở Greenview City Hotel?': 'Greenview City Hotel có những hoạt động/dịch vụ sau (có thể áp dụng phí): Cho thuê xe đạp', 'Greenview City Hotel cách trung tâm Đà Lạt bao xa?': 'Greenview City Hotel cách trung tâm Đà Lạt 2,5 km.\nTất cả khoảng cách được đo theo đường thẳng. Khoảng cách di chuyển thực sự có thể khác.'}"
https://www.booking.com/hotel/vn/ngoc-bao-chau-thanh-pho-da-lat3.vi.html,"{'Tôi có thể làm gì ở NGỌC BẢO CHÂU HOTEL?': 'N, GỌC BẢO C, HÂ, U H, O, T, E, L có những hoạt động/dịch vụ sau (có thể áp dụng phí):', 'Chi phí nghỉ tại NGỌC BẢO CHÂU HOTEL là bao nhiêu?': 'Giá tại N, GỌC BẢO C, HÂ, U H, O, T, E, L có thể khác nhau tùy vào kỳ nghỉ của bạn (ví dụ: ngày bạn chọn, chính sách khách sạn,v.v.). Vui lòng xem giá bằng cách nhập ngày của bạn.', 'NGỌC BẢO CHÂU HOTEL cách trung tâm Đà Lạt bao xa?': 'N, GỌC BẢO C, HÂ, U H, O, T, E, L cách trung tâm Đà Lạt 250 m.\nTất cả khoảng cách được đo theo đường thẳng. Khoảng cách di chuyển thực sự có thể khác.', 'NGỌC BẢO CHÂU HOTEL có giờ nhận và trả phòng như thế nào?': 'N, GỌC BẢO C, HÂ, U H, O, T, E, L có giờ nhận phòng từ 14:00 và giờ trả phòng trước 12:00.', 'NGỌC BẢO CHÂU HOTEL có những loại phòng nào?': 'Lựa chọn phòng tại N, GỌC BẢO C, HÂ, U H, O, T, E, L bao gồm: Phòng giường đôi, Phòng gia đình, Phòng tập thể'}"
https://www.booking.com/hotel/vn/nacasoo-hill-thanh-pho-da-lat.vi.html,"{'Tôi có thể làm gì ở Nacasoo hill?': 'Nacasoo hill có những hoạt động/dịch vụ sau (có thể áp dụng phí): Massage, Karaoke, Giải trí buổi tối, Mát-xa cổ, Bữa tối theo chủ đề, Mát-xa tay, Phòng tắm chung, Mát-xa dành cho cặp đôi, Đêm phim, Mát-xa toàn thân, Mát-xa lưng, Mát-xa chân, Phòng tắm không gian mở, Mát-xa đầu', 'Nacasoo hill có giờ nhận và trả phòng như thế nào?': 'Nacasoo hill có giờ nhận phòng từ 14:00 và giờ trả phòng trước 12:00.', 'Nacasoo hill có những loại phòng nào?': 'Lựa chọn phòng tại Nacasoo hill bao gồm: Phòng giường đôi, Lều trại', 'Nacasoo hill có nhà hàng trong khuôn viên không?': 'Nacasoo hill có 1 nhà hàng: Nhà hàng #1', 'Chi phí nghỉ tại Nacasoo hill là bao nhiêu?': 'Giá tại Nacasoo hill có thể khác nhau tùy vào kỳ nghỉ của bạn (ví dụ: ngày bạn chọn, chính sách khách sạn,v.v.). Vui lòng xem giá bằng cách nhập ngày của bạn.', 'Nacasoo hill cách trung tâm Tiên Hai bao xa?': 'Nacasoo hill cách trung tâm Tiên Hai 3,3 km.\nTất cả khoảng cách được đo theo đường thẳng. Khoảng cách di chuyển thực sự có thể khác.'}"
https://www.booking.com/hotel/vn/binh-duong-da-lat1.vi.html,"{'Bình Dương Đà Lạt Hotel có phổ biến với các gia đình không?': 'Có, Bình Dương Đà Lạt Hotel khá phổ biến đối với khách đặt kỳ nghỉ gia đình.', 'Tôi có thể làm gì ở Bình Dương Đà Lạt Hotel?': 'Bình Dương Đà Lạt Hotel có những hoạt động/dịch vụ sau (có thể áp dụng phí):', 'Bình Dương Đà Lạt Hotel có giờ nhận và trả phòng như thế nào?': 'Bình Dương Đà Lạt Hotel có giờ nhận phòng từ 14:00 và giờ trả phòng trước 12:00.', 'Chi phí nghỉ tại Bình Dương Đà Lạt Hotel là bao nhiêu?': 'Giá tại Bình Dương Đà Lạt Hotel có thể khác nhau tùy vào kỳ nghỉ của bạn (ví dụ: ngày bạn chọn, chính sách khách sạn,v.v.). Vui lòng xem giá bằng cách nhập ngày của bạn.', 'Bình Dương Đà Lạt Hotel cách trung tâm Đà Lạt bao xa?': 'Bình Dương Đà Lạt Hotel cách trung tâm Đà Lạt 3,2 km.\nTất cả khoảng cách được đo theo đường thẳng. Khoảng cách di chuyển thực sự có thể khác.', 'Bình Dương Đà Lạt Hotel có những loại phòng nào?': 'Lựa chọn phòng tại Bình Dương Đà Lạt Hotel bao gồm: Phòng giường đôi, Phòng 4 người'}"
https://www.booking.com/hotel/vn/homestay-dalat-inn-48-8.vi.html,"{'Homestay DALAT INN 48-8 có nhà hàng trong khuôn viên không?': 'Homestay D, A, L, A, T I, N, N 48-8 có 1 nhà hàng: Nhà hàng #1', 'Tôi có thể làm gì ở Homestay DALAT INN 48-8?': 'Homestay D, A, L, A, T I, N, N 48-8 có những hoạt động/dịch vụ sau (có thể áp dụng phí): Phòng chơi game, Karaoke, Phi tiêu, Giải trí buổi tối, Bữa tối theo chủ đề, Phòng gym, Tour đi bộ, Biểu diễn/nhạc sống, Tour/lớp về văn hóa địa phương, Lớp học yoga, Nhảy/khám phá bar, Sự kiện thể thao (truyền hình trực tiếp)Giờ vàng, Vũ trường/D, J, Tour đi xe đạp, Cho thuê xe đạp, Lớp dạy nấu ăn, Thiết bị dành cho cầu lông, Hài độc thoại, Nhân viên Giải trí, Đêm phim', 'Homestay DALAT INN 48-8 cách trung tâm Đà Lạt bao xa?': 'Homestay D, A, L, A, T I, N, N 48-8 cách trung tâm Đà Lạt 950 m.\nTất cả khoảng cách được đo theo đường thẳng. Khoảng cách di chuyển thực sự có thể khác.', 'Homestay DALAT INN 48-8 có giờ nhận và trả phòng như thế nào?': 'Homestay D, A, L, A, T I, N, N 48-8 có giờ nhận phòng từ 14:00 và giờ trả phòng trước 11:00.', 'Homestay DALAT INN 48-8 có những loại phòng nào?': 'Lựa chọn phòng tại Homestay D, A, L, A, T I, N, N 48-8 bao gồm: Phòng giường đôi, Suite', 'Chi phí nghỉ tại Homestay DALAT INN 48-8 là bao nhiêu?': 'Giá tại Homestay D, A, L, A, T I, N, N 48-8 có thể khác nhau tùy vào kỳ nghỉ của bạn (ví dụ: ngày bạn chọn, chính sách khách sạn,v.v.). Vui lòng xem giá bằng cách nhập ngày của bạn.'}"
https://www.booking.com/hotel/vn/dalat-hills.vi.html,"{'Dalat Hills Hotel có nhà hàng trong khuôn viên không?': 'Dalat Hills Hotel có 1 nhà hàng: Nhà hàng', 'Dalat Hills Hotel có giờ nhận và trả phòng như thế nào?': 'Dalat Hills Hotel có giờ nhận phòng từ 14:00 và giờ trả phòng trước 12:00.', 'Chi phí nghỉ tại Dalat Hills Hotel là bao nhiêu?': 'Giá tại Dalat Hills Hotel có thể khác nhau tùy vào kỳ nghỉ của bạn (ví dụ: ngày bạn chọn, chính sách khách sạn,v.v.). Vui lòng xem giá bằng cách nhập ngày của bạn.', 'Tôi có thể làm gì ở Dalat Hills Hotel?': 'Dalat Hills Hotel có những hoạt động/dịch vụ sau (có thể áp dụng phí): Xe đạp, Đi bộ đường dài, Sân tennis, Karaoke, Sân gôn (trong vòng 3km)Bữa tối theo chủ đề, Cưỡi ngựa, Tour đi bộ, Phòng tắm chung, Sự kiện thể thao (truyền hình trực tiếp)Tour đi xe đạp, Biểu diễn/nhạc sống, Bắn cung', 'Dalat Hills Hotel có những loại phòng nào?': 'Lựa chọn phòng tại Dalat Hills Hotel bao gồm: Phòng giường đôi, Phòng 4 người, Phòng gia đình', 'Dalat Hills Hotel cách trung tâm Đà Lạt bao xa?': 'Dalat Hills Hotel cách trung tâm Đà Lạt 2,1 km.\nTất cả khoảng cách được đo theo đường thẳng. Khoảng cách di chuyển thực sự có thể khác.'}"
https://www.booking.com/hotel/vn/tigon-dalat-hostel-thanh-pho-da-lat12.vi.html,"{'Tigon Dalat Hostel có giờ nhận và trả phòng như thế nào?': 'Tigon Dalat Hostel có giờ nhận phòng từ 13:30 và giờ trả phòng trước 11:00.', 'Tigon Dalat Hostel cách trung tâm Đà Lạt bao xa?': 'Tigon Dalat Hostel cách trung tâm Đà Lạt 1,7 km.\nTất cả khoảng cách được đo theo đường thẳng. Khoảng cách di chuyển thực sự có thể khác.', 'Tigon Dalat Hostel có những loại phòng nào?': 'Lựa chọn phòng tại Tigon Dalat Hostel bao gồm: Giường trong phòng tập thể', 'Chi phí nghỉ tại Tigon Dalat Hostel là bao nhiêu?': 'Giá tại Tigon Dalat Hostel có thể khác nhau tùy vào kỳ nghỉ của bạn (ví dụ: ngày bạn chọn, chính sách khách sạn,v.v.). Vui lòng xem giá bằng cách nhập ngày của bạn.', 'Tôi có thể làm gì ở Tigon Dalat Hostel?': 'Tigon Dalat Hostel có những hoạt động/dịch vụ sau (có thể áp dụng phí): Xe đạp, Bida, Karaoke, Phi tiêu, Giải trí buổi tối, Cho thuê xe đạp'}"
https://www.booking.com/hotel/vn/homestay-thuy-duong.vi.html,"{'Tôi có thể làm gì ở HOMESTAY THÙY DƯƠNG?': 'H, O, M, E, S, T, A, Y T, HÙ, Y DƯƠN, G có những hoạt động/dịch vụ sau (có thể áp dụng phí):', 'HOMESTAY THÙY DƯƠNG có những loại phòng nào?': 'Lựa chọn phòng tại H, O, M, E, S, T, A, Y T, HÙ, Y DƯƠN, G bao gồm: Phòng gia đình, Phòng giường đôi, Phòng 4 người', 'Chi phí nghỉ tại HOMESTAY THÙY DƯƠNG là bao nhiêu?': 'Giá tại H, O, M, E, S, T, A, Y T, HÙ, Y DƯƠN, G có thể khác nhau tùy vào kỳ nghỉ của bạn (ví dụ: ngày bạn chọn, chính sách khách sạn,v.v.). Vui lòng xem giá bằng cách nhập ngày của bạn.', 'HOMESTAY THÙY DƯƠNG có giờ nhận và trả phòng như thế nào?': 'H, O, M, E, S, T, A, Y T, HÙ, Y DƯƠN, G có giờ nhận phòng từ 13:00 và giờ trả phòng trước 12:00.', 'HOMESTAY THÙY DƯƠNG cách trung tâm Đà Lạt bao xa?': 'H, O, M, E, S, T, A, Y T, HÙ, Y DƯƠN, G cách trung tâm Đà Lạt 2,9 km.\nTất cả khoảng cách được đo theo đường thẳng. Khoảng cách di chuyển thực sự có thể khác.'}"
https://www.booking.com/hotel/vn/b-house-villa-da-lat.vi.html,"{'B House - Villa Đà Lạt có giờ nhận và trả phòng như thế nào?': 'B House - Villa Đà Lạt có giờ nhận phòng từ 13:00 và giờ trả phòng trước 12:00.', 'Chi phí nghỉ tại B House - Villa Đà Lạt là bao nhiêu?': 'Giá tại B House - Villa Đà Lạt có thể khác nhau tùy vào kỳ nghỉ của bạn (ví dụ: ngày bạn chọn, chính sách khách sạn,v.v.). Vui lòng xem giá bằng cách nhập ngày của bạn.', 'Bao nhiêu khách có thể lưu trú tại B House - Villa Đà Lạt?': 'B House - Villa Đà Lạt có thể tiếp đón nhóm có số lượng như sau: 6 khách\n\nĐể biết thêm thông tin, vui lòng kiểm tra chi tiết (các) lựa chọn chỗ nghỉ ở trang này.', 'B House - Villa Đà Lạt có bao nhiêu phòng ngủ?': 'B House - Villa Đà Lạt có số lượng phòng ngủ như sau: 2 phòng ngủ\n\nĐể biết thêm thông tin, vui lòng kiểm tra chi tiết (các) lựa chọn chỗ nghỉ ở trang này.', 'Tôi có thể làm gì ở B House - Villa Đà Lạt?': 'B House - Villa Đà Lạt có những hoạt động/dịch vụ sau (có thể áp dụng phí):', 'B House - Villa Đà Lạt cách trung tâm Ấp Ða Thành bao xa?': 'B House - Villa Đà Lạt cách trung tâm Ấp Ða Thành 1,1 km.\nTất cả khoảng cách được đo theo đường thẳng. Khoảng cách di chuyển thực sự có thể khác.', 'B House - Villa Đà Lạt có sân hiên không?': 'Có, nhiều lựa chọn tại chỗ nghỉ này có sân hiên. Bạn có thể tìm hiểu thêm về điều này và các tiện nghi khác tại B House - Villa Đà Lạt trên trang này.'}"
https://www.booking.com/hotel/vn/ali-hostel.vi.html,"{""Chi phí nghỉ tại Dalat Backpacker's Alley Hostel là bao nhiêu?"": ""Giá tại Dalat Backpacker's Alley Hostel có thể khác nhau tùy vào kỳ nghỉ của bạn (ví dụ: ngày bạn chọn, chính sách khách sạn,v.v.). Vui lòng xem giá bằng cách nhập ngày của bạn."", ""Tôi có thể làm gì ở Dalat Backpacker's Alley Hostel?"": ""Dalat Backpacker's Alley Hostel có những hoạt động/dịch vụ sau (có thể áp dụng phí): Massage, Xe đạp, Đi bộ đường dài, Đêm phim, Sự kiện thể thao (truyền hình trực tiếp)Phòng tắm chung, Tour đi xe đạp, Cho thuê xe đạp, Phòng tắm không gian mở, Tour đi bộ, Giờ vàng"", ""Dalat Backpacker's Alley Hostel có giờ nhận và trả phòng như thế nào?"": ""Dalat Backpacker's Alley Hostel có giờ nhận phòng từ 14:00 và giờ trả phòng trước 12:00."", ""Dalat Backpacker's Alley Hostel cách trung tâm Đà Lạt bao xa?"": ""Dalat Backpacker's Alley Hostel cách trung tâm Đà Lạt 800 m.\nTất cả khoảng cách được đo theo đường thẳng. Khoảng cách di chuyển thực sự có thể khác."", ""Dalat Backpacker's Alley Hostel có những loại phòng nào?"": ""Lựa chọn phòng tại Dalat Backpacker's Alley Hostel bao gồm: Giường trong phòng tập thể, Phòng giường đôi""}"
https://www.booking.com/hotel/vn/sandals-aquila.vi.html,"{'Chi phí nghỉ tại SANDALS AQUILA HOTEL là bao nhiêu?': 'Giá tại S, A, N, D, A, L, S A, Q, U, I, L, A H, O, T, E, L có thể khác nhau tùy vào kỳ nghỉ của bạn (ví dụ: ngày bạn chọn, chính sách khách sạn,v.v.). Vui lòng xem giá bằng cách nhập ngày của bạn.', 'SANDALS AQUILA HOTEL có những loại phòng nào?': 'Lựa chọn phòng tại S, A, N, D, A, L, S A, Q, U, I, L, A H, O, T, E, L bao gồm: Suite, Phòng giường đôi, Phòng 2 giường đơn Phòng gia đình, Căn hộ', 'Tôi có thể làm gì ở SANDALS AQUILA HOTEL?': 'S, A, N, D, A, L, S A, Q, U, I, L, A H, O, T, E, L có những hoạt động/dịch vụ sau (có thể áp dụng phí): Trung tâm Spa & chăm sóc sức khoẻTrung tâm thể dục, Phòng xông hơi', 'SANDALS AQUILA HOTEL cách trung tâm Bảo Lộc bao xa?': 'S, A, N, D, A, L, S A, Q, U, I, L, A H, O, T, E, L cách trung tâm Bảo Lộc 1,1 km.\nTất cả khoảng cách được đo theo đường thẳng. Khoảng cách di chuyển thực sự có thể khác.', 'SANDALS AQUILA HOTEL có giờ nhận và trả phòng như thế nào?': 'S, A, N, D, A, L, S A, Q, U, I, L, A H, O, T, E, L có giờ nhận phòng từ 14:00 và giờ trả phòng trước 12:00.'}"
https://www.booking.com/hotel/vn/m-home-in-dalat.vi.html,"{""I'm Home in Dalat cách trung tâm Khu Chi Lăng bao xa?"": ""I'm Home in Dalat cách trung tâm Khu Chi Lăng 1,2 km.\nTất cả khoảng cách được đo theo đường thẳng. Khoảng cách di chuyển thực sự có thể khác."", ""Chi phí nghỉ tại I'm Home in Dalat là bao nhiêu?"": ""Giá tại I'm Home in Dalat có thể khác nhau tùy vào kỳ nghỉ của bạn (ví dụ: ngày bạn chọn, chính sách khách sạn,v.v.). Vui lòng xem giá bằng cách nhập ngày của bạn."", ""I'm Home in Dalat có giờ nhận và trả phòng như thế nào?"": ""I'm Home in Dalat có giờ nhận phòng từ 13:00 và giờ trả phòng trước 12:00."", ""Tôi có thể làm gì ở I'm Home in Dalat?"": ""I'm Home in Dalat có những hoạt động/dịch vụ sau (có thể áp dụng phí):""}"
https://www.booking.com/hotel/vn/bing-bong.vi.html,"{'BING BONG HOTEL cách trung tâm Bảo Lộc bao xa?': 'B, I, N, G B, O, N, G H, O, T, E, L cách trung tâm Bảo Lộc 1,8 km.\nTất cả khoảng cách được đo theo đường thẳng. Khoảng cách di chuyển thực sự có thể khác.', 'Tôi có thể làm gì ở BING BONG HOTEL?': 'B, I, N, G B, O, N, G H, O, T, E, L có những hoạt động/dịch vụ sau (có thể áp dụng phí):', 'Chi phí nghỉ tại BING BONG HOTEL là bao nhiêu?': 'Giá tại B, I, N, G B, O, N, G H, O, T, E, L có thể khác nhau tùy vào kỳ nghỉ của bạn (ví dụ: ngày bạn chọn, chính sách khách sạn,v.v.). Vui lòng xem giá bằng cách nhập ngày của bạn.', 'BING BONG HOTEL có những loại phòng nào?': 'Lựa chọn phòng tại B, I, N, G B, O, N, G H, O, T, E, L bao gồm: Phòng giường đôi, Bungalow', 'BING BONG HOTEL có giờ nhận và trả phòng như thế nào?': 'B, I, N, G B, O, N, G H, O, T, E, L có giờ nhận phòng từ 14:00 và giờ trả phòng trước 12:00.'}"
https://www.booking.com/hotel/vn/the-new-house-thanh-pho-da-lat.vi.html,"{'The New House cách trung tâm Ấp Ða Lợi bao xa?': 'The New House cách trung tâm Ấp Ða Lợi 550 m.\nTất cả khoảng cách được đo theo đường thẳng. Khoảng cách di chuyển thực sự có thể khác.', 'Chi phí nghỉ tại The New House là bao nhiêu?': 'Giá tại The New House có thể khác nhau tùy vào kỳ nghỉ của bạn (ví dụ: ngày bạn chọn, chính sách khách sạn,v.v.). Vui lòng xem giá bằng cách nhập ngày của bạn.', 'The New House có giờ nhận và trả phòng như thế nào?': 'The New House có giờ nhận phòng từ 14:00 và giờ trả phòng trước 12:00.', 'Tôi có thể làm gì ở The New House?': 'The New House có những hoạt động/dịch vụ sau (có thể áp dụng phí):'}"
https://www.booking.com/hotel/vn/pai-homestay-thanh-pho-da-lat.vi.html,"{'Chi phí nghỉ tại Pai homestay là bao nhiêu?': 'Giá tại Pai homestay có thể khác nhau tùy vào kỳ nghỉ của bạn (ví dụ: ngày bạn chọn, chính sách khách sạn,v.v.). Vui lòng xem giá bằng cách nhập ngày của bạn.', 'Pai homestay cách trung tâm Ấp Xuân An bao xa?': 'Pai homestay cách trung tâm Ấp Xuân An 300 m.\nTất cả khoảng cách được đo theo đường thẳng. Khoảng cách di chuyển thực sự có thể khác.', 'Pai homestay có giờ nhận và trả phòng như thế nào?': 'Pai homestay có giờ nhận phòng từ 13:00 và giờ trả phòng trước 12:00.', 'Tôi có thể làm gì ở Pai homestay?': 'Pai homestay có những hoạt động/dịch vụ sau (có thể áp dụng phí):'}"
https://www.booking.com/hotel/vn/ruby-149.vi.html,"{""Gold's House có giờ nhận và trả phòng như thế nào?"": ""Gold's House có giờ nhận phòng từ 13:00 và giờ trả phòng trước 11:30."", ""Tôi có thể làm gì ở Gold's House?"": ""Gold's House có những hoạt động/dịch vụ sau (có thể áp dụng phí):"", ""Gold's House có những loại phòng nào?"": ""Lựa chọn phòng tại Gold's House bao gồm: Phòng gia đình, Phòng giường đôi/2 giường đơn, Phòng giường đôi, Phòng 4 người, Giường trong phòng tập thể"", ""Gold's House cách trung tâm Ấp Ða Thành bao xa?"": ""Gold's House cách trung tâm Ấp Ða Thành 1,1 km.\nTất cả khoảng cách được đo theo đường thẳng. Khoảng cách di chuyển thực sự có thể khác."", ""Chi phí nghỉ tại Gold's House là bao nhiêu?"": ""Giá tại Gold's House có thể khác nhau tùy vào kỳ nghỉ của bạn (ví dụ: ngày bạn chọn, chính sách khách sạn,v.v.). Vui lòng xem giá bằng cách nhập ngày của bạn.""}"
https://www.booking.com/hotel/vn/happy-amp-apartment-da-lat.vi.html,"{'Happy Hotel & Apartment Da Lat có những loại phòng nào?': 'Lựa chọn phòng tại Happy Hotel & Apartment Da Lat bao gồm: Suite, Phòng giường đôi, Phòng 4 người, Căn hộ', 'Chi phí nghỉ tại Happy Hotel & Apartment Da Lat là bao nhiêu?': 'Giá tại Happy Hotel & Apartment Da Lat có thể khác nhau tùy vào kỳ nghỉ của bạn (ví dụ: ngày bạn chọn, chính sách khách sạn,v.v.). Vui lòng xem giá bằng cách nhập ngày của bạn.', 'Happy Hotel & Apartment Da Lat cách trung tâm Đà Lạt bao xa?': 'Happy Hotel & Apartment Da Lat cách trung tâm Đà Lạt 2,6 km.\nTất cả khoảng cách được đo theo đường thẳng. Khoảng cách di chuyển thực sự có thể khác.', 'Happy Hotel & Apartment Da Lat có giờ nhận và trả phòng như thế nào?': 'Happy Hotel & Apartment Da Lat có giờ nhận phòng từ 14:00 và giờ trả phòng trước 12:00.', 'Tôi có thể làm gì ở Happy Hotel & Apartment Da Lat?': 'Happy Hotel & Apartment Da Lat có những hoạt động/dịch vụ sau (có thể áp dụng phí):'}"
https://www.booking.com/hotel/vn/hoa-nang-thanh-pho-bao-loc.vi.html,"{'Hotel Hoa Nắng có nhà hàng trong khuôn viên không?': 'Hotel Hoa Nắng có 1 nhà hàng: B, U, F, F, E, T S, ÁN, G H, O, A NẮN, G', 'Hotel Hoa Nắng có giờ nhận và trả phòng như thế nào?': 'Hotel Hoa Nắng có giờ nhận phòng từ 13:00 và giờ trả phòng trước 23:30.', 'Hotel Hoa Nắng có những loại phòng nào?': 'Lựa chọn phòng tại Hotel Hoa Nắng bao gồm: Phòng giường đôi, Phòng giường đôi/2 giường đơn, Phòng 2 giường đơn ', 'Hotel Hoa Nắng có phổ biến với các gia đình không?': 'Có, Hotel Hoa Nắng khá phổ biến đối với khách đặt kỳ nghỉ gia đình.', 'Tôi có thể làm gì ở Hotel Hoa Nắng?': 'Hotel Hoa Nắng có những hoạt động/dịch vụ sau (có thể áp dụng phí): Bữa tối theo chủ đề, Sự kiện thể thao (truyền hình trực tiếp)Giờ vàng, Cho thuê xe đạp', 'Hotel Hoa Nắng cách trung tâm Bảo Lộc bao xa?': 'Hotel Hoa Nắng cách trung tâm Bảo Lộc 1,8 km.\nTất cả khoảng cách được đo theo đường thẳng. Khoảng cách di chuyển thực sự có thể khác.', 'Chi phí nghỉ tại Hotel Hoa Nắng là bao nhiêu?': 'Giá tại Hotel Hoa Nắng có thể khác nhau tùy vào kỳ nghỉ của bạn (ví dụ: ngày bạn chọn, chính sách khách sạn,v.v.). Vui lòng xem giá bằng cách nhập ngày của bạn.'}"
https://www.booking.com/hotel/vn/storij-home-amp-coffee-thanh-pho-da-lat.vi.html,"{'Storij Home & Coffee có giờ nhận và trả phòng như thế nào?': 'Storij Home & Coffee có giờ nhận phòng từ 14:00 và giờ trả phòng trước 12:00.', 'Storij Home & Coffee có những loại phòng nào?': 'Lựa chọn phòng tại Storij Home & Coffee bao gồm: Phòng giường đôi, Phòng 4 người', 'Chi phí nghỉ tại Storij Home & Coffee là bao nhiêu?': 'Giá tại Storij Home & Coffee có thể khác nhau tùy vào kỳ nghỉ của bạn (ví dụ: ngày bạn chọn, chính sách khách sạn,v.v.). Vui lòng xem giá bằng cách nhập ngày của bạn.', 'Tôi có thể làm gì ở Storij Home & Coffee?': 'Storij Home & Coffee có những hoạt động/dịch vụ sau (có thể áp dụng phí):', 'Storij Home & Coffee có nhà hàng trong khuôn viên không?': 'Storij Home & Coffee có 1 nhà hàng: Nhà hàng #1', 'Storij Home & Coffee cách trung tâm Khu Chi Lăng bao xa?': 'Storij Home & Coffee cách trung tâm Khu Chi Lăng 1,1 km.\nTất cả khoảng cách được đo theo đường thẳng. Khoảng cách di chuyển thực sự có thể khác.'}"
https://www.booking.com/hotel/vn/memory-inn-valley-view.vi.html,"{'Memory Inn - Valley View có bể sục cho khách không?': 'Chỗ nghỉ có bể sục. Bạn có thể tìm hiểu thêm về điều này và các tiện nghi khác tại Memory Inn - Valley View trên trang này.', 'Memory Inn - Valley View cách trung tâm Ấp Xuân An bao xa?': 'Memory Inn - Valley View cách trung tâm Ấp Xuân An 400 m.\nTất cả khoảng cách được đo theo đường thẳng. Khoảng cách di chuyển thực sự có thể khác.', 'Tôi có thể làm gì ở Memory Inn - Valley View?': 'Memory Inn - Valley View có những hoạt động/dịch vụ sau (có thể áp dụng phí): Bồn tắm nóng/bể sục (Jacuzzi)', 'Memory Inn - Valley View có những loại phòng nào?': 'Lựa chọn phòng tại Memory Inn - Valley View bao gồm: Phòng giường đôi, Căn hộPhòng 4 người', 'Chi phí nghỉ tại Memory Inn - Valley View là bao nhiêu?': 'Giá tại Memory Inn - Valley View có thể khác nhau tùy vào kỳ nghỉ của bạn (ví dụ: ngày bạn chọn, chính sách khách sạn,v.v.). Vui lòng xem giá bằng cách nhập ngày của bạn.', 'Memory Inn - Valley View có giờ nhận và trả phòng như thế nào?': 'Memory Inn - Valley View có giờ nhận phòng từ 14:30 và giờ trả phòng trước 11:30.'}"
https://www.booking.com/hotel/vn/anh-mai.vi.html,"{'Ánh Mai Hotel có những loại phòng nào?': 'Lựa chọn phòng tại Ánh Mai Hotel bao gồm: Phòng giường đôi, Phòng gia đình, Phòng 4 người', 'Tôi có thể làm gì ở Ánh Mai Hotel?': 'Ánh Mai Hotel có những hoạt động/dịch vụ sau (có thể áp dụng phí):', 'Ánh Mai Hotel có phổ biến với các gia đình không?': 'Có, Ánh Mai Hotel khá phổ biến đối với khách đặt kỳ nghỉ gia đình.', 'Chi phí nghỉ tại Ánh Mai Hotel là bao nhiêu?': 'Giá tại Ánh Mai Hotel có thể khác nhau tùy vào kỳ nghỉ của bạn (ví dụ: ngày bạn chọn, chính sách khách sạn,v.v.). Vui lòng xem giá bằng cách nhập ngày của bạn.', 'Ánh Mai Hotel có giờ nhận và trả phòng như thế nào?': 'Ánh Mai Hotel có giờ nhận phòng từ 14:00 và giờ trả phòng trước 12:00.', 'Ánh Mai Hotel cách trung tâm Bảo Lộc bao xa?': 'Ánh Mai Hotel cách trung tâm Bảo Lộc 750 m.\nTất cả khoảng cách được đo theo đường thẳng. Khoảng cách di chuyển thực sự có thể khác.'}"
https://www.booking.com/hotel/vn/sky-dalat.vi.html,"{'Sky House Hotel có nhà hàng trong khuôn viên không?': 'Sky House Hotel có 1 nhà hàng: Sky Nhà Hàng', 'Chi phí nghỉ tại Sky House Hotel là bao nhiêu?': 'Giá tại Sky House Hotel có thể khác nhau tùy vào kỳ nghỉ của bạn (ví dụ: ngày bạn chọn, chính sách khách sạn,v.v.). Vui lòng xem giá bằng cách nhập ngày của bạn.', 'Tôi có thể làm gì ở Sky House Hotel?': 'Sky House Hotel có những hoạt động/dịch vụ sau (có thể áp dụng phí): Karaoke', 'Sky House Hotel có phổ biến với các gia đình không?': 'Có, Sky House Hotel khá phổ biến đối với khách đặt kỳ nghỉ gia đình.', 'Sky House Hotel có những loại phòng nào?': 'Lựa chọn phòng tại Sky House Hotel bao gồm: Phòng 4 người, Phòng giường đôi, Phòng đơn, Phòng gia đình', 'Sky House Hotel có giờ nhận và trả phòng như thế nào?': 'Sky House Hotel có giờ nhận phòng từ 14:00 và giờ trả phòng trước 12:00.', 'Sky House Hotel cách trung tâm Đà Lạt bao xa?': 'Sky House Hotel cách trung tâm Đà Lạt 800 m.\nTất cả khoảng cách được đo theo đường thẳng. Khoảng cách di chuyển thực sự có thể khác.'}"
https://www.booking.com/hotel/vn/nha-nghi-da-lat-chay-guest-house-da-lat-vegan.vi.html,"{'Nhà Nghỉ Đà Lạt Chay - Guest House Da Lat Vegan có những loại phòng nào?': 'Lựa chọn phòng tại Nhà Nghỉ Đà Lạt Chay - Guest House Da Lat Vegan bao gồm: Phòng giường đôi, Phòng gia đình', 'Chi phí nghỉ tại Nhà Nghỉ Đà Lạt Chay - Guest House Da Lat Vegan là bao nhiêu?': 'Giá tại Nhà Nghỉ Đà Lạt Chay - Guest House Da Lat Vegan có thể khác nhau tùy vào kỳ nghỉ của bạn (ví dụ: ngày bạn chọn, chính sách khách sạn,v.v.). Vui lòng xem giá bằng cách nhập ngày của bạn.', 'Nhà Nghỉ Đà Lạt Chay - Guest House Da Lat Vegan cách trung tâm Đà Lạt bao xa?': 'Nhà Nghỉ Đà Lạt Chay - Guest House Da Lat Vegan cách trung tâm Đà Lạt 800 m.\nTất cả khoảng cách được đo theo đường thẳng. Khoảng cách di chuyển thực sự có thể khác.', 'Tôi có thể làm gì ở Nhà Nghỉ Đà Lạt Chay - Guest House Da Lat Vegan?': 'Nhà Nghỉ Đà Lạt Chay - Guest House Da Lat Vegan có những hoạt động/dịch vụ sau (có thể áp dụng phí):', 'Nhà Nghỉ Đà Lạt Chay - Guest House Da Lat Vegan có giờ nhận và trả phòng như thế nào?': 'Nhà Nghỉ Đà Lạt Chay - Guest House Da Lat Vegan có giờ nhận phòng từ 14:00 và giờ trả phòng trước 12:00.'}"
https://www.booking.com/hotel/vn/lim-village-nam-ban.vi.html,"{'Chi phí nghỉ tại Lim Village - Nam Ban là bao nhiêu?': 'Giá tại Lim Village - Nam Ban có thể khác nhau tùy vào kỳ nghỉ của bạn (ví dụ: ngày bạn chọn, chính sách khách sạn,v.v.). Vui lòng xem giá bằng cách nhập ngày của bạn.', 'Lim Village - Nam Ban cách trung tâm Namban bao xa?': 'Lim Village - Nam Ban cách trung tâm Namban 1,2 km.\nTất cả khoảng cách được đo theo đường thẳng. Khoảng cách di chuyển thực sự có thể khác.', 'Lim Village - Nam Ban có giờ nhận và trả phòng như thế nào?': 'Lim Village - Nam Ban có giờ nhận phòng từ 14:00 và giờ trả phòng trước 12:00.', 'Tôi có thể làm gì ở Lim Village - Nam Ban?': 'Lim Village - Nam Ban có những hoạt động/dịch vụ sau (có thể áp dụng phí): Cho thuê xe đạp', 'Lim Village - Nam Ban có nhà hàng trong khuôn viên không?': 'Lim Village - Nam Ban có 1 nhà hàng: Restaurant #1'}"
https://www.booking.com/hotel/vn/windy-home-thanh-pho-da-lat.vi.html,"{'Chi phí nghỉ tại Windy Home là bao nhiêu?': 'Giá tại Windy Home có thể khác nhau tùy vào kỳ nghỉ của bạn (ví dụ: ngày bạn chọn, chính sách khách sạn,v.v.). Vui lòng xem giá bằng cách nhập ngày của bạn.', 'Windy Home cách trung tâm Ấp Man Ling bao xa?': 'Windy Home cách trung tâm Ấp Man Ling 800 m.\nTất cả khoảng cách được đo theo đường thẳng. Khoảng cách di chuyển thực sự có thể khác.', 'Windy Home có giờ nhận và trả phòng như thế nào?': 'Windy Home có giờ nhận phòng từ 08:00 và giờ trả phòng trước 21:00.', 'Tôi có thể làm gì ở Windy Home?': 'Windy Home có những hoạt động/dịch vụ sau (có thể áp dụng phí): Đi bộ đường dài, Giải trí buổi tối, Biểu diễn/nhạc sống, Tour đi bộ, Cho thuê xe đạp, Tour đi xe đạp'}"
https://www.booking.com/hotel/vn/tho-non-garden-bao-loc-center-thanh-pho-bao-loc1.vi.html,"{'Tho Non Garden - Bao Loc Center có sân hiên không?': 'Có, nhiều lựa chọn tại chỗ nghỉ này có sân hiên. Bạn có thể tìm hiểu thêm về điều này và các tiện nghi khác tại Tho Non Garden - Bao Loc Center trên trang này.', 'Tho Non Garden - Bao Loc Center có bao nhiêu phòng ngủ?': 'Tho Non Garden - Bao Loc Center có số lượng phòng ngủ như sau: 3 phòng ngủ\n\nĐể biết thêm thông tin, vui lòng kiểm tra chi tiết (các) lựa chọn chỗ nghỉ ở trang này.', 'Tho Non Garden - Bao Loc Center có bể sục cho khách không?': 'Chỗ nghỉ có bể sục. Bạn có thể tìm hiểu thêm về điều này và các tiện nghi khác tại Tho Non Garden - Bao Loc Center trên trang này.', 'Tho Non Garden - Bao Loc Center cách trung tâm Ấp Thiện Lập bao xa?': 'Tho Non Garden - Bao Loc Center cách trung tâm Ấp Thiện Lập 1,1 km.\nTất cả khoảng cách được đo theo đường thẳng. Khoảng cách di chuyển thực sự có thể khác.', 'Chi phí nghỉ tại Tho Non Garden - Bao Loc Center là bao nhiêu?': 'Giá tại Tho Non Garden - Bao Loc Center có thể khác nhau tùy vào kỳ nghỉ của bạn (ví dụ: ngày bạn chọn, chính sách khách sạn,v.v.). Vui lòng xem giá bằng cách nhập ngày của bạn.', 'Tho Non Garden - Bao Loc Center có giờ nhận và trả phòng như thế nào?': 'Tho Non Garden - Bao Loc Center có giờ nhận phòng từ 14:00 và giờ trả phòng trước 11:00.', 'Tôi có thể làm gì ở Tho Non Garden - Bao Loc Center?': 'Tho Non Garden - Bao Loc Center có những hoạt động/dịch vụ sau (có thể áp dụng phí): Bồn tắm nóng/bể sục (Jacuzzi)', 'Bao nhiêu khách có thể lưu trú tại Tho Non Garden - Bao Loc Center?': 'Tho Non Garden - Bao Loc Center có thể tiếp đón nhóm có số lượng như sau: 8 khách\n\nĐể biết thêm thông tin, vui lòng kiểm tra chi tiết (các) lựa chọn chỗ nghỉ ở trang này.', 'Tho Non Garden - Bao Loc Center có phổ biến với các gia đình không?': 'Có, Tho Non Garden - Bao Loc Center khá phổ biến đối với khách đặt kỳ nghỉ gia đình.'}"
https://www.booking.com/hotel/vn/tuong-phuong-thanh-pho-da-lat3.vi.html,"{'ALEX HOTEL - Tường Phương cách trung tâm Đà Lạt bao xa?': 'A, L, E, X H, O, T, E, L - Tường Phương cách trung tâm Đà Lạt 1,6 km.\nTất cả khoảng cách được đo theo đường thẳng. Khoảng cách di chuyển thực sự có thể khác.', 'ALEX HOTEL - Tường Phương có phổ biến với các gia đình không?': 'Có, A, L, E, X H, O, T, E, L - Tường Phương khá phổ biến đối với khách đặt kỳ nghỉ gia đình.', 'Tôi có thể làm gì ở ALEX HOTEL - Tường Phương?': 'A, L, E, X H, O, T, E, L - Tường Phương có những hoạt động/dịch vụ sau (có thể áp dụng phí): Sân gôn (trong vòng 3km)', 'ALEX HOTEL - Tường Phương có những loại phòng nào?': 'Lựa chọn phòng tại A, L, E, X H, O, T, E, L - Tường Phương bao gồm: Phòng giường đôi, Phòng 4 người', 'ALEX HOTEL - Tường Phương có giờ nhận và trả phòng như thế nào?': 'A, L, E, X H, O, T, E, L - Tường Phương có giờ nhận phòng từ 14:00 và giờ trả phòng trước 12:00.', 'Chi phí nghỉ tại ALEX HOTEL - Tường Phương là bao nhiêu?': 'Giá tại A, L, E, X H, O, T, E, L - Tường Phương có thể khác nhau tùy vào kỳ nghỉ của bạn (ví dụ: ngày bạn chọn, chính sách khách sạn,v.v.). Vui lòng xem giá bằng cách nhập ngày của bạn.'}"
https://www.booking.com/hotel/vn/khach-san-bao-duy.vi.html,"{'Hotel Bao Duy cách trung tâm Đà Lạt bao xa?': 'Hotel Bao Duy cách trung tâm Đà Lạt 250 m.\nTất cả khoảng cách được đo theo đường thẳng. Khoảng cách di chuyển thực sự có thể khác.', 'Tôi có thể làm gì ở Hotel Bao Duy?': 'Hotel Bao Duy có những hoạt động/dịch vụ sau (có thể áp dụng phí): Phòng tắm chung, Cắt tóc, Dịch vụ trang điểm, Tạo kiểu tóc, Dịch Vụ Làm Đẹp, Nhuộm tóc, Chăm sóc tóc', 'Chi phí nghỉ tại Hotel Bao Duy là bao nhiêu?': 'Giá tại Hotel Bao Duy có thể khác nhau tùy vào kỳ nghỉ của bạn (ví dụ: ngày bạn chọn, chính sách khách sạn,v.v.). Vui lòng xem giá bằng cách nhập ngày của bạn.', 'Hotel Bao Duy có giờ nhận và trả phòng như thế nào?': 'Hotel Bao Duy có giờ nhận phòng từ 14:00 và giờ trả phòng trước 12:00.', 'Hotel Bao Duy có những loại phòng nào?': 'Lựa chọn phòng tại Hotel Bao Duy bao gồm: Phòng giường đôi'}"
https://www.booking.com/hotel/vn/cslt-du-lich-dang-nguyen.vi.html,"{'Dang Nguyen Guesthouse có giờ nhận và trả phòng như thế nào?': 'Dang Nguyen Guesthouse có giờ nhận phòng từ 14:00 và giờ trả phòng trước 12:00.', 'Tôi có thể làm gì ở Dang Nguyen Guesthouse?': 'Dang Nguyen Guesthouse có những hoạt động/dịch vụ sau (có thể áp dụng phí):', 'Dang Nguyen Guesthouse có những loại phòng nào?': 'Lựa chọn phòng tại Dang Nguyen Guesthouse bao gồm: Phòng 4 người, Phòng giường đôi', 'Dang Nguyen Guesthouse cách trung tâm Đà Lạt bao xa?': 'Dang Nguyen Guesthouse cách trung tâm Đà Lạt 1,6 km.\nTất cả khoảng cách được đo theo đường thẳng. Khoảng cách di chuyển thực sự có thể khác.', 'Chi phí nghỉ tại Dang Nguyen Guesthouse là bao nhiêu?': 'Giá tại Dang Nguyen Guesthouse có thể khác nhau tùy vào kỳ nghỉ của bạn (ví dụ: ngày bạn chọn, chính sách khách sạn,v.v.). Vui lòng xem giá bằng cách nhập ngày của bạn.'}"
https://www.booking.com/hotel/vn/dalat-eco-2.vi.html,"{'Dalat ECO Hotel 2 có những loại phòng nào?': 'Lựa chọn phòng tại Dalat E, C, O Hotel 2 bao gồm: Phòng gia đình, Phòng giường đôi', 'Tôi có thể làm gì ở Dalat ECO Hotel 2?': 'Dalat E, C, O Hotel 2 có những hoạt động/dịch vụ sau (có thể áp dụng phí): Tour đi bộ, Lớp dạy nấu ăn, Tour đi xe đạp', 'Chi phí nghỉ tại Dalat ECO Hotel 2 là bao nhiêu?': 'Giá tại Dalat E, C, O Hotel 2 có thể khác nhau tùy vào kỳ nghỉ của bạn (ví dụ: ngày bạn chọn, chính sách khách sạn,v.v.). Vui lòng xem giá bằng cách nhập ngày của bạn.', 'Dalat ECO Hotel 2 có giờ nhận và trả phòng như thế nào?': 'Dalat E, C, O Hotel 2 có giờ nhận phòng từ 14:00 và giờ trả phòng trước 12:00.', 'Dalat ECO Hotel 2 cách trung tâm Đà Lạt bao xa?': 'Dalat E, C, O Hotel 2 cách trung tâm Đà Lạt 1,1 km.\nTất cả khoảng cách được đo theo đường thẳng. Khoảng cách di chuyển thực sự có thể khác.'}"
https://www.booking.com/hotel/vn/be-youth-villa-da-lat.vi.html,"{'Tôi có thể làm gì ở Be Youth Villa Đà Lạt?': 'Be Youth Villa Đà Lạt có những hoạt động/dịch vụ sau (có thể áp dụng phí):', 'Be Youth Villa Đà Lạt có nhà hàng trong khuôn viên không?': 'Be Youth Villa Đà Lạt có 1 nhà hàng: Nhà hàng #1', 'Chi phí nghỉ tại Be Youth Villa Đà Lạt là bao nhiêu?': 'Giá tại Be Youth Villa Đà Lạt có thể khác nhau tùy vào kỳ nghỉ của bạn (ví dụ: ngày bạn chọn, chính sách khách sạn,v.v.). Vui lòng xem giá bằng cách nhập ngày của bạn.', 'Be Youth Villa Đà Lạt có những loại phòng nào?': 'Lựa chọn phòng tại Be Youth Villa Đà Lạt bao gồm: Phòng giường đôi, Phòng gia đình', 'Be Youth Villa Đà Lạt cách trung tâm Đà Lạt bao xa?': 'Be Youth Villa Đà Lạt cách trung tâm Đà Lạt 2,6 km.\nTất cả khoảng cách được đo theo đường thẳng. Khoảng cách di chuyển thực sự có thể khác.', 'Be Youth Villa Đà Lạt có giờ nhận và trả phòng như thế nào?': 'Be Youth Villa Đà Lạt có giờ nhận phòng từ 14:00 và giờ trả phòng trước 12:00.'}"
https://www.booking.com/hotel/vn/d-home-da-lat-3.vi.html,"{'D Home Da Lat 3 có phổ biến với các gia đình không?': 'Có, D Home Da Lat 3 khá phổ biến đối với khách đặt kỳ nghỉ gia đình.', 'Tôi có thể làm gì ở D Home Da Lat 3?': 'D Home Da Lat 3 có những hoạt động/dịch vụ sau (có thể áp dụng phí):', 'D Home Da Lat 3 có giờ nhận và trả phòng như thế nào?': 'D Home Da Lat 3 có giờ nhận phòng từ 13:00 và giờ trả phòng trước 11:30.', 'Chi phí nghỉ tại D Home Da Lat 3 là bao nhiêu?': 'Giá tại D Home Da Lat 3 có thể khác nhau tùy vào kỳ nghỉ của bạn (ví dụ: ngày bạn chọn, chính sách khách sạn,v.v.). Vui lòng xem giá bằng cách nhập ngày của bạn.', 'D Home Da Lat 3 cách trung tâm Đà Lạt bao xa?': 'D Home Da Lat 3 cách trung tâm Đà Lạt 3,3 km.\nTất cả khoảng cách được đo theo đường thẳng. Khoảng cách di chuyển thực sự có thể khác.'}"
https://www.booking.com/hotel/vn/doc-view-home.vi.html,"{'Dốc View Home có những loại phòng nào?': 'Lựa chọn phòng tại Dốc View Home bao gồm: Phòng giường đôi', 'Dốc View Home cách trung tâm Đà Lạt bao xa?': 'Dốc View Home cách trung tâm Đà Lạt 1,3 km.\nTất cả khoảng cách được đo theo đường thẳng. Khoảng cách di chuyển thực sự có thể khác.', 'Dốc View Home có giờ nhận và trả phòng như thế nào?': 'Dốc View Home có giờ nhận phòng từ 14:00 và giờ trả phòng trước 12:00.', 'Chi phí nghỉ tại Dốc View Home là bao nhiêu?': 'Giá tại Dốc View Home có thể khác nhau tùy vào kỳ nghỉ của bạn (ví dụ: ngày bạn chọn, chính sách khách sạn,v.v.). Vui lòng xem giá bằng cách nhập ngày của bạn.', 'Tôi có thể làm gì ở Dốc View Home?': 'Dốc View Home có những hoạt động/dịch vụ sau (có thể áp dụng phí): Công viên nước'}"
https://www.booking.com/hotel/vn/kim-hoa-2-dalat.vi.html,"{'Tôi có thể làm gì ở Q-Center Dalat?': 'Q-Center Dalat có những hoạt động/dịch vụ sau (có thể áp dụng phí): Đi bộ đường dài, Sân gôn (trong vòng 3km)', 'Q-Center Dalat có những loại phòng nào?': 'Lựa chọn phòng tại Q-Center Dalat bao gồm: Phòng giường đôi, Phòng gia đình', 'Chi phí nghỉ tại Q-Center Dalat là bao nhiêu?': 'Giá tại Q-Center Dalat có thể khác nhau tùy vào kỳ nghỉ của bạn (ví dụ: ngày bạn chọn, chính sách khách sạn,v.v.). Vui lòng xem giá bằng cách nhập ngày của bạn.', 'Q-Center Dalat có giờ nhận và trả phòng như thế nào?': 'Q-Center Dalat có giờ nhận phòng từ 14:00 và giờ trả phòng trước 11:00.', 'Q-Center Dalat cách trung tâm Đà Lạt bao xa?': 'Q-Center Dalat cách trung tâm Đà Lạt 400 m.\nTất cả khoảng cách được đo theo đường thẳng. Khoảng cách di chuyển thực sự có thể khác.'}"
https://www.booking.com/hotel/vn/darests-home-thanh-pho-da-lat.vi.html,"{""Darest's Home có những loại phòng nào?"": ""Lựa chọn phòng tại Darest's Home bao gồm: Phòng giường đôi, Suite, Phòng gia đình"", ""Chi phí nghỉ tại Darest's Home là bao nhiêu?"": ""Giá tại Darest's Home có thể khác nhau tùy vào kỳ nghỉ của bạn (ví dụ: ngày bạn chọn, chính sách khách sạn,v.v.). Vui lòng xem giá bằng cách nhập ngày của bạn."", ""Darest's Home có giờ nhận và trả phòng như thế nào?"": ""Darest's Home có giờ nhận phòng từ 14:00 và giờ trả phòng trước 12:00."", ""Darest's Home cách trung tâm Đà Lạt bao xa?"": ""Darest's Home cách trung tâm Đà Lạt 3 km.\nTất cả khoảng cách được đo theo đường thẳng. Khoảng cách di chuyển thực sự có thể khác."", ""Tôi có thể làm gì ở Darest's Home?"": ""Darest's Home có những hoạt động/dịch vụ sau (có thể áp dụng phí): Cho thuê xe đạp""}"
https://www.booking.com/hotel/vn/nyby-villa-dalat.vi.html,"{'Nyby Villa Dalat by NHATUIshare cách trung tâm Khu Chi Lăng bao xa?': 'Nyby Villa Dalat by N, H, A, T, U, Ishare cách trung tâm Khu Chi Lăng 1,6 km.\nTất cả khoảng cách được đo theo đường thẳng. Khoảng cách di chuyển thực sự có thể khác.', 'Chi phí nghỉ tại Nyby Villa Dalat by NHATUIshare là bao nhiêu?': 'Giá tại Nyby Villa Dalat by N, H, A, T, U, Ishare có thể khác nhau tùy vào kỳ nghỉ của bạn (ví dụ: ngày bạn chọn, chính sách khách sạn,v.v.). Vui lòng xem giá bằng cách nhập ngày của bạn.', 'Nyby Villa Dalat by NHATUIshare có nhà hàng trong khuôn viên không?': 'Nyby Villa Dalat by N, H, A, T, U, Ishare có 1 nhà hàng: Nhà hàng #1', 'Nyby Villa Dalat by NHATUIshare có giờ nhận và trả phòng như thế nào?': 'Nyby Villa Dalat by N, H, A, T, U, Ishare có giờ nhận phòng từ 14:00 và giờ trả phòng trước 11:00.', 'Nyby Villa Dalat by NHATUIshare có những loại phòng nào?': 'Lựa chọn phòng tại Nyby Villa Dalat by N, H, A, T, U, Ishare bao gồm: Phòng giường đôi, Phòng gia đình', 'Tôi có thể làm gì ở Nyby Villa Dalat by NHATUIshare?': 'Nyby Villa Dalat by N, H, A, T, U, Ishare có những hoạt động/dịch vụ sau (có thể áp dụng phí): Karaoke'}"
https://www.booking.com/hotel/vn/spring-thanh-pho-da-lat1.vi.html,"{'Spring Hotel cách trung tâm Đà Lạt bao xa?': 'Spring Hotel cách trung tâm Đà Lạt 3 km.\nTất cả khoảng cách được đo theo đường thẳng. Khoảng cách di chuyển thực sự có thể khác.', 'Chi phí nghỉ tại Spring Hotel là bao nhiêu?': 'Giá tại Spring Hotel có thể khác nhau tùy vào kỳ nghỉ của bạn (ví dụ: ngày bạn chọn, chính sách khách sạn,v.v.). Vui lòng xem giá bằng cách nhập ngày của bạn.', 'Spring Hotel có những loại phòng nào?': 'Lựa chọn phòng tại Spring Hotel bao gồm: Phòng 4 người, Phòng giường đôi', 'Spring Hotel có giờ nhận và trả phòng như thế nào?': 'Spring Hotel có giờ nhận phòng từ 14:00 và giờ trả phòng trước 12:00.', 'Tôi có thể làm gì ở Spring Hotel?': 'Spring Hotel có những hoạt động/dịch vụ sau (có thể áp dụng phí): Tour/lớp về văn hóa địa phương, Cho thuê xe đạp, Biểu diễn/nhạc sống'}"
https://www.booking.com/hotel/vn/gia-ha-house-r2-1-view-doi.vi.html,"{'Tôi có thể làm gì ở Gia Hạ House R2.1 View Đồi?': 'Gia Hạ House R2.1 View Đồi có những hoạt động/dịch vụ sau (có thể áp dụng phí):', 'Gia Hạ House R2.1 View Đồi có giờ nhận và trả phòng như thế nào?': 'Gia Hạ House R2.1 View Đồi có giờ nhận phòng từ 14:00 và giờ trả phòng trước 12:00.', 'Chi phí nghỉ tại Gia Hạ House R2.1 View Đồi là bao nhiêu?': 'Giá tại Gia Hạ House R2.1 View Đồi có thể khác nhau tùy vào kỳ nghỉ của bạn (ví dụ: ngày bạn chọn, chính sách khách sạn,v.v.). Vui lòng xem giá bằng cách nhập ngày của bạn.', 'Gia Hạ House R2.1 View Đồi cách trung tâm Đà Lạt bao xa?': 'Gia Hạ House R2.1 View Đồi cách trung tâm Đà Lạt 2,2 km.\nTất cả khoảng cách được đo theo đường thẳng. Khoảng cách di chuyển thực sự có thể khác.'}"
https://www.booking.com/hotel/vn/shanti-wellness-sanctuary.vi.html,"{'Shanti Wellness Sanctuary có giờ nhận và trả phòng như thế nào?': 'Shanti Wellness Sanctuary có giờ nhận phòng từ 14:00 và giờ trả phòng trước 11:00.', 'Tôi có thể làm gì ở Shanti Wellness Sanctuary?': 'Shanti Wellness Sanctuary có những hoạt động/dịch vụ sau (có thể áp dụng phí): Trung tâm Spa & chăm sóc sức khoẻMassage, Đi bộ đường dài, Phòng chơi game, Câu cáDịch vụ ngâm chân, Bữa tối theo chủ đề, Mát-xa chân, Mát-xa lưng, Mát-xa toàn thân, Gói spa/chăm sóc sức khỏe, Mát-xa cổ', 'Shanti Wellness Sanctuary có bao nhiêu phòng ngủ?': 'Bạn có thể chọn từ nhiều lựa chọn chỗ nghỉ tại Shanti Wellness Sanctuary (tùy vào tình trạng có sẵn). Những chỗ này có: 1 phòng ngủ2 phòng ngủ3 phòng ngủ\n\nĐể biết thêm thông tin, vui lòng kiểm tra chi tiết (các) lựa chọn chỗ nghỉ ở trang này.', 'Shanti Wellness Sanctuary có ban công không?': 'Có, nhiều lựa chọn tại chỗ nghỉ này có ban công. Bạn có thể tìm hiểu thêm về điều này và các tiện nghi khác tại Shanti Wellness Sanctuary trên trang này.', 'Shanti Wellness Sanctuary có phổ biến với các gia đình không?': 'Có, Shanti Wellness Sanctuary khá phổ biến đối với khách đặt kỳ nghỉ gia đình.', 'Bao nhiêu khách có thể lưu trú tại Shanti Wellness Sanctuary?': 'Bạn có thể chọn từ nhiều lựa chọn chỗ nghỉ tại Shanti Wellness Sanctuary (tùy vào tình trạng có sẵn). Những chỗ này có thể tiếp đón: 2 khách4 khách8 khách\n\nĐể biết thêm thông tin, vui lòng kiểm tra chi tiết (các) lựa chọn chỗ nghỉ ở trang này.', 'Shanti Wellness Sanctuary có sân hiên không?': 'Có, nhiều lựa chọn tại chỗ nghỉ này có sân hiên. Bạn có thể tìm hiểu thêm về điều này và các tiện nghi khác tại Shanti Wellness Sanctuary trên trang này.', 'Shanti Wellness Sanctuary có nhà hàng trong khuôn viên không?': 'Shanti Wellness Sanctuary có 1 nhà hàng: Shanti Restaurant', 'Chi phí nghỉ tại Shanti Wellness Sanctuary là bao nhiêu?': 'Giá tại Shanti Wellness Sanctuary có thể khác nhau tùy vào kỳ nghỉ của bạn (ví dụ: ngày bạn chọn, chính sách khách sạn,v.v.). Vui lòng xem giá bằng cách nhập ngày của bạn.', 'Shanti Wellness Sanctuary cách trung tâm Lạc Dương bao xa?': 'Shanti Wellness Sanctuary cách trung tâm Lạc Dương 3,8 km.\nTất cả khoảng cách được đo theo đường thẳng. Khoảng cách di chuyển thực sự có thể khác.'}"
https://www.booking.com/hotel/vn/gia-huy-glory.vi.html,"{'Glory Gia Huy Hotel có giờ nhận và trả phòng như thế nào?': 'Glory Gia Huy Hotel có giờ nhận phòng từ 14:00 và giờ trả phòng trước 12:00.', 'Tôi có thể làm gì ở Glory Gia Huy Hotel?': 'Glory Gia Huy Hotel có những hoạt động/dịch vụ sau (có thể áp dụng phí): Tour đi bộ, Tour đi xe đạp', 'Glory Gia Huy Hotel cách trung tâm Đà Lạt bao xa?': 'Glory Gia Huy Hotel cách trung tâm Đà Lạt 350 m.\nTất cả khoảng cách được đo theo đường thẳng. Khoảng cách di chuyển thực sự có thể khác.', 'Glory Gia Huy Hotel có những loại phòng nào?': 'Lựa chọn phòng tại Glory Gia Huy Hotel bao gồm: Phòng giường đôi, Phòng 4 người, Phòng gia đình', 'Chi phí nghỉ tại Glory Gia Huy Hotel là bao nhiêu?': 'Giá tại Glory Gia Huy Hotel có thể khác nhau tùy vào kỳ nghỉ của bạn (ví dụ: ngày bạn chọn, chính sách khách sạn,v.v.). Vui lòng xem giá bằng cách nhập ngày của bạn.'}"
https://www.booking.com/hotel/vn/emer-da-lat-thom-villa.vi.html,"{'Chi phí nghỉ tại Thơm House là bao nhiêu?': 'Giá tại Thơm House có thể khác nhau tùy vào kỳ nghỉ của bạn (ví dụ: ngày bạn chọn, chính sách khách sạn,v.v.). Vui lòng xem giá bằng cách nhập ngày của bạn.', 'Tôi có thể làm gì ở Thơm House?': 'Thơm House có những hoạt động/dịch vụ sau (có thể áp dụng phí):', 'Thơm House có giờ nhận và trả phòng như thế nào?': 'Thơm House có giờ nhận phòng từ 14:00 và giờ trả phòng trước 12:00.', 'Thơm House cách trung tâm Ấp Ða Thiên bao xa?': 'Thơm House cách trung tâm Ấp Ða Thiên 1 km.\nTất cả khoảng cách được đo theo đường thẳng. Khoảng cách di chuyển thực sự có thể khác.'}"
https://www.booking.com/hotel/vn/reddoorz-near-thung-lung-tinh-yeu.vi.html,"{'Tôi có thể làm gì ở Raon Dalat - STAY 24H?': 'Raon Dalat - S, T, A, Y 24H có những hoạt động/dịch vụ sau (có thể áp dụng phí):', 'Raon Dalat - STAY 24H cách trung tâm Đà Lạt bao xa?': 'Raon Dalat - S, T, A, Y 24H cách trung tâm Đà Lạt 2,2 km.\nTất cả khoảng cách được đo theo đường thẳng. Khoảng cách di chuyển thực sự có thể khác.', 'Chi phí nghỉ tại Raon Dalat - STAY 24H là bao nhiêu?': 'Giá tại Raon Dalat - S, T, A, Y 24H có thể khác nhau tùy vào kỳ nghỉ của bạn (ví dụ: ngày bạn chọn, chính sách khách sạn,v.v.). Vui lòng xem giá bằng cách nhập ngày của bạn.', 'Raon Dalat - STAY 24H có giờ nhận và trả phòng như thế nào?': 'Raon Dalat - S, T, A, Y 24H có giờ nhận phòng từ 14:00 và giờ trả phòng trước 12:00.', 'Raon Dalat - STAY 24H có những loại phòng nào?': 'Lựa chọn phòng tại Raon Dalat - S, T, A, Y 24H bao gồm: Phòng giường đôi, Phòng gia đình, Suite, Căn hộPhòng giường đôi/2 giường đơn, Phòng tập thể'}"
https://www.booking.com/hotel/vn/hoang-dieu-dalat-da-lat1.vi.html,"{'Chi phí nghỉ tại HOÀNG DIỆU DALAT là bao nhiêu?': 'Giá tại H, OÀ, N, G D, IỆU D, A, L, A, T có thể khác nhau tùy vào kỳ nghỉ của bạn (ví dụ: ngày bạn chọn, chính sách khách sạn,v.v.). Vui lòng xem giá bằng cách nhập ngày của bạn.', 'HOÀNG DIỆU DALAT có giờ nhận và trả phòng như thế nào?': 'H, OÀ, N, G D, IỆU D, A, L, A, T có giờ nhận phòng từ 12:00 và giờ trả phòng trước 12:00.', 'Tôi có thể làm gì ở HOÀNG DIỆU DALAT?': 'H, OÀ, N, G D, IỆU D, A, L, A, T có những hoạt động/dịch vụ sau (có thể áp dụng phí):', 'HOÀNG DIỆU DALAT có những loại phòng nào?': 'Lựa chọn phòng tại H, OÀ, N, G D, IỆU D, A, L, A, T bao gồm: Phòng giường đôi, Phòng 4 người, Phòng gia đình', 'HOÀNG DIỆU DALAT cách trung tâm Đà Lạt bao xa?': 'H, OÀ, N, G D, IỆU D, A, L, A, T cách trung tâm Đà Lạt 300 m.\nTất cả khoảng cách được đo theo đường thẳng. Khoảng cách di chuyển thực sự có thể khác.'}"
https://www.booking.com/hotel/vn/ohayou-homestay-dalat.vi.html,"{'Tôi có thể làm gì ở Ohayou Dalat Homestay?': 'Ohayou Dalat Homestay có những hoạt động/dịch vụ sau (có thể áp dụng phí):', 'Ohayou Dalat Homestay có giờ nhận và trả phòng như thế nào?': 'Ohayou Dalat Homestay có giờ nhận phòng từ 13:00 và giờ trả phòng trước 12:00.', 'Chi phí nghỉ tại Ohayou Dalat Homestay là bao nhiêu?': 'Giá tại Ohayou Dalat Homestay có thể khác nhau tùy vào kỳ nghỉ của bạn (ví dụ: ngày bạn chọn, chính sách khách sạn,v.v.). Vui lòng xem giá bằng cách nhập ngày của bạn.', 'Ohayou Dalat Homestay có những loại phòng nào?': 'Lựa chọn phòng tại Ohayou Dalat Homestay bao gồm: Phòng giường đôi, Phòng 4 người', 'Ohayou Dalat Homestay cách trung tâm Đà Lạt bao xa?': 'Ohayou Dalat Homestay cách trung tâm Đà Lạt 1,8 km.\nTất cả khoảng cách được đo theo đường thẳng. Khoảng cách di chuyển thực sự có thể khác.'}"
https://www.booking.com/hotel/vn/nice-dream.vi.html,"{'Tôi có thể làm gì ở Nice Dream Hotel?': 'Nice Dream Hotel có những hoạt động/dịch vụ sau (có thể áp dụng phí): Xe đạp, Đi bộ đường dài, Sân gôn (trong vòng 3km)Bữa tối theo chủ đề, Tour đi xe đạp, Cho thuê xe đạp, Nhảy/khám phá bar, Giờ vàng, Cưỡi ngựa', 'Nice Dream Hotel có những loại phòng nào?': 'Lựa chọn phòng tại Nice Dream Hotel bao gồm: Phòng giường đôi, Phòng 2 giường đơn Phòng gia đình, Biệt thự', 'Nice Dream Hotel có nhà hàng trong khuôn viên không?': 'Nice Dream Hotel có 1 nhà hàng: W, A, Y, F, A, R, E, R R, E, S, T, A, U, R, A, N, T', 'Chi phí nghỉ tại Nice Dream Hotel là bao nhiêu?': 'Giá tại Nice Dream Hotel có thể khác nhau tùy vào kỳ nghỉ của bạn (ví dụ: ngày bạn chọn, chính sách khách sạn,v.v.). Vui lòng xem giá bằng cách nhập ngày của bạn.', 'Nice Dream Hotel cách trung tâm Đà Lạt bao xa?': 'Nice Dream Hotel cách trung tâm Đà Lạt 100 m.\nTất cả khoảng cách được đo theo đường thẳng. Khoảng cách di chuyển thực sự có thể khác.', 'Nice Dream Hotel có giờ nhận và trả phòng như thế nào?': 'Nice Dream Hotel có giờ nhận phòng từ 14:00 và giờ trả phòng trước 12:00.'}"
https://www.booking.com/hotel/vn/vmt.vi.html,"{'VMT Hotel Da Lat có những loại phòng nào?': 'Lựa chọn phòng tại V, M, T Hotel Da Lat bao gồm: Phòng giường đôi', 'Tôi có thể làm gì ở VMT Hotel Da Lat?': 'V, M, T Hotel Da Lat có những hoạt động/dịch vụ sau (có thể áp dụng phí): Bida', 'VMT Hotel Da Lat có giờ nhận và trả phòng như thế nào?': 'V, M, T Hotel Da Lat có giờ nhận phòng từ 14:00 và giờ trả phòng trước 12:00.', 'VMT Hotel Da Lat cách trung tâm Đà Lạt bao xa?': 'V, M, T Hotel Da Lat cách trung tâm Đà Lạt 2,4 km.\nTất cả khoảng cách được đo theo đường thẳng. Khoảng cách di chuyển thực sự có thể khác.', 'Chi phí nghỉ tại VMT Hotel Da Lat là bao nhiêu?': 'Giá tại V, M, T Hotel Da Lat có thể khác nhau tùy vào kỳ nghỉ của bạn (ví dụ: ngày bạn chọn, chính sách khách sạn,v.v.). Vui lòng xem giá bằng cách nhập ngày của bạn.'}"
https://www.booking.com/hotel/vn/suong-mai-house-ankroet-thon-da-nghit-xa-lat-lac-duong.vi.html,"{'Sương Mai House cách trung tâm Ấp An Kroët bao xa?': 'Sương Mai House cách trung tâm Ấp An Kroët 1,7 km.\nTất cả khoảng cách được đo theo đường thẳng. Khoảng cách di chuyển thực sự có thể khác.', 'Chi phí nghỉ tại Sương Mai House là bao nhiêu?': 'Giá tại Sương Mai House có thể khác nhau tùy vào kỳ nghỉ của bạn (ví dụ: ngày bạn chọn, chính sách khách sạn,v.v.). Vui lòng xem giá bằng cách nhập ngày của bạn.', 'Sương Mai House có giờ nhận và trả phòng như thế nào?': 'Sương Mai House có giờ nhận phòng từ 12:00 và giờ trả phòng trước 12:00.', 'Tôi có thể làm gì ở Sương Mai House?': 'Sương Mai House có những hoạt động/dịch vụ sau (có thể áp dụng phí):'}"
https://www.booking.com/hotel/vn/touch-dalat.vi.html,"{'Touch Dalat có những loại phòng nào?': 'Lựa chọn phòng tại Touch Dalat bao gồm: Phòng giường đôi, Phòng gia đình, Studio', 'Touch Dalat có giờ nhận và trả phòng như thế nào?': 'Touch Dalat có giờ nhận phòng từ 12:00 và giờ trả phòng trước 12:00.', 'Chi phí nghỉ tại Touch Dalat là bao nhiêu?': 'Giá tại Touch Dalat có thể khác nhau tùy vào kỳ nghỉ của bạn (ví dụ: ngày bạn chọn, chính sách khách sạn,v.v.). Vui lòng xem giá bằng cách nhập ngày của bạn.', 'Touch Dalat cách trung tâm Đà Lạt bao xa?': 'Touch Dalat cách trung tâm Đà Lạt 2 km.\nTất cả khoảng cách được đo theo đường thẳng. Khoảng cách di chuyển thực sự có thể khác.', 'Touch Dalat có phổ biến với các gia đình không?': 'Có, Touch Dalat khá phổ biến đối với khách đặt kỳ nghỉ gia đình.', 'Tôi có thể làm gì ở Touch Dalat?': 'Touch Dalat có những hoạt động/dịch vụ sau (có thể áp dụng phí):'}"
https://www.booking.com/hotel/vn/nature-home-thanh-pho-da-lat.vi.html,"{'Nature Homes Đà Lạt cách trung tâm Đà Lạt bao xa?': 'Nature Homes Đà Lạt cách trung tâm Đà Lạt 2,6 km.\nTất cả khoảng cách được đo theo đường thẳng. Khoảng cách di chuyển thực sự có thể khác.', 'Nature Homes Đà Lạt có giờ nhận và trả phòng như thế nào?': 'Nature Homes Đà Lạt có giờ nhận phòng từ 12:00 và giờ trả phòng trước 12:00.', 'Chi phí nghỉ tại Nature Homes Đà Lạt là bao nhiêu?': 'Giá tại Nature Homes Đà Lạt có thể khác nhau tùy vào kỳ nghỉ của bạn (ví dụ: ngày bạn chọn, chính sách khách sạn,v.v.). Vui lòng xem giá bằng cách nhập ngày của bạn.', 'Nature Homes Đà Lạt có những loại phòng nào?': 'Lựa chọn phòng tại Nature Homes Đà Lạt bao gồm: Phòng giường đôi, Phòng 4 người', 'Tôi có thể làm gì ở Nature Homes Đà Lạt?': 'Nature Homes Đà Lạt có những hoạt động/dịch vụ sau (có thể áp dụng phí): Tour đi bộ, Tour đi xe đạp'}"
https://www.booking.com/hotel/vn/sandals-star.vi.html,"{'Sandals Star Hotel có những loại phòng nào?': 'Lựa chọn phòng tại Sandals Star Hotel bao gồm: Phòng giường đôi, Phòng 3 người, Suite', 'Chi phí nghỉ tại Sandals Star Hotel là bao nhiêu?': 'Giá tại Sandals Star Hotel có thể khác nhau tùy vào kỳ nghỉ của bạn (ví dụ: ngày bạn chọn, chính sách khách sạn,v.v.). Vui lòng xem giá bằng cách nhập ngày của bạn.', 'Sandals Star Hotel cách trung tâm Ðưc Trọng bao xa?': 'Sandals Star Hotel cách trung tâm Ðưc Trọng 1,8 km.\nTất cả khoảng cách được đo theo đường thẳng. Khoảng cách di chuyển thực sự có thể khác.', 'Sandals Star Hotel có phổ biến với các gia đình không?': 'Có, Sandals Star Hotel khá phổ biến đối với khách đặt kỳ nghỉ gia đình.', 'Sandals Star Hotel có nhà hàng trong khuôn viên không?': 'Sandals Star Hotel có 1 nhà hàng: S, A, N, D, A, L, S S, T, A, R', 'Tôi có thể làm gì ở Sandals Star Hotel?': 'Sandals Star Hotel có những hoạt động/dịch vụ sau (có thể áp dụng phí): Massage, Sân tennis, Mát-xa lưng, Tiện Nghi Spa, Mát-xa đầu, Thiết bị dành cho tennis, Mát-xa chân, Dịch vụ ngâm chân, Mát-xa toàn thân, Phòng tắm chung, Mát-xa cổ, Khu vực thư giãn/spa lounge, Mát-xa tay, Thiết bị dành cho cầu lông, Mát-xa dành cho cặp đôi, Gói spa/chăm sóc sức khỏe, Cho thuê xe đạp', 'Sandals Star Hotel có giờ nhận và trả phòng như thế nào?': 'Sandals Star Hotel có giờ nhận phòng từ 14:00 và giờ trả phòng trước 12:00.', 'Sandals Star Hotel có phục vụ dạng bữa sáng nào?': 'Khách lưu trú tại Sandals Star Hotel có thể tận hưởng bữa sáng được đánh giá cao trong kỳ nghỉ của họ (điểm đánh giá của khách: 5.8)\n\nLựa chọn bữa sáng bao gồm: Kiểu Á, Gọi món (à la carte)'}"
https://www.booking.com/hotel/vn/ttr-studio.vi.html,"{'TTR Studio Apart Hotel có giờ nhận và trả phòng như thế nào?': 'T, T, R Studio Apart Hotel có giờ nhận phòng từ 14:00 và giờ trả phòng trước 12:00.', 'Tôi có thể làm gì ở TTR Studio Apart Hotel?': 'T, T, R Studio Apart Hotel có những hoạt động/dịch vụ sau (có thể áp dụng phí): Trung tâm Spa & chăm sóc sức khoẻDịch vụ làm móng tay, Dịch Vụ Làm Đẹp, Tiện Nghi Spa, Cho thuê xe đạp, Dịch vụ làm móng chân, Chăm sóc tóc', 'TTR Studio Apart Hotel cách trung tâm Đà Lạt bao xa?': 'T, T, R Studio Apart Hotel cách trung tâm Đà Lạt 1,6 km.\nTất cả khoảng cách được đo theo đường thẳng. Khoảng cách di chuyển thực sự có thể khác.', 'TTR Studio Apart Hotel có bao nhiêu phòng ngủ?': 'Bạn có thể chọn từ nhiều lựa chọn chỗ nghỉ tại T, T, R Studio Apart Hotel (tùy vào tình trạng có sẵn). Những chỗ này có: 1 phòng ngủ2 phòng ngủ\n\nĐể biết thêm thông tin, vui lòng kiểm tra chi tiết (các) lựa chọn chỗ nghỉ ở trang này.', 'Bao nhiêu khách có thể lưu trú tại TTR Studio Apart Hotel?': 'Bạn có thể chọn từ nhiều lựa chọn chỗ nghỉ tại T, T, R Studio Apart Hotel (tùy vào tình trạng có sẵn). Những chỗ này có thể tiếp đón: 5 khách8 khách\n\nĐể biết thêm thông tin, vui lòng kiểm tra chi tiết (các) lựa chọn chỗ nghỉ ở trang này.', 'Chi phí nghỉ tại TTR Studio Apart Hotel là bao nhiêu?': 'Giá tại T, T, R Studio Apart Hotel có thể khác nhau tùy vào kỳ nghỉ của bạn (ví dụ: ngày bạn chọn, chính sách khách sạn,v.v.). Vui lòng xem giá bằng cách nhập ngày của bạn.', 'TTR Studio Apart Hotel có ban công không?': 'Có, nhiều lựa chọn tại chỗ nghỉ này có ban công. Bạn có thể tìm hiểu thêm về điều này và các tiện nghi khác tại T, T, R Studio Apart Hotel trên trang này.', 'TTR Studio Apart Hotel có nhà hàng trong khuôn viên không?': 'T, T, R Studio Apart Hotel có 1 nhà hàng: Tiem mi nong Te Te', 'TTR Studio Apart Hotel có sân hiên không?': 'Có, nhiều lựa chọn tại chỗ nghỉ này có sân hiên. Bạn có thể tìm hiểu thêm về điều này và các tiện nghi khác tại T, T, R Studio Apart Hotel trên trang này.', 'TTR Studio Apart Hotel có phổ biến với các gia đình không?': 'Có, T, T, R Studio Apart Hotel khá phổ biến đối với khách đặt kỳ nghỉ gia đình.'}"
https://www.booking.com/hotel/vn/golden-bee.vi.html,"{'Chi phí nghỉ tại Golden Bee Hotel là bao nhiêu?': 'Giá tại Golden Bee Hotel có thể khác nhau tùy vào kỳ nghỉ của bạn (ví dụ: ngày bạn chọn, chính sách khách sạn,v.v.). Vui lòng xem giá bằng cách nhập ngày của bạn.', 'Golden Bee Hotel có nhà hàng trong khuôn viên không?': 'Golden Bee Hotel có 1 nhà hàng: Restaurant #1', 'Golden Bee Hotel có giờ nhận và trả phòng như thế nào?': 'Golden Bee Hotel có giờ nhận phòng từ 14:00 và giờ trả phòng trước 12:00.', 'Tôi có thể làm gì ở Golden Bee Hotel?': 'Golden Bee Hotel có những hoạt động/dịch vụ sau (có thể áp dụng phí): Trung tâm thể dục, Đi bộ đường dài, Sân chơi trẻ em, Phòng gym, Tour/lớp về văn hóa địa phương', 'Golden Bee Hotel có những loại phòng nào?': 'Lựa chọn phòng tại Golden Bee Hotel bao gồm: Phòng giường đôi, Phòng gia đình, Phòng 2 giường đơn ', 'Golden Bee Hotel có phổ biến với các gia đình không?': 'Có, Golden Bee Hotel khá phổ biến đối với khách đặt kỳ nghỉ gia đình.', 'Golden Bee Hotel cách trung tâm Đà Lạt bao xa?': 'Golden Bee Hotel cách trung tâm Đà Lạt 1,2 km.\nTất cả khoảng cách được đo theo đường thẳng. Khoảng cách di chuyển thực sự có thể khác.'}"
https://www.booking.com/hotel/vn/lang-tinh-mo-home-resort-da-lat.vi.html,"{'Làng Tinh Mơ - Home Resort Da Lat cách trung tâm Ấp An Kroët bao xa?': 'Làng Tinh Mơ - Home Resort Da Lat cách trung tâm Ấp An Kroët 2,1 km.\nTất cả khoảng cách được đo theo đường thẳng. Khoảng cách di chuyển thực sự có thể khác.', 'Làng Tinh Mơ - Home Resort Da Lat có bao nhiêu phòng ngủ?': 'Bạn có thể chọn từ nhiều lựa chọn chỗ nghỉ tại Làng Tinh Mơ - Home Resort Da Lat (tùy vào tình trạng có sẵn). Những chỗ này có: 1 phòng ngủ2 phòng ngủ3 phòng ngủ6 phòng ngủ\n\nĐể biết thêm thông tin, vui lòng kiểm tra chi tiết (các) lựa chọn chỗ nghỉ ở trang này.', 'Làng Tinh Mơ - Home Resort Da Lat có giờ nhận và trả phòng như thế nào?': 'Làng Tinh Mơ - Home Resort Da Lat có giờ nhận phòng từ 15:00 và giờ trả phòng trước 12:00.', 'Làng Tinh Mơ - Home Resort Da Lat có bể sục cho khách không?': 'Chỗ nghỉ có bể sục. Bạn có thể tìm hiểu thêm về điều này và các tiện nghi khác tại Làng Tinh Mơ - Home Resort Da Lat trên trang này.', 'Làng Tinh Mơ - Home Resort Da Lat có ban công không?': 'Có, nhiều lựa chọn tại chỗ nghỉ này có ban công. Bạn có thể tìm hiểu thêm về điều này và các tiện nghi khác tại Làng Tinh Mơ - Home Resort Da Lat trên trang này.', 'Làng Tinh Mơ - Home Resort Da Lat có sân hiên không?': 'Có, nhiều lựa chọn tại chỗ nghỉ này có sân hiên. Bạn có thể tìm hiểu thêm về điều này và các tiện nghi khác tại Làng Tinh Mơ - Home Resort Da Lat trên trang này.', 'Bao nhiêu khách có thể lưu trú tại Làng Tinh Mơ - Home Resort Da Lat?': 'Bạn có thể chọn từ nhiều lựa chọn chỗ nghỉ tại Làng Tinh Mơ - Home Resort Da Lat (tùy vào tình trạng có sẵn). Những chỗ này có thể tiếp đón: 14 khách3 khách5 khách6 khách\n\nĐể biết thêm thông tin, vui lòng kiểm tra chi tiết (các) lựa chọn chỗ nghỉ ở trang này.', 'Tôi có thể làm gì ở Làng Tinh Mơ - Home Resort Da Lat?': 'Làng Tinh Mơ - Home Resort Da Lat có những hoạt động/dịch vụ sau (có thể áp dụng phí): Bồn tắm nóng/bể sục (Jacuzzi)', 'Chi phí nghỉ tại Làng Tinh Mơ - Home Resort Da Lat là bao nhiêu?': 'Giá tại Làng Tinh Mơ - Home Resort Da Lat có thể khác nhau tùy vào kỳ nghỉ của bạn (ví dụ: ngày bạn chọn, chính sách khách sạn,v.v.). Vui lòng xem giá bằng cách nhập ngày của bạn.'}"
https://www.booking.com/hotel/vn/grad-rosmary-homestay.vi.html,"{'GRAD Rosmary Homestay cách trung tâm Đà Lạt bao xa?': 'G, R, A, D Rosmary Homestay cách trung tâm Đà Lạt 2,6 km.\nTất cả khoảng cách được đo theo đường thẳng. Khoảng cách di chuyển thực sự có thể khác.', 'Tôi có thể làm gì ở GRAD Rosmary Homestay?': 'G, R, A, D Rosmary Homestay có những hoạt động/dịch vụ sau (có thể áp dụng phí):', 'Chi phí nghỉ tại GRAD Rosmary Homestay là bao nhiêu?': 'Giá tại G, R, A, D Rosmary Homestay có thể khác nhau tùy vào kỳ nghỉ của bạn (ví dụ: ngày bạn chọn, chính sách khách sạn,v.v.). Vui lòng xem giá bằng cách nhập ngày của bạn.', 'GRAD Rosmary Homestay có giờ nhận và trả phòng như thế nào?': 'G, R, A, D Rosmary Homestay có giờ nhận phòng từ 15:00 và giờ trả phòng trước 11:00.'}"
https://www.booking.com/hotel/vn/nau-homestay-4.vi.html,"{'Nhà của Nâu - Homestay Đà Lạt cách trung tâm Ấp Ða Thành bao xa?': 'Nhà của Nâu - Homestay Đà Lạt cách trung tâm Ấp Ða Thành 1,1 km.\nTất cả khoảng cách được đo theo đường thẳng. Khoảng cách di chuyển thực sự có thể khác.', 'Nhà của Nâu - Homestay Đà Lạt có giờ nhận và trả phòng như thế nào?': 'Nhà của Nâu - Homestay Đà Lạt có giờ nhận phòng từ 14:00 và giờ trả phòng trước 12:00.', 'Tôi có thể làm gì ở Nhà của Nâu - Homestay Đà Lạt?': 'Nhà của Nâu - Homestay Đà Lạt có những hoạt động/dịch vụ sau (có thể áp dụng phí):', 'Nhà của Nâu - Homestay Đà Lạt có những loại phòng nào?': 'Lựa chọn phòng tại Nhà của Nâu - Homestay Đà Lạt bao gồm: Phòng giường đôi, Căn hộPhòng gia đình', 'Chi phí nghỉ tại Nhà của Nâu - Homestay Đà Lạt là bao nhiêu?': 'Giá tại Nhà của Nâu - Homestay Đà Lạt có thể khác nhau tùy vào kỳ nghỉ của bạn (ví dụ: ngày bạn chọn, chính sách khách sạn,v.v.). Vui lòng xem giá bằng cách nhập ngày của bạn.'}"
https://www.booking.com/hotel/vn/phong-lu-dalat.vi.html,"{'Phong Lữ Dalat cách trung tâm Ấp Ða Lợi bao xa?': 'Phong Lữ Dalat cách trung tâm Ấp Ða Lợi 1,6 km.\nTất cả khoảng cách được đo theo đường thẳng. Khoảng cách di chuyển thực sự có thể khác.', 'Chi phí nghỉ tại Phong Lữ Dalat là bao nhiêu?': 'Giá tại Phong Lữ Dalat có thể khác nhau tùy vào kỳ nghỉ của bạn (ví dụ: ngày bạn chọn, chính sách khách sạn,v.v.). Vui lòng xem giá bằng cách nhập ngày của bạn.', 'Phong Lữ Dalat có giờ nhận và trả phòng như thế nào?': 'Phong Lữ Dalat có giờ nhận phòng từ 12:00 và giờ trả phòng trước 12:00.', 'Tôi có thể làm gì ở Phong Lữ Dalat?': 'Phong Lữ Dalat có những hoạt động/dịch vụ sau (có thể áp dụng phí):'}"
https://www.booking.com/hotel/vn/la-mer-home-thanh-pho-da-lat1.vi.html,"{'La Mer Home cách trung tâm Đà Lạt bao xa?': 'La Mer Home cách trung tâm Đà Lạt 850 m.\nTất cả khoảng cách được đo theo đường thẳng. Khoảng cách di chuyển thực sự có thể khác.', 'La Mer Home có những loại phòng nào?': 'Lựa chọn phòng tại La Mer Home bao gồm: Căn hộPhòng giường đôi, Studio, Phòng gia đình', 'La Mer Home có giờ nhận và trả phòng như thế nào?': 'La Mer Home có giờ nhận phòng từ 14:00 và giờ trả phòng trước 11:30.', 'Chi phí nghỉ tại La Mer Home là bao nhiêu?': 'Giá tại La Mer Home có thể khác nhau tùy vào kỳ nghỉ của bạn (ví dụ: ngày bạn chọn, chính sách khách sạn,v.v.). Vui lòng xem giá bằng cách nhập ngày của bạn.', 'Tôi có thể làm gì ở La Mer Home?': 'La Mer Home có những hoạt động/dịch vụ sau (có thể áp dụng phí):'}"
https://www.booking.com/hotel/vn/carnival-villa.vi.html,"{'Chi phí nghỉ tại Carnival Villa là bao nhiêu?': 'Giá tại Carnival Villa có thể khác nhau tùy vào kỳ nghỉ của bạn (ví dụ: ngày bạn chọn, chính sách khách sạn,v.v.). Vui lòng xem giá bằng cách nhập ngày của bạn.', 'Tôi có thể làm gì ở Carnival Villa?': 'Carnival Villa có những hoạt động/dịch vụ sau (có thể áp dụng phí): Bữa tối theo chủ đề, Cho thuê xe đạp', 'Carnival Villa có nhà hàng trong khuôn viên không?': 'Carnival Villa có 1 nhà hàng: Nhà hàng', 'Carnival Villa có giờ nhận và trả phòng như thế nào?': 'Carnival Villa có giờ nhận phòng từ 07:00 và giờ trả phòng trước 12:00.', 'Carnival Villa có những loại phòng nào?': 'Lựa chọn phòng tại Carnival Villa bao gồm: Studio, Phòng giường đôi, Phòng 3 người, Phòng 4 người', 'Carnival Villa cách trung tâm Đà Lạt bao xa?': 'Carnival Villa cách trung tâm Đà Lạt 700 m.\nTất cả khoảng cách được đo theo đường thẳng. Khoảng cách di chuyển thực sự có thể khác.'}"
https://www.booking.com/hotel/vn/ngoc-bich-thanh-pho-da-lat2.vi.html,"{'Tôi có thể làm gì ở Ngọc Bích Hotel?': 'Ngọc Bích Hotel có những hoạt động/dịch vụ sau (có thể áp dụng phí):', 'Ngọc Bích Hotel có những loại phòng nào?': 'Lựa chọn phòng tại Ngọc Bích Hotel bao gồm: Phòng giường đôi, Phòng 2 giường đơn ', 'Ngọc Bích Hotel có giờ nhận và trả phòng như thế nào?': 'Ngọc Bích Hotel có giờ nhận phòng từ 12:00 và giờ trả phòng trước 12:00.', 'Ngọc Bích Hotel cách trung tâm Ấp Xuân An bao xa?': 'Ngọc Bích Hotel cách trung tâm Ấp Xuân An 1,1 km.\nTất cả khoảng cách được đo theo đường thẳng. Khoảng cách di chuyển thực sự có thể khác.', 'Chi phí nghỉ tại Ngọc Bích Hotel là bao nhiêu?': 'Giá tại Ngọc Bích Hotel có thể khác nhau tùy vào kỳ nghỉ của bạn (ví dụ: ngày bạn chọn, chính sách khách sạn,v.v.). Vui lòng xem giá bằng cách nhập ngày của bạn.'}"
https://www.booking.com/hotel/vn/dragon-dalat-villa.vi.html,"{'Bao nhiêu khách có thể lưu trú tại Dragon Dalat Villa?': 'Bạn có thể chọn từ nhiều lựa chọn chỗ nghỉ tại Dragon Dalat Villa (tùy vào tình trạng có sẵn). Những chỗ này có thể tiếp đón: 2 khách32 khách\n\nĐể biết thêm thông tin, vui lòng kiểm tra chi tiết (các) lựa chọn chỗ nghỉ ở trang này.', 'Dragon Dalat Villa có sân hiên không?': 'Có, nhiều lựa chọn tại chỗ nghỉ này có sân hiên. Bạn có thể tìm hiểu thêm về điều này và các tiện nghi khác tại Dragon Dalat Villa trên trang này.', 'Dragon Dalat Villa cách trung tâm Đà Lạt bao xa?': 'Dragon Dalat Villa cách trung tâm Đà Lạt 2,2 km.\nTất cả khoảng cách được đo theo đường thẳng. Khoảng cách di chuyển thực sự có thể khác.', 'Dragon Dalat Villa có phổ biến với các gia đình không?': 'Có, Dragon Dalat Villa khá phổ biến đối với khách đặt kỳ nghỉ gia đình.', 'Dragon Dalat Villa có bao nhiêu phòng ngủ?': 'Bạn có thể chọn từ nhiều lựa chọn chỗ nghỉ tại Dragon Dalat Villa (tùy vào tình trạng có sẵn). Những chỗ này có: 1 phòng ngủ11 phòng ngủ\n\nĐể biết thêm thông tin, vui lòng kiểm tra chi tiết (các) lựa chọn chỗ nghỉ ở trang này.', 'Dragon Dalat Villa có giờ nhận và trả phòng như thế nào?': 'Dragon Dalat Villa có giờ nhận phòng từ 14:00 và giờ trả phòng trước 00:00.', 'Chi phí nghỉ tại Dragon Dalat Villa là bao nhiêu?': 'Giá tại Dragon Dalat Villa có thể khác nhau tùy vào kỳ nghỉ của bạn (ví dụ: ngày bạn chọn, chính sách khách sạn,v.v.). Vui lòng xem giá bằng cách nhập ngày của bạn.', 'Dragon Dalat Villa có ban công không?': 'Có, nhiều lựa chọn tại chỗ nghỉ này có ban công. Bạn có thể tìm hiểu thêm về điều này và các tiện nghi khác tại Dragon Dalat Villa trên trang này.', 'Tôi có thể làm gì ở Dragon Dalat Villa?': 'Dragon Dalat Villa có những hoạt động/dịch vụ sau (có thể áp dụng phí): Xe đạp, Đi bộ đường dài, Karaoke, Sân gôn (trong vòng 3km)Tour đi xe đạp, Cho thuê xe đạp, Tour đi bộ, Tour/lớp về văn hóa địa phương'}"
https://www.booking.com/hotel/vn/hoang-gia-trang-the-rustic-garden.vi.html,"{'Hoàng Gia Trang có bể sục cho khách không?': 'Chỗ nghỉ có bể sục. Bạn có thể tìm hiểu thêm về điều này và các tiện nghi khác tại Hoàng Gia Trang trên trang này.', 'Hoàng Gia Trang có phổ biến với các gia đình không?': 'Có, Hoàng Gia Trang khá phổ biến đối với khách đặt kỳ nghỉ gia đình.', 'Hoàng Gia Trang có những loại phòng nào?': 'Lựa chọn phòng tại Hoàng Gia Trang bao gồm: Phòng giường đôi, Phòng gia đình, Bungalow, Lều trại', 'Chi phí nghỉ tại Hoàng Gia Trang là bao nhiêu?': 'Giá tại Hoàng Gia Trang có thể khác nhau tùy vào kỳ nghỉ của bạn (ví dụ: ngày bạn chọn, chính sách khách sạn,v.v.). Vui lòng xem giá bằng cách nhập ngày của bạn.', 'Hoàng Gia Trang có nhà hàng trong khuôn viên không?': 'Hoàng Gia Trang có 1 nhà hàng: Nhà hàng chay', 'Hoàng Gia Trang có giờ nhận và trả phòng như thế nào?': 'Hoàng Gia Trang có giờ nhận phòng từ 14:00 và giờ trả phòng trước 13:00.', 'Tôi có thể làm gì ở Hoàng Gia Trang?': 'Hoàng Gia Trang có những hoạt động/dịch vụ sau (có thể áp dụng phí): Trung tâm Spa & chăm sóc sức khoẻBồn tắm nóng/bể sục (Jacuzzi)Phòng xông hơi, Xe đạp, Sân chơi trẻ em, Karaoke, Sân gôn (trong vòng 3km)Giải trí buổi tối, Lớp dạy nấu ăn, Bữa tối theo chủ đề, Cho thuê xe đạp, Tour/lớp về văn hóa địa phương, Biểu diễn/nhạc sống, Sự kiện thể thao (truyền hình trực tiếp)', 'Hoàng Gia Trang cách trung tâm Đà Lạt bao xa?': 'Hoàng Gia Trang cách trung tâm Đà Lạt 4,2 km.\nTất cả khoảng cách được đo theo đường thẳng. Khoảng cách di chuyển thực sự có thể khác.'}"
https://www.booking.com/hotel/vn/moc-nhien-da-lat.vi.html,"{'Tôi có thể làm gì ở Moc Nhien Hostel Da Lat?': 'Moc Nhien Hostel Da Lat có những hoạt động/dịch vụ sau (có thể áp dụng phí): Bida, Tour đi bộ, Tour đi xe đạp, Cho thuê xe đạp', 'Moc Nhien Hostel Da Lat có giờ nhận và trả phòng như thế nào?': 'Moc Nhien Hostel Da Lat có giờ nhận phòng từ 14:00 và giờ trả phòng trước 11:30.', 'Moc Nhien Hostel Da Lat có những loại phòng nào?': 'Lựa chọn phòng tại Moc Nhien Hostel Da Lat bao gồm: Phòng giường đôi, Phòng gia đình, Phòng 3 người', 'Chi phí nghỉ tại Moc Nhien Hostel Da Lat là bao nhiêu?': 'Giá tại Moc Nhien Hostel Da Lat có thể khác nhau tùy vào kỳ nghỉ của bạn (ví dụ: ngày bạn chọn, chính sách khách sạn,v.v.). Vui lòng xem giá bằng cách nhập ngày của bạn.', 'Moc Nhien Hostel Da Lat cách trung tâm Đà Lạt bao xa?': 'Moc Nhien Hostel Da Lat cách trung tâm Đà Lạt 1 km.\nTất cả khoảng cách được đo theo đường thẳng. Khoảng cách di chuyển thực sự có thể khác.'}"
https://www.booking.com/hotel/vn/dallas-dalat.vi.html,"{'Tôi có thể làm gì ở Dallas Hotel Dalat?': 'Dallas Hotel Dalat có những hoạt động/dịch vụ sau (có thể áp dụng phí):', 'Dallas Hotel Dalat có phổ biến với các gia đình không?': 'Có, Dallas Hotel Dalat khá phổ biến đối với khách đặt kỳ nghỉ gia đình.', 'Dallas Hotel Dalat cách trung tâm Đà Lạt bao xa?': 'Dallas Hotel Dalat cách trung tâm Đà Lạt 4,3 km.\nTất cả khoảng cách được đo theo đường thẳng. Khoảng cách di chuyển thực sự có thể khác.', 'Dallas Hotel Dalat có những loại phòng nào?': 'Lựa chọn phòng tại Dallas Hotel Dalat bao gồm: Phòng giường đôi, Suite, Phòng gia đình, Phòng 2 giường đơn ', 'Dallas Hotel Dalat có giờ nhận và trả phòng như thế nào?': 'Dallas Hotel Dalat có giờ nhận phòng từ 12:00 và giờ trả phòng trước 12:30.', 'Chi phí nghỉ tại Dallas Hotel Dalat là bao nhiêu?': 'Giá tại Dallas Hotel Dalat có thể khác nhau tùy vào kỳ nghỉ của bạn (ví dụ: ngày bạn chọn, chính sách khách sạn,v.v.). Vui lòng xem giá bằng cách nhập ngày của bạn.'}"
https://www.booking.com/hotel/vn/la-nha-homestay-thanh-pho-da-lat1.vi.html,"{'La nha Homestay cách trung tâm Đà Lạt bao xa?': 'La nha Homestay cách trung tâm Đà Lạt 1,6 km.\nTất cả khoảng cách được đo theo đường thẳng. Khoảng cách di chuyển thực sự có thể khác.', 'Chi phí nghỉ tại La nha Homestay là bao nhiêu?': 'Giá tại La nha Homestay có thể khác nhau tùy vào kỳ nghỉ của bạn (ví dụ: ngày bạn chọn, chính sách khách sạn,v.v.). Vui lòng xem giá bằng cách nhập ngày của bạn.', 'Tôi có thể làm gì ở La nha Homestay?': 'La nha Homestay có những hoạt động/dịch vụ sau (có thể áp dụng phí):', 'La nha Homestay có nhà hàng trong khuôn viên không?': 'La nha Homestay có 1 nhà hàng: Nhà hàng #1', 'La nha Homestay có giờ nhận và trả phòng như thế nào?': 'La nha Homestay có giờ nhận phòng từ 14:00 và giờ trả phòng trước 12:00.', 'La nha Homestay có những loại phòng nào?': 'Lựa chọn phòng tại La nha Homestay bao gồm: Phòng 4 người, Phòng giường đôi, Phòng gia đình'}"
https://www.booking.com/hotel/vn/yen-lam-house.vi.html,"{'Chi phí nghỉ tại Yên Lam House là bao nhiêu?': 'Giá tại Yên Lam House có thể khác nhau tùy vào kỳ nghỉ của bạn (ví dụ: ngày bạn chọn, chính sách khách sạn,v.v.). Vui lòng xem giá bằng cách nhập ngày của bạn.', 'Yên Lam House cách trung tâm Trai Mat bao xa?': 'Yên Lam House cách trung tâm Trai Mat 1,9 km.\nTất cả khoảng cách được đo theo đường thẳng. Khoảng cách di chuyển thực sự có thể khác.', 'Tôi có thể làm gì ở Yên Lam House?': 'Yên Lam House có những hoạt động/dịch vụ sau (có thể áp dụng phí): Giải trí buổi tối', 'Yên Lam House có những loại phòng nào?': 'Lựa chọn phòng tại Yên Lam House bao gồm: Phòng giường đôi, Phòng 4 người, Phòng gia đình', 'Yên Lam House có giờ nhận và trả phòng như thế nào?': 'Yên Lam House có giờ nhận phòng từ 14:00 và giờ trả phòng trước 12:00.'}"
https://www.booking.com/hotel/vn/nha-cua-bong-thanh-pho-da-lat.vi.html,"{'Chi phí nghỉ tại Nhà của Bông là bao nhiêu?': 'Giá tại Nhà của Bông có thể khác nhau tùy vào kỳ nghỉ của bạn (ví dụ: ngày bạn chọn, chính sách khách sạn,v.v.). Vui lòng xem giá bằng cách nhập ngày của bạn.', 'Nhà của Bông cách trung tâm Đà Lạt bao xa?': 'Nhà của Bông cách trung tâm Đà Lạt 700 m.\nTất cả khoảng cách được đo theo đường thẳng. Khoảng cách di chuyển thực sự có thể khác.', 'Tôi có thể làm gì ở Nhà của Bông?': 'Nhà của Bông có những hoạt động/dịch vụ sau (có thể áp dụng phí):', 'Nhà của Bông có những loại phòng nào?': 'Lựa chọn phòng tại Nhà của Bông bao gồm: Phòng giường đôi', 'Nhà của Bông có giờ nhận và trả phòng như thế nào?': 'Nhà của Bông có giờ nhận phòng từ 14:00 và giờ trả phòng trước 12:00.'}"
https://www.booking.com/hotel/vn/quinny.vi.html,"{'Vy Anh Đà Lạt Hotel có phổ biến với các gia đình không?': 'Có, Vy Anh Đà Lạt Hotel khá phổ biến đối với khách đặt kỳ nghỉ gia đình.', 'Vy Anh Đà Lạt Hotel cách trung tâm Đà Lạt bao xa?': 'Vy Anh Đà Lạt Hotel cách trung tâm Đà Lạt 600 m.\nTất cả khoảng cách được đo theo đường thẳng. Khoảng cách di chuyển thực sự có thể khác.', 'Chi phí nghỉ tại Vy Anh Đà Lạt Hotel là bao nhiêu?': 'Giá tại Vy Anh Đà Lạt Hotel có thể khác nhau tùy vào kỳ nghỉ của bạn (ví dụ: ngày bạn chọn, chính sách khách sạn,v.v.). Vui lòng xem giá bằng cách nhập ngày của bạn.', 'Vy Anh Đà Lạt Hotel có những loại phòng nào?': 'Lựa chọn phòng tại Vy Anh Đà Lạt Hotel bao gồm: Phòng gia đình, Phòng giường đôi', 'Vy Anh Đà Lạt Hotel có giờ nhận và trả phòng như thế nào?': 'Vy Anh Đà Lạt Hotel có giờ nhận phòng từ 14:00 và giờ trả phòng trước 12:00.', 'Tôi có thể làm gì ở Vy Anh Đà Lạt Hotel?': 'Vy Anh Đà Lạt Hotel có những hoạt động/dịch vụ sau (có thể áp dụng phí):'}"
https://www.booking.com/hotel/vn/dii-home-amp-more.vi.html,"{'Dii Home & More có phổ biến với các gia đình không?': 'Có, Dii Home & More khá phổ biến đối với khách đặt kỳ nghỉ gia đình.', 'Dii Home & More cách trung tâm Đà Lạt bao xa?': 'Dii Home & More cách trung tâm Đà Lạt 1,4 km.\nTất cả khoảng cách được đo theo đường thẳng. Khoảng cách di chuyển thực sự có thể khác.', 'Dii Home & More có giờ nhận và trả phòng như thế nào?': 'Dii Home & More có giờ nhận phòng từ 14:00 và giờ trả phòng trước 12:00.', 'Chi phí nghỉ tại Dii Home & More là bao nhiêu?': 'Giá tại Dii Home & More có thể khác nhau tùy vào kỳ nghỉ của bạn (ví dụ: ngày bạn chọn, chính sách khách sạn,v.v.). Vui lòng xem giá bằng cách nhập ngày của bạn.', 'Tôi có thể làm gì ở Dii Home & More?': 'Dii Home & More có những hoạt động/dịch vụ sau (có thể áp dụng phí): Karaoke, Giải trí buổi tối, Nhảy/khám phá bar, Bữa tối theo chủ đề'}"
https://www.booking.com/hotel/vn/5mins-hostel.vi.html,"{'Chi phí nghỉ tại 5mins Hostel Dalat là bao nhiêu?': 'Giá tại 5mins Hostel Dalat có thể khác nhau tùy vào kỳ nghỉ của bạn (ví dụ: ngày bạn chọn, chính sách khách sạn,v.v.). Vui lòng xem giá bằng cách nhập ngày của bạn.', '5mins Hostel Dalat cách trung tâm Ấp Ða Thành bao xa?': '5mins Hostel Dalat cách trung tâm Ấp Ða Thành 1,4 km.\nTất cả khoảng cách được đo theo đường thẳng. Khoảng cách di chuyển thực sự có thể khác.', '5mins Hostel Dalat có những loại phòng nào?': 'Lựa chọn phòng tại 5mins Hostel Dalat bao gồm: Phòng giường đôi, Phòng 4 người', 'Tôi có thể làm gì ở 5mins Hostel Dalat?': '5mins Hostel Dalat có những hoạt động/dịch vụ sau (có thể áp dụng phí):', '5mins Hostel Dalat có giờ nhận và trả phòng như thế nào?': '5mins Hostel Dalat có giờ nhận phòng từ 14:00 và giờ trả phòng trước 12:00.'}"
https://www.booking.com/hotel/vn/lam-anh-glory.vi.html,"{'Lâm Anh Glory Hotel có giờ nhận và trả phòng như thế nào?': 'Lâm Anh Glory Hotel có giờ nhận phòng từ 14:00 và giờ trả phòng trước 12:00.', 'Tôi có thể làm gì ở Lâm Anh Glory Hotel?': 'Lâm Anh Glory Hotel có những hoạt động/dịch vụ sau (có thể áp dụng phí):', 'Chi phí nghỉ tại Lâm Anh Glory Hotel là bao nhiêu?': 'Giá tại Lâm Anh Glory Hotel có thể khác nhau tùy vào kỳ nghỉ của bạn (ví dụ: ngày bạn chọn, chính sách khách sạn,v.v.). Vui lòng xem giá bằng cách nhập ngày của bạn.', 'Lâm Anh Glory Hotel có phổ biến với các gia đình không?': 'Có, Lâm Anh Glory Hotel khá phổ biến đối với khách đặt kỳ nghỉ gia đình.', 'Lâm Anh Glory Hotel cách trung tâm Đà Lạt bao xa?': 'Lâm Anh Glory Hotel cách trung tâm Đà Lạt 350 m.\nTất cả khoảng cách được đo theo đường thẳng. Khoảng cách di chuyển thực sự có thể khác.', 'Lâm Anh Glory Hotel có những loại phòng nào?': 'Lựa chọn phòng tại Lâm Anh Glory Hotel bao gồm: Phòng giường đôi, Phòng 4 người'}"
https://www.booking.com/hotel/vn/na-ni.vi.html,"{'NA NI có giờ nhận và trả phòng như thế nào?': 'N, A N, I có giờ nhận phòng từ 11:00 và giờ trả phòng trước 12:00.', 'NA NI có phổ biến với các gia đình không?': 'Có, N, A N, I khá phổ biến đối với khách đặt kỳ nghỉ gia đình.', 'NA NI có những loại phòng nào?': 'Lựa chọn phòng tại N, A N, I bao gồm: Phòng giường đôi, Phòng 4 người, Phòng giường đôi/2 giường đơn', 'Chi phí nghỉ tại NA NI là bao nhiêu?': 'Giá tại N, A N, I có thể khác nhau tùy vào kỳ nghỉ của bạn (ví dụ: ngày bạn chọn, chính sách khách sạn,v.v.). Vui lòng xem giá bằng cách nhập ngày của bạn.', 'Tôi có thể làm gì ở NA NI?': 'N, A N, I có những hoạt động/dịch vụ sau (có thể áp dụng phí): Đi bộ đường dài, Sân gôn mini, Tiện nghi chơi thể thao dưới nước (trong khuôn viên)Tour/lớp về văn hóa địa phương, Giờ vàng, Cho thuê xe đạp', 'NA NI cách trung tâm Đà Lạt bao xa?': 'N, A N, I cách trung tâm Đà Lạt 200 m.\nTất cả khoảng cách được đo theo đường thẳng. Khoảng cách di chuyển thực sự có thể khác.'}"
https://www.booking.com/hotel/vn/hoang-son-dalat.vi.html,"{'Tôi có thể làm gì ở The Grace Hotel?': 'The Grace Hotel có những hoạt động/dịch vụ sau (có thể áp dụng phí):', 'Chi phí nghỉ tại The Grace Hotel là bao nhiêu?': 'Giá tại The Grace Hotel có thể khác nhau tùy vào kỳ nghỉ của bạn (ví dụ: ngày bạn chọn, chính sách khách sạn,v.v.). Vui lòng xem giá bằng cách nhập ngày của bạn.', 'The Grace Hotel có những loại phòng nào?': 'Lựa chọn phòng tại The Grace Hotel bao gồm: Phòng giường đôi, Suite, Phòng gia đình', 'The Grace Hotel cách trung tâm Đà Lạt bao xa?': 'The Grace Hotel cách trung tâm Đà Lạt 350 m.\nTất cả khoảng cách được đo theo đường thẳng. Khoảng cách di chuyển thực sự có thể khác.', 'The Grace Hotel có giờ nhận và trả phòng như thế nào?': 'The Grace Hotel có giờ nhận phòng từ 14:00 và giờ trả phòng trước 12:00.'}"
https://www.booking.com/hotel/vn/daki-vy-vy-2.vi.html,"{'Chi phí nghỉ tại Thanh Thanh 5 Dalat Hotel - KS Gần Chợ Đêm Giá Rẻ là bao nhiêu?': 'Giá tại Thanh Thanh 5 Dalat Hotel - K, S Gần Chợ Đêm Giá Rẻ có thể khác nhau tùy vào kỳ nghỉ của bạn (ví dụ: ngày bạn chọn, chính sách khách sạn,v.v.). Vui lòng xem giá bằng cách nhập ngày của bạn.', 'Thanh Thanh 5 Dalat Hotel - KS Gần Chợ Đêm Giá Rẻ có phổ biến với các gia đình không?': 'Có, Thanh Thanh 5 Dalat Hotel - K, S Gần Chợ Đêm Giá Rẻ khá phổ biến đối với khách đặt kỳ nghỉ gia đình.', 'Thanh Thanh 5 Dalat Hotel - KS Gần Chợ Đêm Giá Rẻ có những loại phòng nào?': 'Lựa chọn phòng tại Thanh Thanh 5 Dalat Hotel - K, S Gần Chợ Đêm Giá Rẻ bao gồm: Phòng giường đôi, Phòng 4 người, Phòng gia đình', 'Thanh Thanh 5 Dalat Hotel - KS Gần Chợ Đêm Giá Rẻ cách trung tâm Đà Lạt bao xa?': 'Thanh Thanh 5 Dalat Hotel - K, S Gần Chợ Đêm Giá Rẻ cách trung tâm Đà Lạt 500 m.\nTất cả khoảng cách được đo theo đường thẳng. Khoảng cách di chuyển thực sự có thể khác.', 'Tôi có thể làm gì ở Thanh Thanh 5 Dalat Hotel - KS Gần Chợ Đêm Giá Rẻ?': 'Thanh Thanh 5 Dalat Hotel - K, S Gần Chợ Đêm Giá Rẻ có những hoạt động/dịch vụ sau (có thể áp dụng phí):', 'Thanh Thanh 5 Dalat Hotel - KS Gần Chợ Đêm Giá Rẻ có giờ nhận và trả phòng như thế nào?': 'Thanh Thanh 5 Dalat Hotel - K, S Gần Chợ Đêm Giá Rẻ có giờ nhận phòng từ 14:00 và giờ trả phòng trước 12:00.'}"
https://www.booking.com/hotel/vn/sweet-home-villa-da-lat.vi.html,"{'Tôi có thể làm gì ở Sweet Home Villa Đà Lạt - Free BBQ Garden?': 'Sweet Home Villa Đà Lạt - Free B, B, Q Garden có những hoạt động/dịch vụ sau (có thể áp dụng phí): Giải trí buổi tối, Giờ vàng, Bữa tối theo chủ đề, Cho thuê xe đạp', 'Sweet Home Villa Đà Lạt - Free BBQ Garden có ban công không?': 'Có, nhiều lựa chọn tại chỗ nghỉ này có ban công. Bạn có thể tìm hiểu thêm về điều này và các tiện nghi khác tại Sweet Home Villa Đà Lạt - Free B, B, Q Garden trên trang này.', 'Sweet Home Villa Đà Lạt - Free BBQ Garden có phổ biến với các gia đình không?': 'Có, Sweet Home Villa Đà Lạt - Free B, B, Q Garden khá phổ biến đối với khách đặt kỳ nghỉ gia đình.', 'Sweet Home Villa Đà Lạt - Free BBQ Garden cách trung tâm Đà Lạt bao xa?': 'Sweet Home Villa Đà Lạt - Free B, B, Q Garden cách trung tâm Đà Lạt 1,4 km.\nTất cả khoảng cách được đo theo đường thẳng. Khoảng cách di chuyển thực sự có thể khác.', 'Sweet Home Villa Đà Lạt - Free BBQ Garden có giờ nhận và trả phòng như thế nào?': 'Sweet Home Villa Đà Lạt - Free B, B, Q Garden có giờ nhận phòng từ 14:00 và giờ trả phòng trước 00:00.', 'Chi phí nghỉ tại Sweet Home Villa Đà Lạt - Free BBQ Garden là bao nhiêu?': 'Giá tại Sweet Home Villa Đà Lạt - Free B, B, Q Garden có thể khác nhau tùy vào kỳ nghỉ của bạn (ví dụ: ngày bạn chọn, chính sách khách sạn,v.v.). Vui lòng xem giá bằng cách nhập ngày của bạn.', 'Bao nhiêu khách có thể lưu trú tại Sweet Home Villa Đà Lạt - Free BBQ Garden?': 'Bạn có thể chọn từ nhiều lựa chọn chỗ nghỉ tại Sweet Home Villa Đà Lạt - Free B, B, Q Garden (tùy vào tình trạng có sẵn). Những chỗ này có thể tiếp đón: 2 khách4 khách6 khách\n\nĐể biết thêm thông tin, vui lòng kiểm tra chi tiết (các) lựa chọn chỗ nghỉ ở trang này.', 'Sweet Home Villa Đà Lạt - Free BBQ Garden có sân hiên không?': 'Có, nhiều lựa chọn tại chỗ nghỉ này có sân hiên. Bạn có thể tìm hiểu thêm về điều này và các tiện nghi khác tại Sweet Home Villa Đà Lạt - Free B, B, Q Garden trên trang này.', 'Sweet Home Villa Đà Lạt - Free BBQ Garden có bao nhiêu phòng ngủ?': 'Bạn có thể chọn từ nhiều lựa chọn chỗ nghỉ tại Sweet Home Villa Đà Lạt - Free B, B, Q Garden (tùy vào tình trạng có sẵn). Những chỗ này có: 1 phòng ngủ2 phòng ngủ3 phòng ngủ\n\nĐể biết thêm thông tin, vui lòng kiểm tra chi tiết (các) lựa chọn chỗ nghỉ ở trang này.'}"
https://www.booking.com/hotel/vn/redhouse.vi.html,"{'Redhouse Dalat Hotel có giờ nhận và trả phòng như thế nào?': 'Redhouse Dalat Hotel có giờ nhận phòng từ 14:00 và giờ trả phòng trước 11:00.', 'Redhouse Dalat Hotel cách trung tâm Đà Lạt bao xa?': 'Redhouse Dalat Hotel cách trung tâm Đà Lạt 1,2 km.\nTất cả khoảng cách được đo theo đường thẳng. Khoảng cách di chuyển thực sự có thể khác.', 'Chi phí nghỉ tại Redhouse Dalat Hotel là bao nhiêu?': 'Giá tại Redhouse Dalat Hotel có thể khác nhau tùy vào kỳ nghỉ của bạn (ví dụ: ngày bạn chọn, chính sách khách sạn,v.v.). Vui lòng xem giá bằng cách nhập ngày của bạn.', 'Tôi có thể làm gì ở Redhouse Dalat Hotel?': 'Redhouse Dalat Hotel có những hoạt động/dịch vụ sau (có thể áp dụng phí): Phòng chơi game, Karaoke, Giải trí buổi tối, Bữa tối theo chủ đề, Lớp dạy nấu ăn, Tour đi bộ, Tour/lớp về văn hóa địa phương, Đêm phim, Tour đi xe đạp'}"
https://www.booking.com/hotel/vn/hung-phong-dalat.vi.html,"{'Hùng Phong Hotel - Near Dalat Night Market có giờ nhận và trả phòng như thế nào?': 'Hùng Phong Hotel - Near Dalat Night Market có giờ nhận phòng từ 14:00 và giờ trả phòng trước 12:00.', 'Hùng Phong Hotel - Near Dalat Night Market có nhà hàng trong khuôn viên không?': 'Hùng Phong Hotel - Near Dalat Night Market có 1 nhà hàng: Nhà hàng #1', 'Hùng Phong Hotel - Near Dalat Night Market có phổ biến với các gia đình không?': 'Có, Hùng Phong Hotel - Near Dalat Night Market khá phổ biến đối với khách đặt kỳ nghỉ gia đình.', 'Hùng Phong Hotel - Near Dalat Night Market cách trung tâm Đà Lạt bao xa?': 'Hùng Phong Hotel - Near Dalat Night Market cách trung tâm Đà Lạt 1 km.\nTất cả khoảng cách được đo theo đường thẳng. Khoảng cách di chuyển thực sự có thể khác.', 'Hùng Phong Hotel - Near Dalat Night Market có những loại phòng nào?': 'Lựa chọn phòng tại Hùng Phong Hotel - Near Dalat Night Market bao gồm: Phòng giường đôi, Phòng gia đình, Phòng 4 người, Phòng 3 người, Phòng 2 giường đơn ', 'Tôi có thể làm gì ở Hùng Phong Hotel - Near Dalat Night Market?': 'Hùng Phong Hotel - Near Dalat Night Market có những hoạt động/dịch vụ sau (có thể áp dụng phí):', 'Chi phí nghỉ tại Hùng Phong Hotel - Near Dalat Night Market là bao nhiêu?': 'Giá tại Hùng Phong Hotel - Near Dalat Night Market có thể khác nhau tùy vào kỳ nghỉ của bạn (ví dụ: ngày bạn chọn, chính sách khách sạn,v.v.). Vui lòng xem giá bằng cách nhập ngày của bạn.'}"
https://www.booking.com/hotel/vn/ngan-hoa-mille-fleurs.vi.html,"{'Tôi có thể làm gì ở Ngan Hoa - Mille Fleurs?': 'Ngan Hoa - Mille Fleurs có những hoạt động/dịch vụ sau (có thể áp dụng phí): Sân gôn (trong vòng 3km)', 'Chi phí nghỉ tại Ngan Hoa - Mille Fleurs là bao nhiêu?': 'Giá tại Ngan Hoa - Mille Fleurs có thể khác nhau tùy vào kỳ nghỉ của bạn (ví dụ: ngày bạn chọn, chính sách khách sạn,v.v.). Vui lòng xem giá bằng cách nhập ngày của bạn.', 'Ngan Hoa - Mille Fleurs cách trung tâm Đà Lạt bao xa?': 'Ngan Hoa - Mille Fleurs cách trung tâm Đà Lạt 750 m.\nTất cả khoảng cách được đo theo đường thẳng. Khoảng cách di chuyển thực sự có thể khác.', 'Ngan Hoa - Mille Fleurs có những loại phòng nào?': 'Lựa chọn phòng tại Ngan Hoa - Mille Fleurs bao gồm: Phòng giường đôi, Phòng 4 người', 'Ngan Hoa - Mille Fleurs có giờ nhận và trả phòng như thế nào?': 'Ngan Hoa - Mille Fleurs có giờ nhận phòng từ 14:00 và giờ trả phòng trước 12:00.'}"
https://www.booking.com/hotel/vn/omirita-resort-dalat.vi.html,"{'Omirita Resort Dalat có nhà hàng trong khuôn viên không?': 'Omirita Resort Dalat có 1 nhà hàng: Restaurant #1', 'Omirita Resort Dalat có những loại phòng nào?': 'Lựa chọn phòng tại Omirita Resort Dalat bao gồm: Phòng 2 giường đơn Phòng giường đôi, Phòng 3 người, Phòng gia đình, Suite', 'Omirita Resort Dalat cách trung tâm Đà Lạt bao xa?': 'Omirita Resort Dalat cách trung tâm Đà Lạt 2,8 km.\nTất cả khoảng cách được đo theo đường thẳng. Khoảng cách di chuyển thực sự có thể khác.', 'Omirita Resort Dalat có phục vụ dạng bữa sáng nào?': 'Khách lưu trú tại Omirita Resort Dalat có thể tận hưởng bữa sáng được đánh giá cao trong kỳ nghỉ của họ (điểm đánh giá của khách: 10.0)\n\nLựa chọn bữa sáng bao gồm: Kiểu Á, Gọi món (à la carte)', 'Omirita Resort Dalat có giờ nhận và trả phòng như thế nào?': 'Omirita Resort Dalat có giờ nhận phòng từ 14:00 và giờ trả phòng trước 12:00.', 'Omirita Resort Dalat có phổ biến với các gia đình không?': 'Có, Omirita Resort Dalat khá phổ biến đối với khách đặt kỳ nghỉ gia đình.', 'Chi phí nghỉ tại Omirita Resort Dalat là bao nhiêu?': 'Giá tại Omirita Resort Dalat có thể khác nhau tùy vào kỳ nghỉ của bạn (ví dụ: ngày bạn chọn, chính sách khách sạn,v.v.). Vui lòng xem giá bằng cách nhập ngày của bạn.', 'Tôi có thể làm gì ở Omirita Resort Dalat?': 'Omirita Resort Dalat có những hoạt động/dịch vụ sau (có thể áp dụng phí):'}"
https://www.booking.com/hotel/vn/rot-homestay.vi.html,"{'Rot Homestay có giờ nhận và trả phòng như thế nào?': 'Rot Homestay có giờ nhận phòng từ 14:00 và giờ trả phòng trước 12:30.', 'Tôi có thể làm gì ở Rot Homestay?': 'Rot Homestay có những hoạt động/dịch vụ sau (có thể áp dụng phí): Xe đạp, Đi bộ đường dài, Câu cáCưỡi ngựa, Tour đi bộ, Tour đi xe đạp', 'Chi phí nghỉ tại Rot Homestay là bao nhiêu?': 'Giá tại Rot Homestay có thể khác nhau tùy vào kỳ nghỉ của bạn (ví dụ: ngày bạn chọn, chính sách khách sạn,v.v.). Vui lòng xem giá bằng cách nhập ngày của bạn.', 'Rot Homestay cách trung tâm Đà Lạt bao xa?': 'Rot Homestay cách trung tâm Đà Lạt 2 km.\nTất cả khoảng cách được đo theo đường thẳng. Khoảng cách di chuyển thực sự có thể khác.'}"
https://www.booking.com/hotel/vn/forelsket-dl-thanh-pho-da-lat.vi.html,"{'Tôi có thể làm gì ở Forelsket DL?': 'Forelsket D, L có những hoạt động/dịch vụ sau (có thể áp dụng phí):', 'Forelsket DL có những loại phòng nào?': 'Lựa chọn phòng tại Forelsket D, L bao gồm: Phòng giường đôi, Phòng 3 người, Phòng gia đình, Phòng 4 người', 'Forelsket DL cách trung tâm Ấp Xuân An bao xa?': 'Forelsket D, L cách trung tâm Ấp Xuân An 800 m.\nTất cả khoảng cách được đo theo đường thẳng. Khoảng cách di chuyển thực sự có thể khác.', 'Chi phí nghỉ tại Forelsket DL là bao nhiêu?': 'Giá tại Forelsket D, L có thể khác nhau tùy vào kỳ nghỉ của bạn (ví dụ: ngày bạn chọn, chính sách khách sạn,v.v.). Vui lòng xem giá bằng cách nhập ngày của bạn.', 'Forelsket DL có giờ nhận và trả phòng như thế nào?': 'Forelsket D, L có giờ nhận phòng từ 09:00 và giờ trả phòng trước 14:00.'}"
https://www.booking.com/hotel/vn/pity-39-house.vi.html,"{'PITY House có những loại phòng nào?': 'Lựa chọn phòng tại P, I, T, Y House bao gồm: Phòng giường đôi, Phòng 4 người', 'PITY House cách trung tâm Đà Lạt bao xa?': 'P, I, T, Y House cách trung tâm Đà Lạt 1,1 km.\nTất cả khoảng cách được đo theo đường thẳng. Khoảng cách di chuyển thực sự có thể khác.', 'PITY House có giờ nhận và trả phòng như thế nào?': 'P, I, T, Y House có giờ nhận phòng từ 13:00 và giờ trả phòng trước 12:00.', 'Chi phí nghỉ tại PITY House là bao nhiêu?': 'Giá tại P, I, T, Y House có thể khác nhau tùy vào kỳ nghỉ của bạn (ví dụ: ngày bạn chọn, chính sách khách sạn,v.v.). Vui lòng xem giá bằng cách nhập ngày của bạn.', 'Tôi có thể làm gì ở PITY House?': 'P, I, T, Y House có những hoạt động/dịch vụ sau (có thể áp dụng phí):'}"
https://www.booking.com/hotel/vn/boong-house-thanh-pho-bao-loc.vi.html,"{'Boong House có những loại phòng nào?': 'Lựa chọn phòng tại Boong House bao gồm: Phòng giường đôi, Phòng 4 người', 'Tôi có thể làm gì ở Boong House?': 'Boong House có những hoạt động/dịch vụ sau (có thể áp dụng phí):', 'Chi phí nghỉ tại Boong House là bao nhiêu?': 'Giá tại Boong House có thể khác nhau tùy vào kỳ nghỉ của bạn (ví dụ: ngày bạn chọn, chính sách khách sạn,v.v.). Vui lòng xem giá bằng cách nhập ngày của bạn.', 'Boong House cách trung tâm Bảo Lộc bao xa?': 'Boong House cách trung tâm Bảo Lộc 2,5 km.\nTất cả khoảng cách được đo theo đường thẳng. Khoảng cách di chuyển thực sự có thể khác.', 'Boong House có giờ nhận và trả phòng như thế nào?': 'Boong House có giờ nhận phòng từ 14:00 và giờ trả phòng trước 12:00.'}"
https://www.booking.com/hotel/vn/dalat-hilly-home.vi.html,"{'1909 Home Dalat - Open 24h có những loại phòng nào?': 'Lựa chọn phòng tại 1909 Home Dalat - Open 24h bao gồm: Nhà nghỉ dưỡng, Phòng giường đôi, Phòng 4 người, Studio', 'Chi phí nghỉ tại 1909 Home Dalat - Open 24h là bao nhiêu?': 'Giá tại 1909 Home Dalat - Open 24h có thể khác nhau tùy vào kỳ nghỉ của bạn (ví dụ: ngày bạn chọn, chính sách khách sạn,v.v.). Vui lòng xem giá bằng cách nhập ngày của bạn.', '1909 Home Dalat - Open 24h cách trung tâm Ấp Kim Thạch bao xa?': '1909 Home Dalat - Open 24h cách trung tâm Ấp Kim Thạch 1,2 km.\nTất cả khoảng cách được đo theo đường thẳng. Khoảng cách di chuyển thực sự có thể khác.', '1909 Home Dalat - Open 24h có giờ nhận và trả phòng như thế nào?': '1909 Home Dalat - Open 24h có giờ nhận phòng từ 14:00 và giờ trả phòng trước 12:00.', 'Tôi có thể làm gì ở 1909 Home Dalat - Open 24h?': '1909 Home Dalat - Open 24h có những hoạt động/dịch vụ sau (có thể áp dụng phí):'}"
https://www.booking.com/hotel/vn/homestay-108.vi.html,"{'Caly homestay cách trung tâm Đà Lạt bao xa?': 'Caly homestay cách trung tâm Đà Lạt 1,3 km.\nTất cả khoảng cách được đo theo đường thẳng. Khoảng cách di chuyển thực sự có thể khác.', 'Tôi có thể làm gì ở Caly homestay?': 'Caly homestay có những hoạt động/dịch vụ sau (có thể áp dụng phí): Đi bộ đường dài, Sân chơi trẻ em', 'Chi phí nghỉ tại Caly homestay là bao nhiêu?': 'Giá tại Caly homestay có thể khác nhau tùy vào kỳ nghỉ của bạn (ví dụ: ngày bạn chọn, chính sách khách sạn,v.v.). Vui lòng xem giá bằng cách nhập ngày của bạn.', 'Caly homestay có giờ nhận và trả phòng như thế nào?': 'Caly homestay có giờ nhận phòng từ 14:00 và giờ trả phòng trước 12:00.'}"
https://www.booking.com/hotel/vn/vanilla-dalat-thanh-pho-da-lat.vi.html,"{'Tôi có thể làm gì ở Vanilla Dalat Hotel?': 'Vanilla Dalat Hotel có những hoạt động/dịch vụ sau (có thể áp dụng phí):', 'Vanilla Dalat Hotel cách trung tâm Đà Lạt bao xa?': 'Vanilla Dalat Hotel cách trung tâm Đà Lạt 800 m.\nTất cả khoảng cách được đo theo đường thẳng. Khoảng cách di chuyển thực sự có thể khác.', 'Chi phí nghỉ tại Vanilla Dalat Hotel là bao nhiêu?': 'Giá tại Vanilla Dalat Hotel có thể khác nhau tùy vào kỳ nghỉ của bạn (ví dụ: ngày bạn chọn, chính sách khách sạn,v.v.). Vui lòng xem giá bằng cách nhập ngày của bạn.', 'Vanilla Dalat Hotel có những loại phòng nào?': 'Lựa chọn phòng tại Vanilla Dalat Hotel bao gồm: Phòng giường đôi, Phòng 4 người', 'Vanilla Dalat Hotel có giờ nhận và trả phòng như thế nào?': 'Vanilla Dalat Hotel có giờ nhận phòng từ 14:00 và giờ trả phòng trước 12:00.'}"
https://www.booking.com/hotel/vn/thesun-apartment-dalat.vi.html,"{'Thesun Apartment DaLat có phổ biến với các gia đình không?': 'Có, Thesun Apartment Da, Lat khá phổ biến đối với khách đặt kỳ nghỉ gia đình.', 'Bao nhiêu khách có thể lưu trú tại Thesun Apartment DaLat?': 'Bạn có thể chọn từ nhiều lựa chọn chỗ nghỉ tại Thesun Apartment Da, Lat (tùy vào tình trạng có sẵn). Những chỗ này có thể tiếp đón: 2 khách4 khách\n\nĐể biết thêm thông tin, vui lòng kiểm tra chi tiết (các) lựa chọn chỗ nghỉ ở trang này.', 'Thesun Apartment DaLat có giờ nhận và trả phòng như thế nào?': 'Thesun Apartment Da, Lat có giờ nhận phòng từ 14:00 và giờ trả phòng trước 12:00.', 'Tôi có thể làm gì ở Thesun Apartment DaLat?': 'Thesun Apartment Da, Lat có những hoạt động/dịch vụ sau (có thể áp dụng phí): Sân gôn (trong vòng 3km)', 'Chi phí nghỉ tại Thesun Apartment DaLat là bao nhiêu?': 'Giá tại Thesun Apartment Da, Lat có thể khác nhau tùy vào kỳ nghỉ của bạn (ví dụ: ngày bạn chọn, chính sách khách sạn,v.v.). Vui lòng xem giá bằng cách nhập ngày của bạn.', 'Thesun Apartment DaLat có sân hiên không?': 'Có, nhiều lựa chọn tại chỗ nghỉ này có sân hiên. Bạn có thể tìm hiểu thêm về điều này và các tiện nghi khác tại Thesun Apartment Da, Lat trên trang này.', 'Thesun Apartment DaLat có bao nhiêu phòng ngủ?': 'Bạn có thể chọn từ nhiều lựa chọn chỗ nghỉ tại Thesun Apartment Da, Lat (tùy vào tình trạng có sẵn). Những chỗ này có: 1 phòng ngủ2 phòng ngủ\n\nĐể biết thêm thông tin, vui lòng kiểm tra chi tiết (các) lựa chọn chỗ nghỉ ở trang này.', 'Thesun Apartment DaLat cách trung tâm Đà Lạt bao xa?': 'Thesun Apartment Da, Lat cách trung tâm Đà Lạt 1,7 km.\nTất cả khoảng cách được đo theo đường thẳng. Khoảng cách di chuyển thực sự có thể khác.', 'Thesun Apartment DaLat có ban công không?': 'Có, nhiều lựa chọn tại chỗ nghỉ này có ban công. Bạn có thể tìm hiểu thêm về điều này và các tiện nghi khác tại Thesun Apartment Da, Lat trên trang này.'}"
https://www.booking.com/hotel/vn/chiu-home-dalat.vi.html,"{'Chiu Home Dalat có giờ nhận và trả phòng như thế nào?': 'Chiu Home Dalat có giờ nhận phòng từ 14:00 và giờ trả phòng trước 12:00.', 'Tôi có thể làm gì ở Chiu Home Dalat?': 'Chiu Home Dalat có những hoạt động/dịch vụ sau (có thể áp dụng phí):', 'Chiu Home Dalat cách trung tâm Ấp Ða Lợi bao xa?': 'Chiu Home Dalat cách trung tâm Ấp Ða Lợi 350 m.\nTất cả khoảng cách được đo theo đường thẳng. Khoảng cách di chuyển thực sự có thể khác.', 'Chi phí nghỉ tại Chiu Home Dalat là bao nhiêu?': 'Giá tại Chiu Home Dalat có thể khác nhau tùy vào kỳ nghỉ của bạn (ví dụ: ngày bạn chọn, chính sách khách sạn,v.v.). Vui lòng xem giá bằng cách nhập ngày của bạn.'}"
https://www.booking.com/hotel/vn/song-anh-thanh-pho-da-lat.vi.html,"{'Nature Land Hotel có nhà hàng trong khuôn viên không?': 'Nature Land Hotel có 1 nhà hàng: Sảnh ăn sáng', 'Nature Land Hotel có phục vụ dạng bữa sáng nào?': 'Khách lưu trú tại Nature Land Hotel có thể tận hưởng bữa sáng được đánh giá cao trong kỳ nghỉ của họ (điểm đánh giá của khách: 8.8)\n\nLựa chọn bữa sáng bao gồm: Tự chọn, Gọi món (à la carte)', 'Chi phí nghỉ tại Nature Land Hotel là bao nhiêu?': 'Giá tại Nature Land Hotel có thể khác nhau tùy vào kỳ nghỉ của bạn (ví dụ: ngày bạn chọn, chính sách khách sạn,v.v.). Vui lòng xem giá bằng cách nhập ngày của bạn.', 'Nature Land Hotel cách trung tâm Đà Lạt bao xa?': 'Nature Land Hotel cách trung tâm Đà Lạt 1,1 km.\nTất cả khoảng cách được đo theo đường thẳng. Khoảng cách di chuyển thực sự có thể khác.', 'Nature Land Hotel có những loại phòng nào?': 'Lựa chọn phòng tại Nature Land Hotel bao gồm: Phòng giường đôi, Phòng 3 người, Phòng gia đình, Phòng 2 giường đơn ', 'Tôi có thể làm gì ở Nature Land Hotel?': 'Nature Land Hotel có những hoạt động/dịch vụ sau (có thể áp dụng phí): Đi bộ đường dài, Sân gôn (trong vòng 3km)Tour đi xe đạp, Giờ vàng, Tour đi bộ, Tour/lớp về văn hóa địa phương, Bữa tối theo chủ đề, Cưỡi ngựa', 'Nature Land Hotel có giờ nhận và trả phòng như thế nào?': 'Nature Land Hotel có giờ nhận phòng từ 14:00 và giờ trả phòng trước 12:00.'}"
https://www.booking.com/hotel/vn/cherry-luxury-villa.vi.html,"{'Cherry Luxury Hotel có giờ nhận và trả phòng như thế nào?': 'Cherry Luxury Hotel có giờ nhận phòng từ 14:00 và giờ trả phòng trước 12:30.', 'Cherry Luxury Hotel có nhà hàng trong khuôn viên không?': 'Cherry Luxury Hotel có 1 nhà hàng: Restaurant #1', 'Chi phí nghỉ tại Cherry Luxury Hotel là bao nhiêu?': 'Giá tại Cherry Luxury Hotel có thể khác nhau tùy vào kỳ nghỉ của bạn (ví dụ: ngày bạn chọn, chính sách khách sạn,v.v.). Vui lòng xem giá bằng cách nhập ngày của bạn.', 'Cherry Luxury Hotel có phổ biến với các gia đình không?': 'Có, Cherry Luxury Hotel khá phổ biến đối với khách đặt kỳ nghỉ gia đình.', 'Cherry Luxury Hotel cách trung tâm Đà Lạt bao xa?': 'Cherry Luxury Hotel cách trung tâm Đà Lạt 1,6 km.\nTất cả khoảng cách được đo theo đường thẳng. Khoảng cách di chuyển thực sự có thể khác.', 'Tôi có thể làm gì ở Cherry Luxury Hotel?': 'Cherry Luxury Hotel có những hoạt động/dịch vụ sau (có thể áp dụng phí):', 'Cherry Luxury Hotel có những loại phòng nào?': 'Lựa chọn phòng tại Cherry Luxury Hotel bao gồm: Phòng giường đôi, Phòng 4 người, Phòng gia đình'}"
https://www.booking.com/hotel/vn/hoa-ly-villa-thanh-pho-da-lat.vi.html,"{'Villa Hoa Ly Đà Lạt có giờ nhận và trả phòng như thế nào?': 'Villa Hoa Ly Đà Lạt có giờ nhận phòng từ 14:00 và giờ trả phòng trước 12:00.', 'Chi phí nghỉ tại Villa Hoa Ly Đà Lạt là bao nhiêu?': 'Giá tại Villa Hoa Ly Đà Lạt có thể khác nhau tùy vào kỳ nghỉ của bạn (ví dụ: ngày bạn chọn, chính sách khách sạn,v.v.). Vui lòng xem giá bằng cách nhập ngày của bạn.', 'Tôi có thể làm gì ở Villa Hoa Ly Đà Lạt?': 'Villa Hoa Ly Đà Lạt có những hoạt động/dịch vụ sau (có thể áp dụng phí):', 'Villa Hoa Ly Đà Lạt cách trung tâm Đà Lạt bao xa?': 'Villa Hoa Ly Đà Lạt cách trung tâm Đà Lạt 2,6 km.\nTất cả khoảng cách được đo theo đường thẳng. Khoảng cách di chuyển thực sự có thể khác.', 'Villa Hoa Ly Đà Lạt có những loại phòng nào?': 'Lựa chọn phòng tại Villa Hoa Ly Đà Lạt bao gồm: Phòng giường đôi, Phòng gia đình, Suite'}"
https://www.booking.com/hotel/vn/le-grey-dalat.vi.html,"{'Tôi có thể làm gì ở Le Grey Dalat Hotel?': 'Le Grey Dalat Hotel có những hoạt động/dịch vụ sau (có thể áp dụng phí):', 'Le Grey Dalat Hotel cách trung tâm Đà Lạt bao xa?': 'Le Grey Dalat Hotel cách trung tâm Đà Lạt 550 m.\nTất cả khoảng cách được đo theo đường thẳng. Khoảng cách di chuyển thực sự có thể khác.', 'Chi phí nghỉ tại Le Grey Dalat Hotel là bao nhiêu?': 'Giá tại Le Grey Dalat Hotel có thể khác nhau tùy vào kỳ nghỉ của bạn (ví dụ: ngày bạn chọn, chính sách khách sạn,v.v.). Vui lòng xem giá bằng cách nhập ngày của bạn.', 'Le Grey Dalat Hotel có những loại phòng nào?': 'Lựa chọn phòng tại Le Grey Dalat Hotel bao gồm: Phòng giường đôi, Phòng 4 người, Giường trong phòng tập thể', 'Le Grey Dalat Hotel có giờ nhận và trả phòng như thế nào?': 'Le Grey Dalat Hotel có giờ nhận phòng từ 14:00 và giờ trả phòng trước 12:00.'}"
https://www.booking.com/hotel/vn/dalamoon.vi.html,"{'DALAMOON HOTEL có giờ nhận và trả phòng như thế nào?': 'D, A, L, A, M, O, O, N H, O, T, E, L có giờ nhận phòng từ 14:00 và giờ trả phòng trước 12:00.', 'DALAMOON HOTEL cách trung tâm Đà Lạt bao xa?': 'D, A, L, A, M, O, O, N H, O, T, E, L cách trung tâm Đà Lạt 700 m.\nTất cả khoảng cách được đo theo đường thẳng. Khoảng cách di chuyển thực sự có thể khác.', 'Chi phí nghỉ tại DALAMOON HOTEL là bao nhiêu?': 'Giá tại D, A, L, A, M, O, O, N H, O, T, E, L có thể khác nhau tùy vào kỳ nghỉ của bạn (ví dụ: ngày bạn chọn, chính sách khách sạn,v.v.). Vui lòng xem giá bằng cách nhập ngày của bạn.', 'Tôi có thể làm gì ở DALAMOON HOTEL?': 'D, A, L, A, M, O, O, N H, O, T, E, L có những hoạt động/dịch vụ sau (có thể áp dụng phí):', 'DALAMOON HOTEL có những loại phòng nào?': 'Lựa chọn phòng tại D, A, L, A, M, O, O, N H, O, T, E, L bao gồm: Phòng giường đôi, Phòng 4 người, Phòng 3 người'}"
https://www.booking.com/hotel/vn/oyo-1247-thuong-tran-homestay.vi.html,"{'Thuong Tran Homestay có giờ nhận và trả phòng như thế nào?': 'Thuong Tran Homestay có giờ nhận phòng từ 14:00 và giờ trả phòng trước 12:00.', 'Thuong Tran Homestay cách trung tâm Đà Lạt bao xa?': 'Thuong Tran Homestay cách trung tâm Đà Lạt 1,1 km.\nTất cả khoảng cách được đo theo đường thẳng. Khoảng cách di chuyển thực sự có thể khác.', 'Thuong Tran Homestay có những loại phòng nào?': 'Lựa chọn phòng tại Thuong Tran Homestay bao gồm: Phòng giường đôi, Phòng gia đình', 'Thuong Tran Homestay có phổ biến với các gia đình không?': 'Có, Thuong Tran Homestay khá phổ biến đối với khách đặt kỳ nghỉ gia đình.', 'Tôi có thể làm gì ở Thuong Tran Homestay?': 'Thuong Tran Homestay có những hoạt động/dịch vụ sau (có thể áp dụng phí):', 'Chi phí nghỉ tại Thuong Tran Homestay là bao nhiêu?': 'Giá tại Thuong Tran Homestay có thể khác nhau tùy vào kỳ nghỉ của bạn (ví dụ: ngày bạn chọn, chính sách khách sạn,v.v.). Vui lòng xem giá bằng cách nhập ngày của bạn.'}"
https://www.booking.com/hotel/vn/hoa-dang.vi.html,"{'Tôi có thể làm gì ở HANZ Hoa Dang Hotel?': 'H, A, N, Z Hoa Dang Hotel có những hoạt động/dịch vụ sau (có thể áp dụng phí): Cho thuê xe đạp', 'Chi phí nghỉ tại HANZ Hoa Dang Hotel là bao nhiêu?': 'Giá tại H, A, N, Z Hoa Dang Hotel có thể khác nhau tùy vào kỳ nghỉ của bạn (ví dụ: ngày bạn chọn, chính sách khách sạn,v.v.). Vui lòng xem giá bằng cách nhập ngày của bạn.', 'HANZ Hoa Dang Hotel cách trung tâm Đà Lạt bao xa?': 'H, A, N, Z Hoa Dang Hotel cách trung tâm Đà Lạt 1 km.\nTất cả khoảng cách được đo theo đường thẳng. Khoảng cách di chuyển thực sự có thể khác.', 'HANZ Hoa Dang Hotel có phổ biến với các gia đình không?': 'Có, H, A, N, Z Hoa Dang Hotel khá phổ biến đối với khách đặt kỳ nghỉ gia đình.', 'HANZ Hoa Dang Hotel có giờ nhận và trả phòng như thế nào?': 'H, A, N, Z Hoa Dang Hotel có giờ nhận phòng từ 15:00 và giờ trả phòng trước 12:00.'}"
https://www.booking.com/hotel/vn/amour-stay-dalat.vi.html,"{""Tôi có thể làm gì ở L'amour Stay Dalat?"": ""L'amour Stay Dalat có những hoạt động/dịch vụ sau (có thể áp dụng phí):"", ""L'amour Stay Dalat có giờ nhận và trả phòng như thế nào?"": ""L'amour Stay Dalat có giờ nhận phòng từ 14:00 và giờ trả phòng trước 12:00."", ""L'amour Stay Dalat có những loại phòng nào?"": ""Lựa chọn phòng tại L'amour Stay Dalat bao gồm: Suite, Phòng giường đôi, Phòng 4 người"", ""L'amour Stay Dalat cách trung tâm Ấp Xuân An bao xa?"": ""L'amour Stay Dalat cách trung tâm Ấp Xuân An 900 m.\nTất cả khoảng cách được đo theo đường thẳng. Khoảng cách di chuyển thực sự có thể khác."", ""Chi phí nghỉ tại L'amour Stay Dalat là bao nhiêu?"": ""Giá tại L'amour Stay Dalat có thể khác nhau tùy vào kỳ nghỉ của bạn (ví dụ: ngày bạn chọn, chính sách khách sạn,v.v.). Vui lòng xem giá bằng cách nhập ngày của bạn.""}"
https://www.booking.com/hotel/vn/villa-tuan-anh-valley-view.vi.html,"{'Villa Tuan Vu Da Lat Valley View cách trung tâm Đà Lạt bao xa?': 'Villa Tuan Vu Da Lat Valley View cách trung tâm Đà Lạt 5 km.\nTất cả khoảng cách được đo theo đường thẳng. Khoảng cách di chuyển thực sự có thể khác.', 'Villa Tuan Vu Da Lat Valley View có phổ biến với các gia đình không?': 'Có, Villa Tuan Vu Da Lat Valley View khá phổ biến đối với khách đặt kỳ nghỉ gia đình.', 'Chi phí nghỉ tại Villa Tuan Vu Da Lat Valley View là bao nhiêu?': 'Giá tại Villa Tuan Vu Da Lat Valley View có thể khác nhau tùy vào kỳ nghỉ của bạn (ví dụ: ngày bạn chọn, chính sách khách sạn,v.v.). Vui lòng xem giá bằng cách nhập ngày của bạn.', 'Villa Tuan Vu Da Lat Valley View có những loại phòng nào?': 'Lựa chọn phòng tại Villa Tuan Vu Da Lat Valley View bao gồm: Phòng giường đôi, Phòng gia đình', 'Tôi có thể làm gì ở Villa Tuan Vu Da Lat Valley View?': 'Villa Tuan Vu Da Lat Valley View có những hoạt động/dịch vụ sau (có thể áp dụng phí):', 'Villa Tuan Vu Da Lat Valley View có giờ nhận và trả phòng như thế nào?': 'Villa Tuan Vu Da Lat Valley View có giờ nhận phòng từ 21:00 và giờ trả phòng trước 01:00.'}"
https://www.booking.com/hotel/vn/nho-house.vi.html,"{'NHỚ House I có bao nhiêu phòng ngủ?': 'Bạn có thể chọn từ nhiều lựa chọn chỗ nghỉ tại N, HỚ House I (tùy vào tình trạng có sẵn). Những chỗ này có: 3 phòng ngủ5 phòng ngủ8 phòng ngủ\n\nĐể biết thêm thông tin, vui lòng kiểm tra chi tiết (các) lựa chọn chỗ nghỉ ở trang này.', 'NHỚ House I có ban công không?': 'Có, nhiều lựa chọn tại chỗ nghỉ này có ban công. Bạn có thể tìm hiểu thêm về điều này và các tiện nghi khác tại N, HỚ House I trên trang này.', 'NHỚ House I cách trung tâm Đà Lạt bao xa?': 'N, HỚ House I cách trung tâm Đà Lạt 2,2 km.\nTất cả khoảng cách được đo theo đường thẳng. Khoảng cách di chuyển thực sự có thể khác.', 'NHỚ House I có giờ nhận và trả phòng như thế nào?': 'N, HỚ House I có giờ nhận phòng từ 14:00 và giờ trả phòng trước 12:00.', 'Chi phí nghỉ tại NHỚ House I là bao nhiêu?': 'Giá tại N, HỚ House I có thể khác nhau tùy vào kỳ nghỉ của bạn (ví dụ: ngày bạn chọn, chính sách khách sạn,v.v.). Vui lòng xem giá bằng cách nhập ngày của bạn.', 'NHỚ House I có phổ biến với các gia đình không?': 'Có, N, HỚ House I khá phổ biến đối với khách đặt kỳ nghỉ gia đình.', 'Bao nhiêu khách có thể lưu trú tại NHỚ House I?': 'Bạn có thể chọn từ nhiều lựa chọn chỗ nghỉ tại N, HỚ House I (tùy vào tình trạng có sẵn). Những chỗ này có thể tiếp đón: 14 khách20 khách22 khách30 khách\n\nĐể biết thêm thông tin, vui lòng kiểm tra chi tiết (các) lựa chọn chỗ nghỉ ở trang này.', 'Tôi có thể làm gì ở NHỚ House I?': 'N, HỚ House I có những hoạt động/dịch vụ sau (có thể áp dụng phí):'}"
https://www.booking.com/hotel/vn/cosy-thanh-pho-da-lat.vi.html,"{'Cosy Hotel & Apartment Dalat có những loại phòng nào?': 'Lựa chọn phòng tại Cosy Hotel & Apartment Dalat bao gồm: Phòng giường đôi, Phòng gia đình, Căn hộPhòng 4 người', 'Tôi có thể làm gì ở Cosy Hotel & Apartment Dalat?': 'Cosy Hotel & Apartment Dalat có những hoạt động/dịch vụ sau (có thể áp dụng phí):', 'Cosy Hotel & Apartment Dalat cách trung tâm Đà Lạt bao xa?': 'Cosy Hotel & Apartment Dalat cách trung tâm Đà Lạt 1,9 km.\nTất cả khoảng cách được đo theo đường thẳng. Khoảng cách di chuyển thực sự có thể khác.', 'Cosy Hotel & Apartment Dalat có giờ nhận và trả phòng như thế nào?': 'Cosy Hotel & Apartment Dalat có giờ nhận phòng từ 14:00 và giờ trả phòng trước 12:00.', 'Chi phí nghỉ tại Cosy Hotel & Apartment Dalat là bao nhiêu?': 'Giá tại Cosy Hotel & Apartment Dalat có thể khác nhau tùy vào kỳ nghỉ của bạn (ví dụ: ngày bạn chọn, chính sách khách sạn,v.v.). Vui lòng xem giá bằng cách nhập ngày của bạn.'}"
https://www.booking.com/hotel/vn/chill-chill.vi.html,"{'Chill chill cách trung tâm Ấp Xuân An bao xa?': 'Chill chill cách trung tâm Ấp Xuân An 900 m.\nTất cả khoảng cách được đo theo đường thẳng. Khoảng cách di chuyển thực sự có thể khác.', 'Chill chill có giờ nhận và trả phòng như thế nào?': 'Chill chill có giờ nhận phòng từ 14:00 và giờ trả phòng trước 13:00.', 'Chill chill có những loại phòng nào?': 'Lựa chọn phòng tại Chill chill bao gồm: Phòng giường đôi, Phòng giường đôi/2 giường đơn', 'Tôi có thể làm gì ở Chill chill?': 'Chill chill có những hoạt động/dịch vụ sau (có thể áp dụng phí):', 'Chi phí nghỉ tại Chill chill là bao nhiêu?': 'Giá tại Chill chill có thể khác nhau tùy vào kỳ nghỉ của bạn (ví dụ: ngày bạn chọn, chính sách khách sạn,v.v.). Vui lòng xem giá bằng cách nhập ngày của bạn.'}"
https://www.booking.com/hotel/vn/lacasa-may.vi.html,"{'Chi phí nghỉ tại Lacasa May là bao nhiêu?': 'Giá tại Lacasa May có thể khác nhau tùy vào kỳ nghỉ của bạn (ví dụ: ngày bạn chọn, chính sách khách sạn,v.v.). Vui lòng xem giá bằng cách nhập ngày của bạn.', 'Lacasa May có nhà hàng trong khuôn viên không?': 'Lacasa May có 1 nhà hàng: Restaurant #1', 'Tôi có thể làm gì ở Lacasa May?': 'Lacasa May có những hoạt động/dịch vụ sau (có thể áp dụng phí):', 'Lacasa May cách trung tâm Đà Lạt bao xa?': 'Lacasa May cách trung tâm Đà Lạt 1,5 km.\nTất cả khoảng cách được đo theo đường thẳng. Khoảng cách di chuyển thực sự có thể khác.', 'Lacasa May có những loại phòng nào?': 'Lựa chọn phòng tại Lacasa May bao gồm: Phòng 3 người, Căn hộPhòng giường đôi, Phòng 4 người', 'Lacasa May có giờ nhận và trả phòng như thế nào?': 'Lacasa May có giờ nhận phòng từ 14:00 và giờ trả phòng trước 12:00.'}"
https://www.booking.com/hotel/vn/the-homila-thanh-pho-bao-loc.vi.html,"{'Tôi có thể làm gì ở The Homilá Bảo Lộc - Hill View Bungalow & Glamping?': 'The Homilá Bảo Lộc - Hill View Bungalow & Glamping có những hoạt động/dịch vụ sau (có thể áp dụng phí): Đi bộ đường dài, Sân chơi trẻ em, Tour đi bộ, Bữa tối theo chủ đề, Phòng tắm chung, Tour đi xe đạp, Tour/lớp về văn hóa địa phương', 'Chi phí nghỉ tại The Homilá Bảo Lộc - Hill View Bungalow & Glamping là bao nhiêu?': 'Giá tại The Homilá Bảo Lộc - Hill View Bungalow & Glamping có thể khác nhau tùy vào kỳ nghỉ của bạn (ví dụ: ngày bạn chọn, chính sách khách sạn,v.v.). Vui lòng xem giá bằng cách nhập ngày của bạn.', 'The Homilá Bảo Lộc - Hill View Bungalow & Glamping có giờ nhận và trả phòng như thế nào?': 'The Homilá Bảo Lộc - Hill View Bungalow & Glamping có giờ nhận phòng từ 14:00 và giờ trả phòng trước 12:00.', 'The Homilá Bảo Lộc - Hill View Bungalow & Glamping cách trung tâm Bảo Lộc bao xa?': 'The Homilá Bảo Lộc - Hill View Bungalow & Glamping cách trung tâm Bảo Lộc 8 km.\nTất cả khoảng cách được đo theo đường thẳng. Khoảng cách di chuyển thực sự có thể khác.', 'The Homilá Bảo Lộc - Hill View Bungalow & Glamping có nhà hàng trong khuôn viên không?': 'The Homilá Bảo Lộc - Hill View Bungalow & Glamping có 1 nhà hàng: Nhà hàng Homilá', 'The Homilá Bảo Lộc - Hill View Bungalow & Glamping có phổ biến với các gia đình không?': 'Có, The Homilá Bảo Lộc - Hill View Bungalow & Glamping khá phổ biến đối với khách đặt kỳ nghỉ gia đình.'}"
https://www.booking.com/hotel/vn/the-gate-boutique-da-lat-thanh-pho-da-lat.vi.html,"{'Chi phí nghỉ tại The Gate Boutique Hotel Đà Lạt là bao nhiêu?': 'Giá tại The Gate Boutique Hotel Đà Lạt có thể khác nhau tùy vào kỳ nghỉ của bạn (ví dụ: ngày bạn chọn, chính sách khách sạn,v.v.). Vui lòng xem giá bằng cách nhập ngày của bạn.', 'Tôi có thể làm gì ở The Gate Boutique Hotel Đà Lạt?': 'The Gate Boutique Hotel Đà Lạt có những hoạt động/dịch vụ sau (có thể áp dụng phí):', 'The Gate Boutique Hotel Đà Lạt có những loại phòng nào?': 'Lựa chọn phòng tại The Gate Boutique Hotel Đà Lạt bao gồm: Phòng giường đôi, Phòng gia đình', 'The Gate Boutique Hotel Đà Lạt cách trung tâm Ấp Xuân An bao xa?': 'The Gate Boutique Hotel Đà Lạt cách trung tâm Ấp Xuân An 450 m.\nTất cả khoảng cách được đo theo đường thẳng. Khoảng cách di chuyển thực sự có thể khác.', 'The Gate Boutique Hotel Đà Lạt có giờ nhận và trả phòng như thế nào?': 'The Gate Boutique Hotel Đà Lạt có giờ nhận phòng từ 02:00 và giờ trả phòng trước 12:00.'}"
https://www.booking.com/hotel/vn/phuong-nghi-thanh-pho-da-lat.vi.html,"{'Hotel Phuong Nghi có những loại phòng nào?': 'Lựa chọn phòng tại Hotel Phuong Nghi bao gồm: Phòng giường đôi, Phòng 4 người, Phòng gia đình', 'Chi phí nghỉ tại Hotel Phuong Nghi là bao nhiêu?': 'Giá tại Hotel Phuong Nghi có thể khác nhau tùy vào kỳ nghỉ của bạn (ví dụ: ngày bạn chọn, chính sách khách sạn,v.v.). Vui lòng xem giá bằng cách nhập ngày của bạn.', 'Tôi có thể làm gì ở Hotel Phuong Nghi?': 'Hotel Phuong Nghi có những hoạt động/dịch vụ sau (có thể áp dụng phí): Karaoke, Sân gôn (trong vòng 3km)Giải trí buổi tối, Vũ trường/D, J, Cho thuê xe đạp', 'Hotel Phuong Nghi có giờ nhận và trả phòng như thế nào?': 'Hotel Phuong Nghi có giờ nhận phòng từ 14:00 và giờ trả phòng trước 12:00.', 'Hotel Phuong Nghi cách trung tâm Đà Lạt bao xa?': 'Hotel Phuong Nghi cách trung tâm Đà Lạt 250 m.\nTất cả khoảng cách được đo theo đường thẳng. Khoảng cách di chuyển thực sự có thể khác.'}"
https://www.booking.com/hotel/vn/roha-da-lat.vi.html,"{'ROHA HOTEL Đà Lạt cách trung tâm Đà Lạt bao xa?': 'R, O, H, A H, O, T, E, L Đà Lạt cách trung tâm Đà Lạt 1,6 km.\nTất cả khoảng cách được đo theo đường thẳng. Khoảng cách di chuyển thực sự có thể khác.', 'ROHA HOTEL Đà Lạt có phổ biến với các gia đình không?': 'Có, R, O, H, A H, O, T, E, L Đà Lạt khá phổ biến đối với khách đặt kỳ nghỉ gia đình.', 'Tôi có thể làm gì ở ROHA HOTEL Đà Lạt?': 'R, O, H, A H, O, T, E, L Đà Lạt có những hoạt động/dịch vụ sau (có thể áp dụng phí):', 'ROHA HOTEL Đà Lạt có những loại phòng nào?': 'Lựa chọn phòng tại R, O, H, A H, O, T, E, L Đà Lạt bao gồm: Phòng 4 người, Phòng giường đôi, Giường trong phòng tập thể', 'ROHA HOTEL Đà Lạt có giờ nhận và trả phòng như thế nào?': 'R, O, H, A H, O, T, E, L Đà Lạt có giờ nhận phòng từ 14:00 và giờ trả phòng trước 12:00.', 'Chi phí nghỉ tại ROHA HOTEL Đà Lạt là bao nhiêu?': 'Giá tại R, O, H, A H, O, T, E, L Đà Lạt có thể khác nhau tùy vào kỳ nghỉ của bạn (ví dụ: ngày bạn chọn, chính sách khách sạn,v.v.). Vui lòng xem giá bằng cách nhập ngày của bạn.'}"
https://www.booking.com/hotel/vn/homy-home-thanh-pho-da-lat.vi.html,"{'Homy Home cách trung tâm Đà Lạt bao xa?': 'Homy Home cách trung tâm Đà Lạt 2,4 km.\nTất cả khoảng cách được đo theo đường thẳng. Khoảng cách di chuyển thực sự có thể khác.', 'Homy Home có giờ nhận và trả phòng như thế nào?': 'Homy Home có giờ nhận phòng từ 14:00 và giờ trả phòng trước 14:00.', 'Chi phí nghỉ tại Homy Home là bao nhiêu?': 'Giá tại Homy Home có thể khác nhau tùy vào kỳ nghỉ của bạn (ví dụ: ngày bạn chọn, chính sách khách sạn,v.v.). Vui lòng xem giá bằng cách nhập ngày của bạn.', 'Tôi có thể làm gì ở Homy Home?': 'Homy Home có những hoạt động/dịch vụ sau (có thể áp dụng phí):', 'Homy Home có những loại phòng nào?': 'Lựa chọn phòng tại Homy Home bao gồm: Phòng giường đôi'}"
https://www.booking.com/hotel/vn/dalat-1a-m-goc-binh-yen-thanh-pho-da-lat1.vi.html,"{'Dalat 1AM cách trung tâm Ấp Xuân An bao xa?': 'Dalat 1A, M cách trung tâm Ấp Xuân An 2,5 km.\nTất cả khoảng cách được đo theo đường thẳng. Khoảng cách di chuyển thực sự có thể khác.', 'Dalat 1AM có giờ nhận và trả phòng như thế nào?': 'Dalat 1A, M có giờ nhận phòng từ 12:00 và giờ trả phòng trước 12:00.', 'Dalat 1AM có bao nhiêu phòng ngủ?': 'Dalat 1A, M có số lượng phòng ngủ như sau: 2 phòng ngủ\n\nĐể biết thêm thông tin, vui lòng kiểm tra chi tiết (các) lựa chọn chỗ nghỉ ở trang này.', 'Dalat 1AM có sân hiên không?': 'Có, nhiều lựa chọn tại chỗ nghỉ này có sân hiên. Bạn có thể tìm hiểu thêm về điều này và các tiện nghi khác tại Dalat 1A, M trên trang này.', 'Chi phí nghỉ tại Dalat 1AM là bao nhiêu?': 'Giá tại Dalat 1A, M có thể khác nhau tùy vào kỳ nghỉ của bạn (ví dụ: ngày bạn chọn, chính sách khách sạn,v.v.). Vui lòng xem giá bằng cách nhập ngày của bạn.', 'Dalat 1AM có ban công không?': 'Có, nhiều lựa chọn tại chỗ nghỉ này có ban công. Bạn có thể tìm hiểu thêm về điều này và các tiện nghi khác tại Dalat 1A, M trên trang này.', 'Tôi có thể làm gì ở Dalat 1AM?': 'Dalat 1A, M có những hoạt động/dịch vụ sau (có thể áp dụng phí):', 'Bao nhiêu khách có thể lưu trú tại Dalat 1AM?': 'Dalat 1A, M có thể tiếp đón nhóm có số lượng như sau: 6 khách\n\nĐể biết thêm thông tin, vui lòng kiểm tra chi tiết (các) lựa chọn chỗ nghỉ ở trang này.'}"
https://www.booking.com/hotel/vn/hoang-minh-chau-ba-trieu.vi.html,"{'Hoang Minh Chau Ba Trieu Hotel có nhà hàng trong khuôn viên không?': 'Hoang Minh Chau Ba Trieu Hotel có 1 nhà hàng: Nhà hàng', 'Hoang Minh Chau Ba Trieu Hotel cách trung tâm Đà Lạt bao xa?': 'Hoang Minh Chau Ba Trieu Hotel cách trung tâm Đà Lạt 600 m.\nTất cả khoảng cách được đo theo đường thẳng. Khoảng cách di chuyển thực sự có thể khác.', 'Hoang Minh Chau Ba Trieu Hotel có giờ nhận và trả phòng như thế nào?': 'Hoang Minh Chau Ba Trieu Hotel có giờ nhận phòng từ 14:00 và giờ trả phòng trước 12:00.', 'Hoang Minh Chau Ba Trieu Hotel có những loại phòng nào?': 'Lựa chọn phòng tại Hoang Minh Chau Ba Trieu Hotel bao gồm: Phòng giường đôi, Phòng 4 người', 'Tôi có thể làm gì ở Hoang Minh Chau Ba Trieu Hotel?': 'Hoang Minh Chau Ba Trieu Hotel có những hoạt động/dịch vụ sau (có thể áp dụng phí):', 'Chi phí nghỉ tại Hoang Minh Chau Ba Trieu Hotel là bao nhiêu?': 'Giá tại Hoang Minh Chau Ba Trieu Hotel có thể khác nhau tùy vào kỳ nghỉ của bạn (ví dụ: ngày bạn chọn, chính sách khách sạn,v.v.). Vui lòng xem giá bằng cách nhập ngày của bạn.'}"
https://www.booking.com/hotel/vn/xom-nha-la-home.vi.html,"{'Tôi có thể làm gì ở Xóm nhà lá homestay?': 'Xóm nhà lá homestay có những hoạt động/dịch vụ sau (có thể áp dụng phí):', 'Chi phí nghỉ tại Xóm nhà lá homestay là bao nhiêu?': 'Giá tại Xóm nhà lá homestay có thể khác nhau tùy vào kỳ nghỉ của bạn (ví dụ: ngày bạn chọn, chính sách khách sạn,v.v.). Vui lòng xem giá bằng cách nhập ngày của bạn.', 'Xóm nhà lá homestay có những loại phòng nào?': 'Lựa chọn phòng tại Xóm nhà lá homestay bao gồm: Phòng giường đôi', 'Xóm nhà lá homestay có giờ nhận và trả phòng như thế nào?': 'Xóm nhà lá homestay có giờ nhận phòng từ 14:00 và giờ trả phòng trước 12:00.', 'Xóm nhà lá homestay cách trung tâm Đà Lạt bao xa?': 'Xóm nhà lá homestay cách trung tâm Đà Lạt 3 km.\nTất cả khoảng cách được đo theo đường thẳng. Khoảng cách di chuyển thực sự có thể khác.'}"
https://www.booking.com/hotel/vn/sandals-vista-thanh-pho-bao-loc12.vi.html,"{'Sandals Vista Hotel có phục vụ dạng bữa sáng nào?': 'Khách lưu trú tại Sandals Vista Hotel có thể tận hưởng bữa sáng được đánh giá cao trong kỳ nghỉ của họ (điểm đánh giá của khách: 8.1)\n\nLựa chọn bữa sáng bao gồm: Kiểu Á, Kiểu Mỹ, Tự chọn, Gọi món (à la carte)Bữa sáng mang đi', 'Sandals Vista Hotel có giờ nhận và trả phòng như thế nào?': 'Sandals Vista Hotel có giờ nhận phòng từ 14:00 và giờ trả phòng trước 12:00.', 'Chi phí nghỉ tại Sandals Vista Hotel là bao nhiêu?': 'Giá tại Sandals Vista Hotel có thể khác nhau tùy vào kỳ nghỉ của bạn (ví dụ: ngày bạn chọn, chính sách khách sạn,v.v.). Vui lòng xem giá bằng cách nhập ngày của bạn.', 'Sandals Vista Hotel có những loại phòng nào?': 'Lựa chọn phòng tại Sandals Vista Hotel bao gồm: Phòng giường đôi, Phòng 2 giường đơn Suite, Phòng 3 người, Phòng gia đình, Căn hộ', 'Tôi có thể làm gì ở Sandals Vista Hotel?': 'Sandals Vista Hotel có những hoạt động/dịch vụ sau (có thể áp dụng phí): Trung tâm Spa & chăm sóc sức khoẻTrung tâm thể dục, Phòng xông hơi, Massage, Phòng gửi đồ ở spa/gym, Dịch Vụ Làm Đẹp, Bữa tối theo chủ đề, Chăm sóc da mặt, Trị Liệu Cơ Thể, Tẩy tế bào chết toàn thân, Quấn toàn thân, Tiện Nghi Spa, Phòng xông hơi ướt, Khu vực thư giãn/spa lounge, Dịch vụ ngâm chân, Gói spa/chăm sóc sức khỏe, Mát-xa lưng, Mát-xa cổ, Mát-xa chân, Mát-xa đầu, Mát-xa tay, Mát-xa toàn thân, Phòng gym', 'Sandals Vista Hotel cách trung tâm Bảo Lộc bao xa?': 'Sandals Vista Hotel cách trung tâm Bảo Lộc 700 m.\nTất cả khoảng cách được đo theo đường thẳng. Khoảng cách di chuyển thực sự có thể khác.', 'Sandals Vista Hotel có nhà hàng trong khuôn viên không?': 'Sandals Vista Hotel có 1 nhà hàng: Nhà hàng #1'}"
https://www.booking.com/hotel/vn/khach-san-di-an-da-lat.vi.html,"{'Chi phí nghỉ tại Khách Sạn Dĩ An là bao nhiêu?': 'Giá tại Khách Sạn Dĩ An có thể khác nhau tùy vào kỳ nghỉ của bạn (ví dụ: ngày bạn chọn, chính sách khách sạn,v.v.). Vui lòng xem giá bằng cách nhập ngày của bạn.', 'Tôi có thể làm gì ở Khách Sạn Dĩ An?': 'Khách Sạn Dĩ An có những hoạt động/dịch vụ sau (có thể áp dụng phí):', 'Khách Sạn Dĩ An cách trung tâm Đà Lạt bao xa?': 'Khách Sạn Dĩ An cách trung tâm Đà Lạt 800 m.\nTất cả khoảng cách được đo theo đường thẳng. Khoảng cách di chuyển thực sự có thể khác.', 'Khách Sạn Dĩ An có những loại phòng nào?': 'Lựa chọn phòng tại Khách Sạn Dĩ An bao gồm: Phòng giường đôi, Phòng gia đình', 'Khách Sạn Dĩ An có phổ biến với các gia đình không?': 'Có, Khách Sạn Dĩ An khá phổ biến đối với khách đặt kỳ nghỉ gia đình.', 'Khách Sạn Dĩ An có giờ nhận và trả phòng như thế nào?': 'Khách Sạn Dĩ An có giờ nhận phòng từ 14:00 và giờ trả phòng trước 12:00.'}"
https://www.booking.com/hotel/vn/tea-garden-house-thanh-pho-bao-loc.vi.html,"{'Tea Garden House cách trung tâm Xã Tân Phát bao xa?': 'Tea Garden House cách trung tâm Xã Tân Phát 550 m.\nTất cả khoảng cách được đo theo đường thẳng. Khoảng cách di chuyển thực sự có thể khác.', 'Chi phí nghỉ tại Tea Garden House là bao nhiêu?': 'Giá tại Tea Garden House có thể khác nhau tùy vào kỳ nghỉ của bạn (ví dụ: ngày bạn chọn, chính sách khách sạn,v.v.). Vui lòng xem giá bằng cách nhập ngày của bạn.', 'Tea Garden House có giờ nhận và trả phòng như thế nào?': 'Tea Garden House có giờ nhận phòng từ 14:00 và giờ trả phòng trước 12:00.', 'Tôi có thể làm gì ở Tea Garden House?': 'Tea Garden House có những hoạt động/dịch vụ sau (có thể áp dụng phí): Tour đi bộ, Cho thuê xe đạp, Tour đi xe đạp', 'Tea Garden House có những loại phòng nào?': 'Lựa chọn phòng tại Tea Garden House bao gồm: Phòng giường đôi, Phòng gia đình'}"
https://www.booking.com/hotel/vn/ngan-hoa-mille-fleurs-02.vi.html,"{'Ngan Hoa - Mille Fleurs 02 có những loại phòng nào?': 'Lựa chọn phòng tại Ngan Hoa - Mille Fleurs 02 bao gồm: Phòng giường đôi, Phòng 4 người, Căn hộ', 'Chi phí nghỉ tại Ngan Hoa - Mille Fleurs 02 là bao nhiêu?': 'Giá tại Ngan Hoa - Mille Fleurs 02 có thể khác nhau tùy vào kỳ nghỉ của bạn (ví dụ: ngày bạn chọn, chính sách khách sạn,v.v.). Vui lòng xem giá bằng cách nhập ngày của bạn.', 'Tôi có thể làm gì ở Ngan Hoa - Mille Fleurs 02?': 'Ngan Hoa - Mille Fleurs 02 có những hoạt động/dịch vụ sau (có thể áp dụng phí):', 'Ngan Hoa - Mille Fleurs 02 có giờ nhận và trả phòng như thế nào?': 'Ngan Hoa - Mille Fleurs 02 có giờ nhận phòng từ 14:00 và giờ trả phòng trước 12:00.', 'Ngan Hoa - Mille Fleurs 02 có phổ biến với các gia đình không?': 'Có, Ngan Hoa - Mille Fleurs 02 khá phổ biến đối với khách đặt kỳ nghỉ gia đình.', 'Ngan Hoa - Mille Fleurs 02 cách trung tâm Đà Lạt bao xa?': 'Ngan Hoa - Mille Fleurs 02 cách trung tâm Đà Lạt 2,7 km.\nTất cả khoảng cách được đo theo đường thẳng. Khoảng cách di chuyển thực sự có thể khác.'}"
https://www.booking.com/hotel/vn/lucina-thanh-pho-da-lat.vi.html,"{'Chi phí nghỉ tại Da Lat LUCINA Boutique Hotel là bao nhiêu?': 'Giá tại Da Lat L, U, C, I, N, A Boutique Hotel có thể khác nhau tùy vào kỳ nghỉ của bạn (ví dụ: ngày bạn chọn, chính sách khách sạn,v.v.). Vui lòng xem giá bằng cách nhập ngày của bạn.', 'Da Lat LUCINA Boutique Hotel cách trung tâm Đà Lạt bao xa?': 'Da Lat L, U, C, I, N, A Boutique Hotel cách trung tâm Đà Lạt 1,6 km.\nTất cả khoảng cách được đo theo đường thẳng. Khoảng cách di chuyển thực sự có thể khác.', 'Da Lat LUCINA Boutique Hotel có giờ nhận và trả phòng như thế nào?': 'Da Lat L, U, C, I, N, A Boutique Hotel có giờ nhận phòng từ 13:00 và giờ trả phòng trước 11:00.', 'Tôi có thể làm gì ở Da Lat LUCINA Boutique Hotel?': 'Da Lat L, U, C, I, N, A Boutique Hotel có những hoạt động/dịch vụ sau (có thể áp dụng phí):', 'Da Lat LUCINA Boutique Hotel có phổ biến với các gia đình không?': 'Có, Da Lat L, U, C, I, N, A Boutique Hotel khá phổ biến đối với khách đặt kỳ nghỉ gia đình.'}"
https://www.booking.com/hotel/vn/tulip-city-view-thanh-pho-da-lat.vi.html,"{'Tulip City View cách trung tâm Đà Lạt bao xa?': 'Tulip City View cách trung tâm Đà Lạt 350 m.\nTất cả khoảng cách được đo theo đường thẳng. Khoảng cách di chuyển thực sự có thể khác.', 'Tulip City View có giờ nhận và trả phòng như thế nào?': 'Tulip City View có giờ nhận phòng từ 14:00 và giờ trả phòng trước 12:00.', 'Chi phí nghỉ tại Tulip City View là bao nhiêu?': 'Giá tại Tulip City View có thể khác nhau tùy vào kỳ nghỉ của bạn (ví dụ: ngày bạn chọn, chính sách khách sạn,v.v.). Vui lòng xem giá bằng cách nhập ngày của bạn.', 'Tulip City View có những loại phòng nào?': 'Lựa chọn phòng tại Tulip City View bao gồm: Phòng giường đôi, Phòng 2 giường đơn Suite, Phòng gia đình, Phòng 4 người', 'Tulip City View có nhà hàng trong khuôn viên không?': 'Tulip City View có 1 nhà hàng: Nhà hàng', 'Tôi có thể làm gì ở Tulip City View?': 'Tulip City View có những hoạt động/dịch vụ sau (có thể áp dụng phí):'}"
https://www.booking.com/hotel/vn/oyo-1228-gia-hoang-homestay.vi.html,"{'OYO 1228 Gia Hoang Homestay có giờ nhận và trả phòng như thế nào?': 'O, Y, O 1228 Gia Hoang Homestay có giờ nhận phòng từ 14:00 và giờ trả phòng trước 12:00.', 'Tôi có thể làm gì ở OYO 1228 Gia Hoang Homestay?': 'O, Y, O 1228 Gia Hoang Homestay có những hoạt động/dịch vụ sau (có thể áp dụng phí):', 'OYO 1228 Gia Hoang Homestay cách trung tâm Đà Lạt bao xa?': 'O, Y, O 1228 Gia Hoang Homestay cách trung tâm Đà Lạt 1,7 km.\nTất cả khoảng cách được đo theo đường thẳng. Khoảng cách di chuyển thực sự có thể khác.', 'OYO 1228 Gia Hoang Homestay có những loại phòng nào?': 'Lựa chọn phòng tại O, Y, O 1228 Gia Hoang Homestay bao gồm: Phòng giường đôi, Phòng gia đình', 'Chi phí nghỉ tại OYO 1228 Gia Hoang Homestay là bao nhiêu?': 'Giá tại O, Y, O 1228 Gia Hoang Homestay có thể khác nhau tùy vào kỳ nghỉ của bạn (ví dụ: ngày bạn chọn, chính sách khách sạn,v.v.). Vui lòng xem giá bằng cách nhập ngày của bạn.'}"
https://www.booking.com/hotel/vn/goi-thanh-pho-da-lat12.vi.html,"{'Tôi có thể làm gì ở Crush Va Toi?': 'Crush Va Toi có những hoạt động/dịch vụ sau (có thể áp dụng phí):', 'Crush Va Toi có giờ nhận và trả phòng như thế nào?': 'Crush Va Toi có giờ nhận phòng từ 14:00 và giờ trả phòng trước 12:00.', 'Crush Va Toi cách trung tâm Đà Lạt bao xa?': 'Crush Va Toi cách trung tâm Đà Lạt 2,5 km.\nTất cả khoảng cách được đo theo đường thẳng. Khoảng cách di chuyển thực sự có thể khác.', 'Chi phí nghỉ tại Crush Va Toi là bao nhiêu?': 'Giá tại Crush Va Toi có thể khác nhau tùy vào kỳ nghỉ của bạn (ví dụ: ngày bạn chọn, chính sách khách sạn,v.v.). Vui lòng xem giá bằng cách nhập ngày của bạn.'}"
https://www.booking.com/hotel/vn/mai-anh-dao-homestay.vi.html,"{'Homestay Mai Anh Đào cách trung tâm Ấp Ða Thiên bao xa?': 'Homestay Mai Anh Đào cách trung tâm Ấp Ða Thiên 1,1 km.\nTất cả khoảng cách được đo theo đường thẳng. Khoảng cách di chuyển thực sự có thể khác.', 'Chi phí nghỉ tại Homestay Mai Anh Đào là bao nhiêu?': 'Giá tại Homestay Mai Anh Đào có thể khác nhau tùy vào kỳ nghỉ của bạn (ví dụ: ngày bạn chọn, chính sách khách sạn,v.v.). Vui lòng xem giá bằng cách nhập ngày của bạn.', 'Homestay Mai Anh Đào có những loại phòng nào?': 'Lựa chọn phòng tại Homestay Mai Anh Đào bao gồm: Phòng giường đôi, Phòng 2 giường đơn Phòng gia đình, Studio, Nhà nghỉ dưỡng, Phòng 4 người', 'Homestay Mai Anh Đào có giờ nhận và trả phòng như thế nào?': 'Homestay Mai Anh Đào có giờ nhận phòng từ 14:00 và giờ trả phòng trước 12:00.', 'Tôi có thể làm gì ở Homestay Mai Anh Đào?': 'Homestay Mai Anh Đào có những hoạt động/dịch vụ sau (có thể áp dụng phí): Sân chơi trẻ em, Karaoke, Sân gôn (trong vòng 3km)Biểu diễn/nhạc sống, Tour/lớp về văn hóa địa phương, Phòng tắm chung'}"
https://www.booking.com/hotel/vn/pinus.vi.html,"{'Pinus Hotel có phổ biến với các gia đình không?': 'Có, Pinus Hotel khá phổ biến đối với khách đặt kỳ nghỉ gia đình.', 'Pinus Hotel cách trung tâm Đà Lạt bao xa?': 'Pinus Hotel cách trung tâm Đà Lạt 250 m.\nTất cả khoảng cách được đo theo đường thẳng. Khoảng cách di chuyển thực sự có thể khác.', 'Chi phí nghỉ tại Pinus Hotel là bao nhiêu?': 'Giá tại Pinus Hotel có thể khác nhau tùy vào kỳ nghỉ của bạn (ví dụ: ngày bạn chọn, chính sách khách sạn,v.v.). Vui lòng xem giá bằng cách nhập ngày của bạn.', 'Tôi có thể làm gì ở Pinus Hotel?': 'Pinus Hotel có những hoạt động/dịch vụ sau (có thể áp dụng phí):', 'Pinus Hotel có giờ nhận và trả phòng như thế nào?': 'Pinus Hotel có giờ nhận phòng từ 13:00 và giờ trả phòng trước 11:30.', 'Pinus Hotel có những loại phòng nào?': 'Lựa chọn phòng tại Pinus Hotel bao gồm: Phòng giường đôi, Phòng 4 người, Phòng gia đình'}"
https://www.booking.com/hotel/vn/rosemarry-homestay.vi.html,"{'Rosemarry homestay có giờ nhận và trả phòng như thế nào?': 'Rosemarry homestay có giờ nhận phòng từ 14:00 và giờ trả phòng trước 12:00.', 'Tôi có thể làm gì ở Rosemarry homestay?': 'Rosemarry homestay có những hoạt động/dịch vụ sau (có thể áp dụng phí):', 'Rosemarry homestay cách trung tâm Ấp Ða Thành bao xa?': 'Rosemarry homestay cách trung tâm Ấp Ða Thành 900 m.\nTất cả khoảng cách được đo theo đường thẳng. Khoảng cách di chuyển thực sự có thể khác.', 'Rosemarry homestay có những loại phòng nào?': 'Lựa chọn phòng tại Rosemarry homestay bao gồm: Phòng giường đôi, Phòng 3 người, Phòng tập thể', 'Chi phí nghỉ tại Rosemarry homestay là bao nhiêu?': 'Giá tại Rosemarry homestay có thể khác nhau tùy vào kỳ nghỉ của bạn (ví dụ: ngày bạn chọn, chính sách khách sạn,v.v.). Vui lòng xem giá bằng cách nhập ngày của bạn.'}"
https://www.booking.com/hotel/vn/khanh-uyen-2.vi.html,"{'Tôi có thể làm gì ở Khanh Uyen 2 Hotel?': 'Khanh Uyen 2 Hotel có những hoạt động/dịch vụ sau (có thể áp dụng phí): Tour/lớp về văn hóa địa phương, Cho thuê xe đạp', 'Khanh Uyen 2 Hotel cách trung tâm Đà Lạt bao xa?': 'Khanh Uyen 2 Hotel cách trung tâm Đà Lạt 400 m.\nTất cả khoảng cách được đo theo đường thẳng. Khoảng cách di chuyển thực sự có thể khác.', 'Khanh Uyen 2 Hotel có những loại phòng nào?': 'Lựa chọn phòng tại Khanh Uyen 2 Hotel bao gồm: Phòng giường đôi', 'Chi phí nghỉ tại Khanh Uyen 2 Hotel là bao nhiêu?': 'Giá tại Khanh Uyen 2 Hotel có thể khác nhau tùy vào kỳ nghỉ của bạn (ví dụ: ngày bạn chọn, chính sách khách sạn,v.v.). Vui lòng xem giá bằng cách nhập ngày của bạn.', 'Khanh Uyen 2 Hotel có giờ nhận và trả phòng như thế nào?': 'Khanh Uyen 2 Hotel có giờ nhận phòng từ 14:00 và giờ trả phòng trước 12:00.'}"
https://www.booking.com/hotel/vn/hoang-quan.vi.html,"{'Tôi có thể làm gì ở Hoang Quan Hotel?': 'Hoang Quan Hotel có những hoạt động/dịch vụ sau (có thể áp dụng phí):', 'Chi phí nghỉ tại Hoang Quan Hotel là bao nhiêu?': 'Giá tại Hoang Quan Hotel có thể khác nhau tùy vào kỳ nghỉ của bạn (ví dụ: ngày bạn chọn, chính sách khách sạn,v.v.). Vui lòng xem giá bằng cách nhập ngày của bạn.', 'Hoang Quan Hotel có phổ biến với các gia đình không?': 'Có, Hoang Quan Hotel khá phổ biến đối với khách đặt kỳ nghỉ gia đình.', 'Hoang Quan Hotel có giờ nhận và trả phòng như thế nào?': 'Hoang Quan Hotel có giờ nhận phòng từ 14:00 và giờ trả phòng trước 12:00.', 'Hoang Quan Hotel cách trung tâm Đà Lạt bao xa?': 'Hoang Quan Hotel cách trung tâm Đà Lạt 600 m.\nTất cả khoảng cách được đo theo đường thẳng. Khoảng cách di chuyển thực sự có thể khác.', 'Hoang Quan Hotel có những loại phòng nào?': 'Lựa chọn phòng tại Hoang Quan Hotel bao gồm: Phòng giường đôi, Phòng 4 người, Phòng gia đình'}"
https://www.booking.com/hotel/vn/khach-san-hoang-tuan.vi.html,"{'Tuấn An Hotel có những loại phòng nào?': 'Lựa chọn phòng tại Tuấn An Hotel bao gồm: Phòng giường đôi, Phòng gia đình', 'Tuấn An Hotel có phổ biến với các gia đình không?': 'Có, Tuấn An Hotel khá phổ biến đối với khách đặt kỳ nghỉ gia đình.', 'Tôi có thể làm gì ở Tuấn An Hotel?': 'Tuấn An Hotel có những hoạt động/dịch vụ sau (có thể áp dụng phí):', 'Chi phí nghỉ tại Tuấn An Hotel là bao nhiêu?': 'Giá tại Tuấn An Hotel có thể khác nhau tùy vào kỳ nghỉ của bạn (ví dụ: ngày bạn chọn, chính sách khách sạn,v.v.). Vui lòng xem giá bằng cách nhập ngày của bạn.', 'Tuấn An Hotel cách trung tâm Đà Lạt bao xa?': 'Tuấn An Hotel cách trung tâm Đà Lạt 1,2 km.\nTất cả khoảng cách được đo theo đường thẳng. Khoảng cách di chuyển thực sự có thể khác.', 'Tuấn An Hotel có giờ nhận và trả phòng như thế nào?': 'Tuấn An Hotel có giờ nhận phòng từ 14:00 và giờ trả phòng trước 12:00.'}"
https://www.booking.com/hotel/vn/di-house-da-lat.vi.html,"{'Chi phí nghỉ tại Di House Đà Lạt là bao nhiêu?': 'Giá tại Di House Đà Lạt có thể khác nhau tùy vào kỳ nghỉ của bạn (ví dụ: ngày bạn chọn, chính sách khách sạn,v.v.). Vui lòng xem giá bằng cách nhập ngày của bạn.', 'Tôi có thể làm gì ở Di House Đà Lạt?': 'Di House Đà Lạt có những hoạt động/dịch vụ sau (có thể áp dụng phí): Cho thuê xe đạp', 'Di House Đà Lạt cách trung tâm Đà Lạt bao xa?': 'Di House Đà Lạt cách trung tâm Đà Lạt 950 m.\nTất cả khoảng cách được đo theo đường thẳng. Khoảng cách di chuyển thực sự có thể khác.', 'Di House Đà Lạt có giờ nhận và trả phòng như thế nào?': 'Di House Đà Lạt có giờ nhận phòng từ 15:00 và giờ trả phòng trước 12:00.'}"
https://www.booking.com/hotel/vn/be-home-dalat.vi.html,"{'Chi phí nghỉ tại Be.Ho DaLat - Attic là bao nhiêu?': 'Giá tại Be.Ho Da, Lat - Attic có thể khác nhau tùy vào kỳ nghỉ của bạn (ví dụ: ngày bạn chọn, chính sách khách sạn,v.v.). Vui lòng xem giá bằng cách nhập ngày của bạn.', 'Be.Ho DaLat - Attic có những loại phòng nào?': 'Lựa chọn phòng tại Be.Ho Da, Lat - Attic bao gồm: Phòng giường đôi, Phòng 4 người', 'Tôi có thể làm gì ở Be.Ho DaLat - Attic?': 'Be.Ho Da, Lat - Attic có những hoạt động/dịch vụ sau (có thể áp dụng phí):', 'Be.Ho DaLat - Attic có giờ nhận và trả phòng như thế nào?': 'Be.Ho Da, Lat - Attic có giờ nhận phòng từ 14:00 và giờ trả phòng trước 12:00.', 'Be.Ho DaLat - Attic cách trung tâm Đà Lạt bao xa?': 'Be.Ho Da, Lat - Attic cách trung tâm Đà Lạt 1,4 km.\nTất cả khoảng cách được đo theo đường thẳng. Khoảng cách di chuyển thực sự có thể khác.'}"
https://www.booking.com/hotel/vn/tho-non-garden-cloudy-ocean-view.vi.html,"{'THỎ NON GARDEN CLOUDY OCEAN VIEW có những loại phòng nào?': 'Lựa chọn phòng tại T, HỎ N, O, N G, A, R, D, E, N C, L, O, U, D, Y O, C, E, A, N V, I, E, W bao gồm: Phòng giường đôi', 'THỎ NON GARDEN CLOUDY OCEAN VIEW có giờ nhận và trả phòng như thế nào?': 'T, HỎ N, O, N G, A, R, D, E, N C, L, O, U, D, Y O, C, E, A, N V, I, E, W có giờ nhận phòng từ 14:00 và giờ trả phòng trước 11:00.', 'Chi phí nghỉ tại THỎ NON GARDEN CLOUDY OCEAN VIEW là bao nhiêu?': 'Giá tại T, HỎ N, O, N G, A, R, D, E, N C, L, O, U, D, Y O, C, E, A, N V, I, E, W có thể khác nhau tùy vào kỳ nghỉ của bạn (ví dụ: ngày bạn chọn, chính sách khách sạn,v.v.). Vui lòng xem giá bằng cách nhập ngày của bạn.', 'Tôi có thể làm gì ở THỎ NON GARDEN CLOUDY OCEAN VIEW?': 'T, HỎ N, O, N G, A, R, D, E, N C, L, O, U, D, Y O, C, E, A, N V, I, E, W có những hoạt động/dịch vụ sau (có thể áp dụng phí):', 'THỎ NON GARDEN CLOUDY OCEAN VIEW cách trung tâm Blao Srê bao xa?': 'T, HỎ N, O, N G, A, R, D, E, N C, L, O, U, D, Y O, C, E, A, N V, I, E, W cách trung tâm Blao Srê 5 km.\nTất cả khoảng cách được đo theo đường thẳng. Khoảng cách di chuyển thực sự có thể khác.'}"
https://www.booking.com/hotel/vn/bruh-bruh-home-amp-coffee.vi.html,"{'Bruh Bruh Đà Lạt cách trung tâm Ấp Ða Thành bao xa?': 'Bruh Bruh Đà Lạt cách trung tâm Ấp Ða Thành 950 m.\nTất cả khoảng cách được đo theo đường thẳng. Khoảng cách di chuyển thực sự có thể khác.', 'Tôi có thể làm gì ở Bruh Bruh Đà Lạt?': 'Bruh Bruh Đà Lạt có những hoạt động/dịch vụ sau (có thể áp dụng phí):', 'Bruh Bruh Đà Lạt có giờ nhận và trả phòng như thế nào?': 'Bruh Bruh Đà Lạt có giờ nhận phòng từ 14:00 và giờ trả phòng trước 12:00.', 'Chi phí nghỉ tại Bruh Bruh Đà Lạt là bao nhiêu?': 'Giá tại Bruh Bruh Đà Lạt có thể khác nhau tùy vào kỳ nghỉ của bạn (ví dụ: ngày bạn chọn, chính sách khách sạn,v.v.). Vui lòng xem giá bằng cách nhập ngày của bạn.'}"
https://www.booking.com/hotel/vn/an-nam-dalat.vi.html,"{'Tôi có thể làm gì ở TTR An Nam Apart Hotel?': 'T, T, R An Nam Apart Hotel có những hoạt động/dịch vụ sau (có thể áp dụng phí): Đi bộ đường dài, Cho thuê xe đạp, Tour/lớp về văn hóa địa phương', 'TTR An Nam Apart Hotel cách trung tâm Đà Lạt bao xa?': 'T, T, R An Nam Apart Hotel cách trung tâm Đà Lạt 1,4 km.\nTất cả khoảng cách được đo theo đường thẳng. Khoảng cách di chuyển thực sự có thể khác.', 'TTR An Nam Apart Hotel có phổ biến với các gia đình không?': 'Có, T, T, R An Nam Apart Hotel khá phổ biến đối với khách đặt kỳ nghỉ gia đình.', 'Chi phí nghỉ tại TTR An Nam Apart Hotel là bao nhiêu?': 'Giá tại T, T, R An Nam Apart Hotel có thể khác nhau tùy vào kỳ nghỉ của bạn (ví dụ: ngày bạn chọn, chính sách khách sạn,v.v.). Vui lòng xem giá bằng cách nhập ngày của bạn.', 'TTR An Nam Apart Hotel có ban công không?': 'Có, nhiều lựa chọn tại chỗ nghỉ này có ban công. Bạn có thể tìm hiểu thêm về điều này và các tiện nghi khác tại T, T, R An Nam Apart Hotel trên trang này.', 'TTR An Nam Apart Hotel có giờ nhận và trả phòng như thế nào?': 'T, T, R An Nam Apart Hotel có giờ nhận phòng từ 14:00 và giờ trả phòng trước 12:00.', 'TTR An Nam Apart Hotel có bao nhiêu phòng ngủ?': 'T, T, R An Nam Apart Hotel có số lượng phòng ngủ như sau: 1 phòng ngủ\n\nĐể biết thêm thông tin, vui lòng kiểm tra chi tiết (các) lựa chọn chỗ nghỉ ở trang này.', 'Bao nhiêu khách có thể lưu trú tại TTR An Nam Apart Hotel?': 'T, T, R An Nam Apart Hotel có thể tiếp đón nhóm có số lượng như sau: 4 khách\n\nĐể biết thêm thông tin, vui lòng kiểm tra chi tiết (các) lựa chọn chỗ nghỉ ở trang này.'}"
https://www.booking.com/hotel/vn/doc-apartment-coffee.vi.html,"{'Dốc Garden Homestay - Apartment & Coffee có sân hiên không?': 'Có, nhiều lựa chọn tại chỗ nghỉ này có sân hiên. Bạn có thể tìm hiểu thêm về điều này và các tiện nghi khác tại Dốc Garden Homestay - Apartment & Coffee trên trang này.', 'Bao nhiêu khách có thể lưu trú tại Dốc Garden Homestay - Apartment & Coffee?': 'Dốc Garden Homestay - Apartment & Coffee có thể tiếp đón nhóm có số lượng như sau: 2 khách\n\nĐể biết thêm thông tin, vui lòng kiểm tra chi tiết (các) lựa chọn chỗ nghỉ ở trang này.', 'Dốc Garden Homestay - Apartment & Coffee cách trung tâm Đà Lạt bao xa?': 'Dốc Garden Homestay - Apartment & Coffee cách trung tâm Đà Lạt 3,7 km.\nTất cả khoảng cách được đo theo đường thẳng. Khoảng cách di chuyển thực sự có thể khác.', 'Dốc Garden Homestay - Apartment & Coffee có ban công không?': 'Có, nhiều lựa chọn tại chỗ nghỉ này có ban công. Bạn có thể tìm hiểu thêm về điều này và các tiện nghi khác tại Dốc Garden Homestay - Apartment & Coffee trên trang này.', 'Tôi có thể làm gì ở Dốc Garden Homestay - Apartment & Coffee?': 'Dốc Garden Homestay - Apartment & Coffee có những hoạt động/dịch vụ sau (có thể áp dụng phí): Trung tâm thể dục, Bồn tắm nóng/bể sục (Jacuzzi)Xe đạp, Đi bộ đường dài, Sân chơi trẻ em, Phòng chơi game, Sân gôn (trong vòng 3km)Phòng tắm nắng, Giải trí buổi tối, Thiết bị dành cho cầu lông, Tour đi xe đạp, Nhân viên Giải trí, Tour đi bộ, Phòng tắm không gian mở', 'Dốc Garden Homestay - Apartment & Coffee có bao nhiêu phòng ngủ?': 'Dốc Garden Homestay - Apartment & Coffee có số lượng phòng ngủ như sau: 1 phòng ngủ\n\nĐể biết thêm thông tin, vui lòng kiểm tra chi tiết (các) lựa chọn chỗ nghỉ ở trang này.', 'Dốc Garden Homestay - Apartment & Coffee có phục vụ dạng bữa sáng nào?': 'Khách lưu trú tại Dốc Garden Homestay - Apartment & Coffee có thể tận hưởng bữa sáng được đánh giá cao trong kỳ nghỉ của họ (điểm đánh giá của khách: 10.0)\n\nLựa chọn bữa sáng bao gồm: Tự chọn', 'Chi phí nghỉ tại Dốc Garden Homestay - Apartment & Coffee là bao nhiêu?': 'Giá tại Dốc Garden Homestay - Apartment & Coffee có thể khác nhau tùy vào kỳ nghỉ của bạn (ví dụ: ngày bạn chọn, chính sách khách sạn,v.v.). Vui lòng xem giá bằng cách nhập ngày của bạn.', 'Dốc Garden Homestay - Apartment & Coffee có bể sục cho khách không?': 'Chỗ nghỉ có bể sục. Bạn có thể tìm hiểu thêm về điều này và các tiện nghi khác tại Dốc Garden Homestay - Apartment & Coffee trên trang này.', 'Dốc Garden Homestay - Apartment & Coffee có phổ biến với các gia đình không?': 'Có, Dốc Garden Homestay - Apartment & Coffee khá phổ biến đối với khách đặt kỳ nghỉ gia đình.', 'Dốc Garden Homestay - Apartment & Coffee có giờ nhận và trả phòng như thế nào?': 'Dốc Garden Homestay - Apartment & Coffee có giờ nhận phòng từ 14:00 và giờ trả phòng trước 11:00.'}"
https://www.booking.com/hotel/vn/sandals.vi.html,"{'Sandals Hotel có phổ biến với các gia đình không?': 'Có, Sandals Hotel khá phổ biến đối với khách đặt kỳ nghỉ gia đình.', 'Sandals Hotel có những loại phòng nào?': 'Lựa chọn phòng tại Sandals Hotel bao gồm: Phòng giường đôi, Suite, Phòng 3 người, Phòng 2 giường đơn ', 'Chi phí nghỉ tại Sandals Hotel là bao nhiêu?': 'Giá tại Sandals Hotel có thể khác nhau tùy vào kỳ nghỉ của bạn (ví dụ: ngày bạn chọn, chính sách khách sạn,v.v.). Vui lòng xem giá bằng cách nhập ngày của bạn.', 'Sandals Hotel có giờ nhận và trả phòng như thế nào?': 'Sandals Hotel có giờ nhận phòng từ 14:00 và giờ trả phòng trước 12:00.', 'Sandals Hotel cách trung tâm Bảo Lộc bao xa?': 'Sandals Hotel cách trung tâm Bảo Lộc 1,1 km.\nTất cả khoảng cách được đo theo đường thẳng. Khoảng cách di chuyển thực sự có thể khác.', 'Tôi có thể làm gì ở Sandals Hotel?': 'Sandals Hotel có những hoạt động/dịch vụ sau (có thể áp dụng phí):'}"
https://www.booking.com/hotel/vn/nha-tam-giac-homestay-thanh-pho-da-lat1.vi.html,"{'Chi phí nghỉ tại Nhà Tam Giác Homestay là bao nhiêu?': 'Giá tại Nhà Tam Giác Homestay có thể khác nhau tùy vào kỳ nghỉ của bạn (ví dụ: ngày bạn chọn, chính sách khách sạn,v.v.). Vui lòng xem giá bằng cách nhập ngày của bạn.', 'Nhà Tam Giác Homestay cách trung tâm Đà Lạt bao xa?': 'Nhà Tam Giác Homestay cách trung tâm Đà Lạt 2,5 km.\nTất cả khoảng cách được đo theo đường thẳng. Khoảng cách di chuyển thực sự có thể khác.', 'Nhà Tam Giác Homestay có giờ nhận và trả phòng như thế nào?': 'Nhà Tam Giác Homestay có giờ nhận phòng từ 12:00 và giờ trả phòng trước 12:00.', 'Tôi có thể làm gì ở Nhà Tam Giác Homestay?': 'Nhà Tam Giác Homestay có những hoạt động/dịch vụ sau (có thể áp dụng phí):'}"
https://www.booking.com/hotel/vn/khach-san-lilac-da-lat.vi.html,"{'Khách sạn LiLac Hotel Đà Lạt có giờ nhận và trả phòng như thế nào?': 'Khách sạn Li, Lac Hotel Đà Lạt có giờ nhận phòng từ 14:00 và giờ trả phòng trước 00:00.', 'Khách sạn LiLac Hotel Đà Lạt cách trung tâm Đà Lạt bao xa?': 'Khách sạn Li, Lac Hotel Đà Lạt cách trung tâm Đà Lạt 2,2 km.\nTất cả khoảng cách được đo theo đường thẳng. Khoảng cách di chuyển thực sự có thể khác.', 'Chi phí nghỉ tại Khách sạn LiLac Hotel Đà Lạt là bao nhiêu?': 'Giá tại Khách sạn Li, Lac Hotel Đà Lạt có thể khác nhau tùy vào kỳ nghỉ của bạn (ví dụ: ngày bạn chọn, chính sách khách sạn,v.v.). Vui lòng xem giá bằng cách nhập ngày của bạn.', 'Khách sạn LiLac Hotel Đà Lạt có những loại phòng nào?': 'Lựa chọn phòng tại Khách sạn Li, Lac Hotel Đà Lạt bao gồm: Phòng 2 giường đơn Phòng giường đôi, Phòng gia đình, Phòng 4 người', 'Tôi có thể làm gì ở Khách sạn LiLac Hotel Đà Lạt?': 'Khách sạn Li, Lac Hotel Đà Lạt có những hoạt động/dịch vụ sau (có thể áp dụng phí): Cho thuê xe đạp'}"
https://www.booking.com/hotel/vn/scent-bungalow-village.vi.html,"{'Scent Bungalow - Village cách trung tâm Đà Lạt bao xa?': 'Scent Bungalow - Village cách trung tâm Đà Lạt 5 km.\nTất cả khoảng cách được đo theo đường thẳng. Khoảng cách di chuyển thực sự có thể khác.', 'Scent Bungalow - Village có phổ biến với các gia đình không?': 'Có, Scent Bungalow - Village khá phổ biến đối với khách đặt kỳ nghỉ gia đình.', 'Scent Bungalow - Village có ban công không?': 'Có, nhiều lựa chọn tại chỗ nghỉ này có ban công. Bạn có thể tìm hiểu thêm về điều này và các tiện nghi khác tại Scent Bungalow - Village trên trang này.', 'Scent Bungalow - Village có sân hiên không?': 'Có, nhiều lựa chọn tại chỗ nghỉ này có sân hiên. Bạn có thể tìm hiểu thêm về điều này và các tiện nghi khác tại Scent Bungalow - Village trên trang này.', 'Scent Bungalow - Village có giờ nhận và trả phòng như thế nào?': 'Scent Bungalow - Village có giờ nhận phòng từ 14:00 và giờ trả phòng trước 11:00.', 'Chi phí nghỉ tại Scent Bungalow - Village là bao nhiêu?': 'Giá tại Scent Bungalow - Village có thể khác nhau tùy vào kỳ nghỉ của bạn (ví dụ: ngày bạn chọn, chính sách khách sạn,v.v.). Vui lòng xem giá bằng cách nhập ngày của bạn.', 'Scent Bungalow - Village có bao nhiêu phòng ngủ?': 'Scent Bungalow - Village có số lượng phòng ngủ như sau: 1 phòng ngủ\n\nĐể biết thêm thông tin, vui lòng kiểm tra chi tiết (các) lựa chọn chỗ nghỉ ở trang này.', 'Tôi có thể làm gì ở Scent Bungalow - Village?': 'Scent Bungalow - Village có những hoạt động/dịch vụ sau (có thể áp dụng phí):', 'Bao nhiêu khách có thể lưu trú tại Scent Bungalow - Village?': 'Scent Bungalow - Village có thể tiếp đón nhóm có số lượng như sau: 4 khách\n\nĐể biết thêm thông tin, vui lòng kiểm tra chi tiết (các) lựa chọn chỗ nghỉ ở trang này.'}"
https://www.booking.com/hotel/vn/tuyet-hoa-hon-bo-bungalow-thanh-pho-da-lat.vi.html,"{'Tuyết Hoa Hòn Bồ Homestay có ban công không?': 'Có, nhiều lựa chọn tại chỗ nghỉ này có ban công. Bạn có thể tìm hiểu thêm về điều này và các tiện nghi khác tại Tuyết Hoa Hòn Bồ Homestay trên trang này.', 'Tuyết Hoa Hòn Bồ Homestay cách trung tâm Đà Lạt bao xa?': 'Tuyết Hoa Hòn Bồ Homestay cách trung tâm Đà Lạt 6 km.\nTất cả khoảng cách được đo theo đường thẳng. Khoảng cách di chuyển thực sự có thể khác.', 'Tuyết Hoa Hòn Bồ Homestay có sân hiên không?': 'Có, nhiều lựa chọn tại chỗ nghỉ này có sân hiên. Bạn có thể tìm hiểu thêm về điều này và các tiện nghi khác tại Tuyết Hoa Hòn Bồ Homestay trên trang này.', 'Tuyết Hoa Hòn Bồ Homestay có phổ biến với các gia đình không?': 'Có, Tuyết Hoa Hòn Bồ Homestay khá phổ biến đối với khách đặt kỳ nghỉ gia đình.', 'Tuyết Hoa Hòn Bồ Homestay có bao nhiêu phòng ngủ?': 'Tuyết Hoa Hòn Bồ Homestay có số lượng phòng ngủ như sau: 1 phòng ngủ\n\nĐể biết thêm thông tin, vui lòng kiểm tra chi tiết (các) lựa chọn chỗ nghỉ ở trang này.', 'Bao nhiêu khách có thể lưu trú tại Tuyết Hoa Hòn Bồ Homestay?': 'Tuyết Hoa Hòn Bồ Homestay có thể tiếp đón nhóm có số lượng như sau: 2 khách\n\nĐể biết thêm thông tin, vui lòng kiểm tra chi tiết (các) lựa chọn chỗ nghỉ ở trang này.', 'Tuyết Hoa Hòn Bồ Homestay có giờ nhận và trả phòng như thế nào?': 'Tuyết Hoa Hòn Bồ Homestay có giờ nhận phòng từ 14:00 và giờ trả phòng trước 12:00.', 'Tuyết Hoa Hòn Bồ Homestay có nhà hàng trong khuôn viên không?': 'Tuyết Hoa Hòn Bồ Homestay có 1 nhà hàng: Restaurant #1', 'Tôi có thể làm gì ở Tuyết Hoa Hòn Bồ Homestay?': 'Tuyết Hoa Hòn Bồ Homestay có những hoạt động/dịch vụ sau (có thể áp dụng phí): Karaoke, Khu vực thư giãn/spa lounge, Tour đi xe đạp, Giờ vàng, Tour đi bộ, Tour/lớp về văn hóa địa phương, Bữa tối theo chủ đề', 'Chi phí nghỉ tại Tuyết Hoa Hòn Bồ Homestay là bao nhiêu?': 'Giá tại Tuyết Hoa Hòn Bồ Homestay có thể khác nhau tùy vào kỳ nghỉ của bạn (ví dụ: ngày bạn chọn, chính sách khách sạn,v.v.). Vui lòng xem giá bằng cách nhập ngày của bạn.'}"
https://www.booking.com/hotel/vn/quan-tro-nhien-house-cau-dat.vi.html,"{'Tôi có thể làm gì ở Quán trọ Nhiên House Cầu Đất?': 'Quán trọ Nhiên House Cầu Đất có những hoạt động/dịch vụ sau (có thể áp dụng phí):', 'Quán trọ Nhiên House Cầu Đất cách trung tâm Xuân Trường bao xa?': 'Quán trọ Nhiên House Cầu Đất cách trung tâm Xuân Trường 700 m.\nTất cả khoảng cách được đo theo đường thẳng. Khoảng cách di chuyển thực sự có thể khác.', 'Quán trọ Nhiên House Cầu Đất có giờ nhận và trả phòng như thế nào?': 'Quán trọ Nhiên House Cầu Đất có giờ nhận phòng từ 15:00 và giờ trả phòng trước 11:00.', 'Quán trọ Nhiên House Cầu Đất có những loại phòng nào?': 'Lựa chọn phòng tại Quán trọ Nhiên House Cầu Đất bao gồm: Phòng giường đôi', 'Chi phí nghỉ tại Quán trọ Nhiên House Cầu Đất là bao nhiêu?': 'Giá tại Quán trọ Nhiên House Cầu Đất có thể khác nhau tùy vào kỳ nghỉ của bạn (ví dụ: ngày bạn chọn, chính sách khách sạn,v.v.). Vui lòng xem giá bằng cách nhập ngày của bạn.'}"
https://www.booking.com/hotel/vn/ngoc-sang-1.vi.html,"{'Ngọc Sang 1 Hotel có phổ biến với các gia đình không?': 'Có, Ngọc Sang 1 Hotel khá phổ biến đối với khách đặt kỳ nghỉ gia đình.', 'Ngọc Sang 1 Hotel có giờ nhận và trả phòng như thế nào?': 'Ngọc Sang 1 Hotel có giờ nhận phòng từ 14:00 và giờ trả phòng trước 12:00.', 'Chi phí nghỉ tại Ngọc Sang 1 Hotel là bao nhiêu?': 'Giá tại Ngọc Sang 1 Hotel có thể khác nhau tùy vào kỳ nghỉ của bạn (ví dụ: ngày bạn chọn, chính sách khách sạn,v.v.). Vui lòng xem giá bằng cách nhập ngày của bạn.', 'Ngọc Sang 1 Hotel cách trung tâm Đà Lạt bao xa?': 'Ngọc Sang 1 Hotel cách trung tâm Đà Lạt 250 m.\nTất cả khoảng cách được đo theo đường thẳng. Khoảng cách di chuyển thực sự có thể khác.', 'Tôi có thể làm gì ở Ngọc Sang 1 Hotel?': 'Ngọc Sang 1 Hotel có những hoạt động/dịch vụ sau (có thể áp dụng phí):', 'Ngọc Sang 1 Hotel có những loại phòng nào?': 'Lựa chọn phòng tại Ngọc Sang 1 Hotel bao gồm: Phòng giường đôi, Phòng 4 người'}"
https://www.booking.com/hotel/vn/d-amp-t-villa.vi.html,"{'Mây Trắng Villa có phổ biến với các gia đình không?': 'Có, Mây Trắng Villa khá phổ biến đối với khách đặt kỳ nghỉ gia đình.', 'Chi phí nghỉ tại Mây Trắng Villa là bao nhiêu?': 'Giá tại Mây Trắng Villa có thể khác nhau tùy vào kỳ nghỉ của bạn (ví dụ: ngày bạn chọn, chính sách khách sạn,v.v.). Vui lòng xem giá bằng cách nhập ngày của bạn.', 'Mây Trắng Villa cách trung tâm Đà Lạt bao xa?': 'Mây Trắng Villa cách trung tâm Đà Lạt 2,1 km.\nTất cả khoảng cách được đo theo đường thẳng. Khoảng cách di chuyển thực sự có thể khác.', 'Mây Trắng Villa có giờ nhận và trả phòng như thế nào?': 'Mây Trắng Villa có giờ nhận phòng từ 14:00 và giờ trả phòng trước 12:00.', 'Mây Trắng Villa có nhà hàng trong khuôn viên không?': 'Mây Trắng Villa có 1 nhà hàng: Nhà hàng Chay Dalat', 'Mây Trắng Villa có những loại phòng nào?': 'Lựa chọn phòng tại Mây Trắng Villa bao gồm: Phòng gia đình, Phòng giường đôi, Phòng 3 người, Phòng 4 người', 'Tôi có thể làm gì ở Mây Trắng Villa?': 'Mây Trắng Villa có những hoạt động/dịch vụ sau (có thể áp dụng phí): Xe đạp, Sân gôn (trong vòng 3km)Tour đi xe đạp, Cưỡi ngựa, Tour đi bộ, Bữa tối theo chủ đề'}"
https://www.booking.com/hotel/vn/tuyet-mai-dalat.vi.html,"{'Tôi có thể làm gì ở Tuyet Mai Hotel?': 'Tuyet Mai Hotel có những hoạt động/dịch vụ sau (có thể áp dụng phí):', 'Chi phí nghỉ tại Tuyet Mai Hotel là bao nhiêu?': 'Giá tại Tuyet Mai Hotel có thể khác nhau tùy vào kỳ nghỉ của bạn (ví dụ: ngày bạn chọn, chính sách khách sạn,v.v.). Vui lòng xem giá bằng cách nhập ngày của bạn.', 'Tuyet Mai Hotel có giờ nhận và trả phòng như thế nào?': 'Tuyet Mai Hotel có giờ nhận phòng từ 14:00 và giờ trả phòng trước 12:00.', 'Tuyet Mai Hotel có những loại phòng nào?': 'Lựa chọn phòng tại Tuyet Mai Hotel bao gồm: Phòng 4 người, Phòng giường đôi, Phòng gia đình', 'Tuyet Mai Hotel cách trung tâm Đà Lạt bao xa?': 'Tuyet Mai Hotel cách trung tâm Đà Lạt 250 m.\nTất cả khoảng cách được đo theo đường thẳng. Khoảng cách di chuyển thực sự có thể khác.'}"
https://www.booking.com/hotel/vn/duy-thanh.vi.html,"{'Tôi có thể làm gì ở Duy Thanh hotel?': 'Duy Thanh hotel có những hoạt động/dịch vụ sau (có thể áp dụng phí): Massage, Karaoke, Mát-xa đầu, Mát-xa chân, Mát-xa toàn thân, Mát-xa lưng, Mát-xa tay, Mát-xa dành cho cặp đôi, Vũ trường/D, J, Mát-xa cổ', 'Duy Thanh hotel cách trung tâm Ấp Ða Thiên bao xa?': 'Duy Thanh hotel cách trung tâm Ấp Ða Thiên 1,1 km.\nTất cả khoảng cách được đo theo đường thẳng. Khoảng cách di chuyển thực sự có thể khác.', 'Duy Thanh hotel có giờ nhận và trả phòng như thế nào?': 'Duy Thanh hotel có giờ nhận phòng từ 12:00 và giờ trả phòng trước 10:00.', 'Chi phí nghỉ tại Duy Thanh hotel là bao nhiêu?': 'Giá tại Duy Thanh hotel có thể khác nhau tùy vào kỳ nghỉ của bạn (ví dụ: ngày bạn chọn, chính sách khách sạn,v.v.). Vui lòng xem giá bằng cách nhập ngày của bạn.', 'Duy Thanh hotel có những loại phòng nào?': 'Lựa chọn phòng tại Duy Thanh hotel bao gồm: Phòng 4 người, Phòng giường đôi, Phòng gia đình'}"
https://www.booking.com/hotel/vn/charlie-mansion-dalat.vi.html,"{'Tôi có thể làm gì ở Charlie Mansion Dalat?': 'Charlie Mansion Dalat có những hoạt động/dịch vụ sau (có thể áp dụng phí): Cho thuê xe đạp', 'Chi phí nghỉ tại Charlie Mansion Dalat là bao nhiêu?': 'Giá tại Charlie Mansion Dalat có thể khác nhau tùy vào kỳ nghỉ của bạn (ví dụ: ngày bạn chọn, chính sách khách sạn,v.v.). Vui lòng xem giá bằng cách nhập ngày của bạn.', 'Charlie Mansion Dalat cách trung tâm Đà Lạt bao xa?': 'Charlie Mansion Dalat cách trung tâm Đà Lạt 1,6 km.\nTất cả khoảng cách được đo theo đường thẳng. Khoảng cách di chuyển thực sự có thể khác.', 'Charlie Mansion Dalat có những loại phòng nào?': 'Lựa chọn phòng tại Charlie Mansion Dalat bao gồm: Phòng giường đôi, Phòng 4 người, Phòng gia đình, Căn hộ', 'Charlie Mansion Dalat có giờ nhận và trả phòng như thế nào?': 'Charlie Mansion Dalat có giờ nhận phòng từ 14:00 và giờ trả phòng trước 11:00.', 'Charlie Mansion Dalat có phổ biến với các gia đình không?': 'Có, Charlie Mansion Dalat khá phổ biến đối với khách đặt kỳ nghỉ gia đình.'}"
https://www.booking.com/hotel/vn/an-homestay-di-linh1.vi.html,"{'An Homestay cách trung tâm Di Linh bao xa?': 'An Homestay cách trung tâm Di Linh 2,4 km.\nTất cả khoảng cách được đo theo đường thẳng. Khoảng cách di chuyển thực sự có thể khác.', 'Tôi có thể làm gì ở An Homestay?': 'An Homestay có những hoạt động/dịch vụ sau (có thể áp dụng phí): Trung tâm Spa & chăm sóc sức khoẻBóng bàn, Phòng tắm chung', 'An Homestay có giờ nhận và trả phòng như thế nào?': 'An Homestay có giờ nhận phòng từ 05:00 và giờ trả phòng trước 23:30.', 'An Homestay có phổ biến với các gia đình không?': 'Có, An Homestay khá phổ biến đối với khách đặt kỳ nghỉ gia đình.', 'An Homestay có nhà hàng trong khuôn viên không?': 'An Homestay có 1 nhà hàng: Nhà hàng #1', 'Chi phí nghỉ tại An Homestay là bao nhiêu?': 'Giá tại An Homestay có thể khác nhau tùy vào kỳ nghỉ của bạn (ví dụ: ngày bạn chọn, chính sách khách sạn,v.v.). Vui lòng xem giá bằng cách nhập ngày của bạn.', 'An Homestay có những loại phòng nào?': 'Lựa chọn phòng tại An Homestay bao gồm: Phòng gia đình, Phòng giường đôi'}"
https://www.booking.com/hotel/vn/phong-don-2-nguoi.vi.html,"{'Tôi có thể làm gì ở Paradise House Đà Lạt?': 'Paradise House Đà Lạt có những hoạt động/dịch vụ sau (có thể áp dụng phí): Sân gôn (trong vòng 3km)', 'Paradise House Đà Lạt có giờ nhận và trả phòng như thế nào?': 'Paradise House Đà Lạt có giờ nhận phòng từ 14:00 và giờ trả phòng trước 12:00.', 'Paradise House Đà Lạt cách trung tâm Đà Lạt bao xa?': 'Paradise House Đà Lạt cách trung tâm Đà Lạt 2,2 km.\nTất cả khoảng cách được đo theo đường thẳng. Khoảng cách di chuyển thực sự có thể khác.', 'Chi phí nghỉ tại Paradise House Đà Lạt là bao nhiêu?': 'Giá tại Paradise House Đà Lạt có thể khác nhau tùy vào kỳ nghỉ của bạn (ví dụ: ngày bạn chọn, chính sách khách sạn,v.v.). Vui lòng xem giá bằng cách nhập ngày của bạn.'}"
https://www.booking.com/hotel/vn/1994-house.vi.html,"{'Tôi có thể làm gì ở 1994 House?': '1994 House có những hoạt động/dịch vụ sau (có thể áp dụng phí): Cho thuê xe đạp', 'Chi phí nghỉ tại 1994 House là bao nhiêu?': 'Giá tại 1994 House có thể khác nhau tùy vào kỳ nghỉ của bạn (ví dụ: ngày bạn chọn, chính sách khách sạn,v.v.). Vui lòng xem giá bằng cách nhập ngày của bạn.', '1994 House có giờ nhận và trả phòng như thế nào?': '1994 House có giờ nhận phòng từ 14:00 và giờ trả phòng trước 12:00.', '1994 House cách trung tâm Ấp Ða Thành bao xa?': '1994 House cách trung tâm Ấp Ða Thành 3,5 km.\nTất cả khoảng cách được đo theo đường thẳng. Khoảng cách di chuyển thực sự có thể khác.'}"
https://www.booking.com/hotel/vn/trieu-hao.vi.html,"{'Triều Hảo có giờ nhận và trả phòng như thế nào?': 'Triều Hảo có giờ nhận phòng từ 12:00 và giờ trả phòng trước 11:00.', 'Tôi có thể làm gì ở Triều Hảo?': 'Triều Hảo có những hoạt động/dịch vụ sau (có thể áp dụng phí):', 'Chi phí nghỉ tại Triều Hảo là bao nhiêu?': 'Giá tại Triều Hảo có thể khác nhau tùy vào kỳ nghỉ của bạn (ví dụ: ngày bạn chọn, chính sách khách sạn,v.v.). Vui lòng xem giá bằng cách nhập ngày của bạn.', 'Triều Hảo có những loại phòng nào?': 'Lựa chọn phòng tại Triều Hảo bao gồm: Phòng giường đôi, Phòng 4 người, Phòng gia đình', 'Triều Hảo cách trung tâm Đà Lạt bao xa?': 'Triều Hảo cách trung tâm Đà Lạt 300 m.\nTất cả khoảng cách được đo theo đường thẳng. Khoảng cách di chuyển thực sự có thể khác.'}"
https://www.booking.com/hotel/vn/lat-valley-village-thanh-pho-da-lat.vi.html,"{'Chi phí nghỉ tại Lat Valley Retreat Village là bao nhiêu?': 'Giá tại Lat Valley Retreat Village có thể khác nhau tùy vào kỳ nghỉ của bạn (ví dụ: ngày bạn chọn, chính sách khách sạn,v.v.). Vui lòng xem giá bằng cách nhập ngày của bạn.', 'Lat Valley Retreat Village có ban công không?': 'Có, nhiều lựa chọn tại chỗ nghỉ này có ban công. Bạn có thể tìm hiểu thêm về điều này và các tiện nghi khác tại Lat Valley Retreat Village trên trang này.', 'Tôi có thể làm gì ở Lat Valley Retreat Village?': 'Lat Valley Retreat Village có những hoạt động/dịch vụ sau (có thể áp dụng phí): Trung tâm Spa & chăm sóc sức khoẻMassage, Đi bộ đường dài, Sân chơi trẻ em, Câu cáKaraoke, Phi tiêu, Giải trí buổi tối, Khu vực thư giãn/spa lounge, Bữa tối theo chủ đề, Mát-xa dành cho cặp đôi, Tiện Nghi Spa, Mát-xa cổ, Phòng gửi đồ ở spa/gym, Ghế mát-xa, Giờ vàng, Gói spa/chăm sóc sức khỏe, Tour đi bộ, Mát-xa tay, Lớp dạy nấu ăn, Mát-xa chân, Mát-xa đầu, Dịch vụ ngâm chân, Mát-xa toàn thân, Mát-xa lưng', 'Bao nhiêu khách có thể lưu trú tại Lat Valley Retreat Village?': 'Bạn có thể chọn từ nhiều lựa chọn chỗ nghỉ tại Lat Valley Retreat Village (tùy vào tình trạng có sẵn). Những chỗ này có thể tiếp đón: 2 khách3 khách5 khách6 khách8 khách\n\nĐể biết thêm thông tin, vui lòng kiểm tra chi tiết (các) lựa chọn chỗ nghỉ ở trang này.', 'Lat Valley Retreat Village có nhà hàng trong khuôn viên không?': 'Lat Valley Retreat Village có 1 nhà hàng: Nhà hàng #1', 'Lat Valley Retreat Village có bao nhiêu phòng ngủ?': 'Bạn có thể chọn từ nhiều lựa chọn chỗ nghỉ tại Lat Valley Retreat Village (tùy vào tình trạng có sẵn). Những chỗ này có: 1 phòng ngủ2 phòng ngủ3 phòng ngủ\n\nĐể biết thêm thông tin, vui lòng kiểm tra chi tiết (các) lựa chọn chỗ nghỉ ở trang này.', 'Lat Valley Retreat Village có giờ nhận và trả phòng như thế nào?': 'Lat Valley Retreat Village có giờ nhận phòng từ 14:00 và giờ trả phòng trước 12:00.', 'Lat Valley Retreat Village có sân hiên không?': 'Có, nhiều lựa chọn tại chỗ nghỉ này có sân hiên. Bạn có thể tìm hiểu thêm về điều này và các tiện nghi khác tại Lat Valley Retreat Village trên trang này.', 'Lat Valley Retreat Village cách trung tâm Dankia bao xa?': 'Lat Valley Retreat Village cách trung tâm Dankia 3 km.\nTất cả khoảng cách được đo theo đường thẳng. Khoảng cách di chuyển thực sự có thể khác.'}"
https://www.booking.com/hotel/vn/lyrastay-thanh-pho-da-lat.vi.html,"{'Tôi có thể làm gì ở Lyrastay?': 'Lyrastay có những hoạt động/dịch vụ sau (có thể áp dụng phí): Xe đạp, Đi bộ đường dài, Sân tennis, Câu cáGiải trí buổi tối, Cưỡi ngựa, Tour đi bộ, Bữa tối theo chủ đề, Đêm phim, Cho thuê xe đạp, Tour đi xe đạp', 'Lyrastay có giờ nhận và trả phòng như thế nào?': 'Lyrastay có giờ nhận phòng từ 14:00 và giờ trả phòng trước 12:00.', 'Lyrastay cách trung tâm Đà Lạt bao xa?': 'Lyrastay cách trung tâm Đà Lạt 750 m.\nTất cả khoảng cách được đo theo đường thẳng. Khoảng cách di chuyển thực sự có thể khác.', 'Chi phí nghỉ tại Lyrastay là bao nhiêu?': 'Giá tại Lyrastay có thể khác nhau tùy vào kỳ nghỉ của bạn (ví dụ: ngày bạn chọn, chính sách khách sạn,v.v.). Vui lòng xem giá bằng cách nhập ngày của bạn.'}"
https://www.booking.com/hotel/vn/kymi-villa-da-lat-noi-tinh-yeu-bat-dau.vi.html,"{'Kymi villa Đà Lạt - nơi tình yêu bắt đầu có giờ nhận và trả phòng như thế nào?': 'Kymi villa Đà Lạt - nơi tình yêu bắt đầu có giờ nhận phòng từ 13:00 và giờ trả phòng trước 12:00.', 'Tôi có thể làm gì ở Kymi villa Đà Lạt - nơi tình yêu bắt đầu?': 'Kymi villa Đà Lạt - nơi tình yêu bắt đầu có những hoạt động/dịch vụ sau (có thể áp dụng phí):', 'Kymi villa Đà Lạt - nơi tình yêu bắt đầu cách trung tâm Đà Lạt bao xa?': 'Kymi villa Đà Lạt - nơi tình yêu bắt đầu cách trung tâm Đà Lạt 2,6 km.\nTất cả khoảng cách được đo theo đường thẳng. Khoảng cách di chuyển thực sự có thể khác.', 'Kymi villa Đà Lạt - nơi tình yêu bắt đầu có phổ biến với các gia đình không?': 'Có, Kymi villa Đà Lạt - nơi tình yêu bắt đầu khá phổ biến đối với khách đặt kỳ nghỉ gia đình.', 'Chi phí nghỉ tại Kymi villa Đà Lạt - nơi tình yêu bắt đầu là bao nhiêu?': 'Giá tại Kymi villa Đà Lạt - nơi tình yêu bắt đầu có thể khác nhau tùy vào kỳ nghỉ của bạn (ví dụ: ngày bạn chọn, chính sách khách sạn,v.v.). Vui lòng xem giá bằng cách nhập ngày của bạn.', 'Kymi villa Đà Lạt - nơi tình yêu bắt đầu có những loại phòng nào?': 'Lựa chọn phòng tại Kymi villa Đà Lạt - nơi tình yêu bắt đầu bao gồm: Phòng giường đôi, Phòng gia đình'}"
https://www.booking.com/hotel/vn/the-mist-boutique-dalat.vi.html,"{'The Mist Boutique DaLat Hotel cách trung tâm Đà Lạt bao xa?': 'The Mist Boutique Da, Lat Hotel cách trung tâm Đà Lạt 2 km.\nTất cả khoảng cách được đo theo đường thẳng. Khoảng cách di chuyển thực sự có thể khác.', 'Chi phí nghỉ tại The Mist Boutique DaLat Hotel là bao nhiêu?': 'Giá tại The Mist Boutique Da, Lat Hotel có thể khác nhau tùy vào kỳ nghỉ của bạn (ví dụ: ngày bạn chọn, chính sách khách sạn,v.v.). Vui lòng xem giá bằng cách nhập ngày của bạn.', 'Tôi có thể làm gì ở The Mist Boutique DaLat Hotel?': 'The Mist Boutique Da, Lat Hotel có những hoạt động/dịch vụ sau (có thể áp dụng phí):', 'The Mist Boutique DaLat Hotel có giờ nhận và trả phòng như thế nào?': 'The Mist Boutique Da, Lat Hotel có giờ nhận phòng từ 14:00 và giờ trả phòng trước 12:00.', 'The Mist Boutique DaLat Hotel có nhà hàng trong khuôn viên không?': 'The Mist Boutique Da, Lat Hotel có 1 nhà hàng: Nhà hàng #1', 'The Mist Boutique DaLat Hotel có những loại phòng nào?': 'Lựa chọn phòng tại The Mist Boutique Da, Lat Hotel bao gồm: Phòng giường đôi, Phòng 3 người, Suite'}"
https://www.booking.com/hotel/vn/cham-homestay-da-lat-thanh-pho-da-lat.vi.html,"{'Chậm Homestay Đà Lạt có giờ nhận và trả phòng như thế nào?': 'Chậm Homestay Đà Lạt có giờ nhận phòng từ 14:00 và giờ trả phòng trước 12:00.', 'Chi phí nghỉ tại Chậm Homestay Đà Lạt là bao nhiêu?': 'Giá tại Chậm Homestay Đà Lạt có thể khác nhau tùy vào kỳ nghỉ của bạn (ví dụ: ngày bạn chọn, chính sách khách sạn,v.v.). Vui lòng xem giá bằng cách nhập ngày của bạn.', 'Chậm Homestay Đà Lạt có những loại phòng nào?': 'Lựa chọn phòng tại Chậm Homestay Đà Lạt bao gồm: Phòng 4 người, Phòng giường đôi, Giường trong phòng tập thể', 'Chậm Homestay Đà Lạt có phổ biến với các gia đình không?': 'Có, Chậm Homestay Đà Lạt khá phổ biến đối với khách đặt kỳ nghỉ gia đình.', 'Tôi có thể làm gì ở Chậm Homestay Đà Lạt?': 'Chậm Homestay Đà Lạt có những hoạt động/dịch vụ sau (có thể áp dụng phí):', 'Chậm Homestay Đà Lạt cách trung tâm Đà Lạt bao xa?': 'Chậm Homestay Đà Lạt cách trung tâm Đà Lạt 3,1 km.\nTất cả khoảng cách được đo theo đường thẳng. Khoảng cách di chuyển thực sự có thể khác.'}"
https://www.booking.com/hotel/vn/hera-da-lat.vi.html,"{'Hera Hotel Đà Lạt có nhà hàng trong khuôn viên không?': 'Hera Hotel Đà Lạt có 1 nhà hàng: Ape rooftop', 'Hera Hotel Đà Lạt cách trung tâm Đà Lạt bao xa?': 'Hera Hotel Đà Lạt cách trung tâm Đà Lạt 850 m.\nTất cả khoảng cách được đo theo đường thẳng. Khoảng cách di chuyển thực sự có thể khác.', 'Tôi có thể làm gì ở Hera Hotel Đà Lạt?': 'Hera Hotel Đà Lạt có những hoạt động/dịch vụ sau (có thể áp dụng phí):', 'Hera Hotel Đà Lạt có những loại phòng nào?': 'Lựa chọn phòng tại Hera Hotel Đà Lạt bao gồm: Phòng giường đôi, Phòng 4 người, Phòng gia đình', 'Chi phí nghỉ tại Hera Hotel Đà Lạt là bao nhiêu?': 'Giá tại Hera Hotel Đà Lạt có thể khác nhau tùy vào kỳ nghỉ của bạn (ví dụ: ngày bạn chọn, chính sách khách sạn,v.v.). Vui lòng xem giá bằng cách nhập ngày của bạn.', 'Hera Hotel Đà Lạt có giờ nhận và trả phòng như thế nào?': 'Hera Hotel Đà Lạt có giờ nhận phòng từ 14:00 và giờ trả phòng trước 12:00.'}"
https://www.booking.com/hotel/vn/capital-o-1230-villa-nguyen-trinh.vi.html,"{'Capital O 1230 Villa Nguyen Trinh có phổ biến với các gia đình không?': 'Có, Capital O 1230 Villa Nguyen Trinh khá phổ biến đối với khách đặt kỳ nghỉ gia đình.', 'Capital O 1230 Villa Nguyen Trinh có những loại phòng nào?': 'Lựa chọn phòng tại Capital O 1230 Villa Nguyen Trinh bao gồm: Suite, Phòng giường đôi, Phòng gia đình', 'Tôi có thể làm gì ở Capital O 1230 Villa Nguyen Trinh?': 'Capital O 1230 Villa Nguyen Trinh có những hoạt động/dịch vụ sau (có thể áp dụng phí):', 'Capital O 1230 Villa Nguyen Trinh cách trung tâm Đà Lạt bao xa?': 'Capital O 1230 Villa Nguyen Trinh cách trung tâm Đà Lạt 4 km.\nTất cả khoảng cách được đo theo đường thẳng. Khoảng cách di chuyển thực sự có thể khác.', 'Chi phí nghỉ tại Capital O 1230 Villa Nguyen Trinh là bao nhiêu?': 'Giá tại Capital O 1230 Villa Nguyen Trinh có thể khác nhau tùy vào kỳ nghỉ của bạn (ví dụ: ngày bạn chọn, chính sách khách sạn,v.v.). Vui lòng xem giá bằng cách nhập ngày của bạn.', 'Capital O 1230 Villa Nguyen Trinh có giờ nhận và trả phòng như thế nào?': 'Capital O 1230 Villa Nguyen Trinh có giờ nhận phòng từ 14:00 và giờ trả phòng trước 12:00.'}"
https://www.booking.com/hotel/vn/oyo-1203-da-lat-pho.vi.html,"{'Tôi có thể làm gì ở OYO 1203 Da Lat Pho Hotel?': 'O, Y, O 1203 Da Lat Pho Hotel có những hoạt động/dịch vụ sau (có thể áp dụng phí):', 'OYO 1203 Da Lat Pho Hotel có những loại phòng nào?': 'Lựa chọn phòng tại O, Y, O 1203 Da Lat Pho Hotel bao gồm: Phòng giường đôi, Phòng gia đình', 'OYO 1203 Da Lat Pho Hotel cách trung tâm Đà Lạt bao xa?': 'O, Y, O 1203 Da Lat Pho Hotel cách trung tâm Đà Lạt 1,3 km.\nTất cả khoảng cách được đo theo đường thẳng. Khoảng cách di chuyển thực sự có thể khác.', 'Chi phí nghỉ tại OYO 1203 Da Lat Pho Hotel là bao nhiêu?': 'Giá tại O, Y, O 1203 Da Lat Pho Hotel có thể khác nhau tùy vào kỳ nghỉ của bạn (ví dụ: ngày bạn chọn, chính sách khách sạn,v.v.). Vui lòng xem giá bằng cách nhập ngày của bạn.', 'OYO 1203 Da Lat Pho Hotel có giờ nhận và trả phòng như thế nào?': 'O, Y, O 1203 Da Lat Pho Hotel có giờ nhận phòng từ 14:00 và giờ trả phòng trước 12:00.'}"
https://www.booking.com/hotel/vn/khach-san-ngoc-khanh-thanh-pho-da-lat1.vi.html,"{'Tôi có thể làm gì ở Khách Sạn Ngọc Khánh?': 'Khách Sạn Ngọc Khánh có những hoạt động/dịch vụ sau (có thể áp dụng phí): Tour/lớp về văn hóa địa phương', 'Chi phí nghỉ tại Khách Sạn Ngọc Khánh là bao nhiêu?': 'Giá tại Khách Sạn Ngọc Khánh có thể khác nhau tùy vào kỳ nghỉ của bạn (ví dụ: ngày bạn chọn, chính sách khách sạn,v.v.). Vui lòng xem giá bằng cách nhập ngày của bạn.', 'Khách Sạn Ngọc Khánh có phổ biến với các gia đình không?': 'Có, Khách Sạn Ngọc Khánh khá phổ biến đối với khách đặt kỳ nghỉ gia đình.', 'Khách Sạn Ngọc Khánh có những loại phòng nào?': 'Lựa chọn phòng tại Khách Sạn Ngọc Khánh bao gồm: Phòng giường đôi, Phòng tập thểPhòng 4 người', 'Khách Sạn Ngọc Khánh có giờ nhận và trả phòng như thế nào?': 'Khách Sạn Ngọc Khánh có giờ nhận phòng từ 14:00 và giờ trả phòng trước 12:30.', 'Khách Sạn Ngọc Khánh cách trung tâm Đà Lạt bao xa?': 'Khách Sạn Ngọc Khánh cách trung tâm Đà Lạt 250 m.\nTất cả khoảng cách được đo theo đường thẳng. Khoảng cách di chuyển thực sự có thể khác.'}"
https://www.booking.com/hotel/vn/nguyen-can-6-phong-ngu-danh-cho-6-16-khach.vi.html,"{'Đà Lạt - Nguyên căn Villa có sân hiên không?': 'Có, nhiều lựa chọn tại chỗ nghỉ này có sân hiên. Bạn có thể tìm hiểu thêm về điều này và các tiện nghi khác tại Đà Lạt - Nguyên căn Villa trên trang này.', 'Đà Lạt - Nguyên căn Villa cách trung tâm Đà Lạt bao xa?': 'Đà Lạt - Nguyên căn Villa cách trung tâm Đà Lạt 1,1 km.\nTất cả khoảng cách được đo theo đường thẳng. Khoảng cách di chuyển thực sự có thể khác.', 'Đà Lạt - Nguyên căn Villa có bao nhiêu phòng ngủ?': 'Đà Lạt - Nguyên căn Villa có số lượng phòng ngủ như sau: 6 phòng ngủ\n\nĐể biết thêm thông tin, vui lòng kiểm tra chi tiết (các) lựa chọn chỗ nghỉ ở trang này.', 'Đà Lạt - Nguyên căn Villa có ban công không?': 'Có, nhiều lựa chọn tại chỗ nghỉ này có ban công. Bạn có thể tìm hiểu thêm về điều này và các tiện nghi khác tại Đà Lạt - Nguyên căn Villa trên trang này.', 'Tôi có thể làm gì ở Đà Lạt - Nguyên căn Villa?': 'Đà Lạt - Nguyên căn Villa có những hoạt động/dịch vụ sau (có thể áp dụng phí): Xe đạp, Tour đi bộ, Cưỡi ngựa, Cho thuê xe đạp, Tour đi xe đạp, Biểu diễn/nhạc sống', 'Đà Lạt - Nguyên căn Villa có giờ nhận và trả phòng như thế nào?': 'Đà Lạt - Nguyên căn Villa có giờ nhận phòng từ 14:00 và giờ trả phòng trước 12:00.', 'Bao nhiêu khách có thể lưu trú tại Đà Lạt - Nguyên căn Villa?': 'Đà Lạt - Nguyên căn Villa có thể tiếp đón nhóm có số lượng như sau: 21 khách\n\nĐể biết thêm thông tin, vui lòng kiểm tra chi tiết (các) lựa chọn chỗ nghỉ ở trang này.', 'Đà Lạt - Nguyên căn Villa có phổ biến với các gia đình không?': 'Có, Đà Lạt - Nguyên căn Villa khá phổ biến đối với khách đặt kỳ nghỉ gia đình.', 'Chi phí nghỉ tại Đà Lạt - Nguyên căn Villa là bao nhiêu?': 'Giá tại Đà Lạt - Nguyên căn Villa có thể khác nhau tùy vào kỳ nghỉ của bạn (ví dụ: ngày bạn chọn, chính sách khách sạn,v.v.). Vui lòng xem giá bằng cách nhập ngày của bạn.'}"
https://www.booking.com/hotel/vn/oak-village-by-d-home-da-lat.vi.html,"{'Chi phí nghỉ tại Oak Village by D Home Da Lat là bao nhiêu?': 'Giá tại Oak Village by D Home Da Lat có thể khác nhau tùy vào kỳ nghỉ của bạn (ví dụ: ngày bạn chọn, chính sách khách sạn,v.v.). Vui lòng xem giá bằng cách nhập ngày của bạn.', 'Oak Village by D Home Da Lat cách trung tâm Đà Lạt bao xa?': 'Oak Village by D Home Da Lat cách trung tâm Đà Lạt 2,9 km.\nTất cả khoảng cách được đo theo đường thẳng. Khoảng cách di chuyển thực sự có thể khác.', 'Oak Village by D Home Da Lat có giờ nhận và trả phòng như thế nào?': 'Oak Village by D Home Da Lat có giờ nhận phòng từ 13:00 và giờ trả phòng trước 11:30.', 'Tôi có thể làm gì ở Oak Village by D Home Da Lat?': 'Oak Village by D Home Da Lat có những hoạt động/dịch vụ sau (có thể áp dụng phí): Tour đi bộ, Bữa tối theo chủ đề, Tour đi xe đạp, Tour/lớp về văn hóa địa phương'}"
https://www.booking.com/hotel/vn/khach-san-nam-ngoc-da-lat.vi.html,"{'Khách sạn Nam Ngọc Đà Lạt cách trung tâm Đà Lạt bao xa?': 'Khách sạn Nam Ngọc Đà Lạt cách trung tâm Đà Lạt 250 m.\nTất cả khoảng cách được đo theo đường thẳng. Khoảng cách di chuyển thực sự có thể khác.', 'Khách sạn Nam Ngọc Đà Lạt có những loại phòng nào?': 'Lựa chọn phòng tại Khách sạn Nam Ngọc Đà Lạt bao gồm: Phòng giường đôi, Phòng 4 người, Phòng gia đình', 'Chi phí nghỉ tại Khách sạn Nam Ngọc Đà Lạt là bao nhiêu?': 'Giá tại Khách sạn Nam Ngọc Đà Lạt có thể khác nhau tùy vào kỳ nghỉ của bạn (ví dụ: ngày bạn chọn, chính sách khách sạn,v.v.). Vui lòng xem giá bằng cách nhập ngày của bạn.', 'Tôi có thể làm gì ở Khách sạn Nam Ngọc Đà Lạt?': 'Khách sạn Nam Ngọc Đà Lạt có những hoạt động/dịch vụ sau (có thể áp dụng phí):', 'Khách sạn Nam Ngọc Đà Lạt có giờ nhận và trả phòng như thế nào?': 'Khách sạn Nam Ngọc Đà Lạt có giờ nhận phòng từ 14:00 và giờ trả phòng trước 11:30.'}"
https://www.booking.com/hotel/vn/phong-2-giuong-cua-so-lon.vi.html,"{'Family Homestay Dalat Casa có giờ nhận và trả phòng như thế nào?': 'Family Homestay Dalat Casa có giờ nhận phòng từ 14:00 và giờ trả phòng trước 12:00.', 'Chi phí nghỉ tại Family Homestay Dalat Casa là bao nhiêu?': 'Giá tại Family Homestay Dalat Casa có thể khác nhau tùy vào kỳ nghỉ của bạn (ví dụ: ngày bạn chọn, chính sách khách sạn,v.v.). Vui lòng xem giá bằng cách nhập ngày của bạn.', 'Tôi có thể làm gì ở Family Homestay Dalat Casa?': 'Family Homestay Dalat Casa có những hoạt động/dịch vụ sau (có thể áp dụng phí): Ghế mát-xa, Phòng gym', 'Family Homestay Dalat Casa cách trung tâm Đà Lạt bao xa?': 'Family Homestay Dalat Casa cách trung tâm Đà Lạt 1,5 km.\nTất cả khoảng cách được đo theo đường thẳng. Khoảng cách di chuyển thực sự có thể khác.'}"
https://www.booking.com/hotel/vn/hostel-khanh-huong-2.vi.html,"{'Hostel Khanh Hương 2 có những loại phòng nào?': 'Lựa chọn phòng tại Hostel Khanh Hương 2 bao gồm: Phòng giường đôi, Phòng gia đình, Phòng 4 người, Phòng tập thể', 'Hostel Khanh Hương 2 cách trung tâm Đà Lạt bao xa?': 'Hostel Khanh Hương 2 cách trung tâm Đà Lạt 1,1 km.\nTất cả khoảng cách được đo theo đường thẳng. Khoảng cách di chuyển thực sự có thể khác.', 'Chi phí nghỉ tại Hostel Khanh Hương 2 là bao nhiêu?': 'Giá tại Hostel Khanh Hương 2 có thể khác nhau tùy vào kỳ nghỉ của bạn (ví dụ: ngày bạn chọn, chính sách khách sạn,v.v.). Vui lòng xem giá bằng cách nhập ngày của bạn.', 'Hostel Khanh Hương 2 có giờ nhận và trả phòng như thế nào?': 'Hostel Khanh Hương 2 có giờ nhận phòng từ 12:00 và giờ trả phòng trước 12:00.', 'Tôi có thể làm gì ở Hostel Khanh Hương 2?': 'Hostel Khanh Hương 2 có những hoạt động/dịch vụ sau (có thể áp dụng phí):'}"
https://www.booking.com/hotel/vn/ngo-gia-home.vi.html,"{'Chi phí nghỉ tại Ngô Gia Home là bao nhiêu?': 'Giá tại Ngô Gia Home có thể khác nhau tùy vào kỳ nghỉ của bạn (ví dụ: ngày bạn chọn, chính sách khách sạn,v.v.). Vui lòng xem giá bằng cách nhập ngày của bạn.', 'Ngô Gia Home có giờ nhận và trả phòng như thế nào?': 'Ngô Gia Home có giờ nhận phòng từ 13:30 và giờ trả phòng trước 12:30.', 'Tôi có thể làm gì ở Ngô Gia Home?': 'Ngô Gia Home có những hoạt động/dịch vụ sau (có thể áp dụng phí):', 'Ngô Gia Home cách trung tâm Đà Lạt bao xa?': 'Ngô Gia Home cách trung tâm Đà Lạt 1,6 km.\nTất cả khoảng cách được đo theo đường thẳng. Khoảng cách di chuyển thực sự có thể khác.'}"
https://www.booking.com/hotel/vn/khach-san-khai-ngoc.vi.html,"{'Tôi có thể làm gì ở Khai Ngoc Hotel?': 'Khai Ngoc Hotel có những hoạt động/dịch vụ sau (có thể áp dụng phí): Trung tâm Spa & chăm sóc sức khoẻBồn tắm nóng/bể sục (Jacuzzi)Phòng xông hơi, Tour đi bộ', 'Chi phí nghỉ tại Khai Ngoc Hotel là bao nhiêu?': 'Giá tại Khai Ngoc Hotel có thể khác nhau tùy vào kỳ nghỉ của bạn (ví dụ: ngày bạn chọn, chính sách khách sạn,v.v.). Vui lòng xem giá bằng cách nhập ngày của bạn.', 'Khai Ngoc Hotel có phổ biến với các gia đình không?': 'Có, Khai Ngoc Hotel khá phổ biến đối với khách đặt kỳ nghỉ gia đình.', 'Khai Ngoc Hotel cách trung tâm Đà Lạt bao xa?': 'Khai Ngoc Hotel cách trung tâm Đà Lạt 450 m.\nTất cả khoảng cách được đo theo đường thẳng. Khoảng cách di chuyển thực sự có thể khác.', 'Khai Ngoc Hotel có giờ nhận và trả phòng như thế nào?': 'Khai Ngoc Hotel có giờ nhận phòng từ 14:00 và giờ trả phòng trước 12:00.', 'Khai Ngoc Hotel có những loại phòng nào?': 'Lựa chọn phòng tại Khai Ngoc Hotel bao gồm: Phòng giường đôi, Phòng 4 người, Phòng gia đình, Căn hộ', 'Khai Ngoc Hotel có bể sục cho khách không?': 'Chỗ nghỉ có bể sục. Bạn có thể tìm hiểu thêm về điều này và các tiện nghi khác tại Khai Ngoc Hotel trên trang này.'}"
https://www.booking.com/hotel/vn/mr-rot-39-s-secret.vi.html,"{""Mr Rot's Secret Hotel cách trung tâm Đà Lạt bao xa?"": ""Mr Rot's Secret Hotel cách trung tâm Đà Lạt 800 m.\nTất cả khoảng cách được đo theo đường thẳng. Khoảng cách di chuyển thực sự có thể khác."", ""Mr Rot's Secret Hotel có giờ nhận và trả phòng như thế nào?"": ""Mr Rot's Secret Hotel có giờ nhận phòng từ 12:00 và giờ trả phòng trước 12:00."", ""Mr Rot's Secret Hotel có những loại phòng nào?"": ""Lựa chọn phòng tại Mr Rot's Secret Hotel bao gồm: Phòng đơn, Phòng 2 giường đơn Phòng 3 người, Phòng gia đình, Giường trong phòng tập thể, Phòng giường đôi"", ""Chi phí nghỉ tại Mr Rot's Secret Hotel là bao nhiêu?"": ""Giá tại Mr Rot's Secret Hotel có thể khác nhau tùy vào kỳ nghỉ của bạn (ví dụ: ngày bạn chọn, chính sách khách sạn,v.v.). Vui lòng xem giá bằng cách nhập ngày của bạn."", ""Tôi có thể làm gì ở Mr Rot's Secret Hotel?"": ""Mr Rot's Secret Hotel có những hoạt động/dịch vụ sau (có thể áp dụng phí): Xe đạp, Đi bộ đường dài, Lặn với ống thởCâu cáCa-nô, Giải trí buổi tối, Tour/lớp về văn hóa địa phương, Cưỡi ngựa, Tour đi xe đạp, Cho thuê xe đạp, Biểu diễn/nhạc sống, Thiết bị dành cho tennis, Tiện nghi chơi thể thao dưới nước (trong khuôn viên)Nhân viên Giải trí, Lớp dạy nấu ăn, Bữa tối theo chủ đề, Phòng tắm chung, Tour đi bộ""}"
https://www.booking.com/hotel/vn/khach-san-tuong-vy-1988.vi.html,"{'Tường Vy Dalat Central có những loại phòng nào?': 'Lựa chọn phòng tại Tường Vy Dalat Central bao gồm: Phòng giường đôi, Phòng gia đình, Phòng 2 giường đơn Phòng 3 người', 'Tường Vy Dalat Central cách trung tâm Đà Lạt bao xa?': 'Tường Vy Dalat Central cách trung tâm Đà Lạt 450 m.\nTất cả khoảng cách được đo theo đường thẳng. Khoảng cách di chuyển thực sự có thể khác.', 'Tường Vy Dalat Central có giờ nhận và trả phòng như thế nào?': 'Tường Vy Dalat Central có giờ nhận phòng từ 14:00 và giờ trả phòng trước 12:00.', 'Tôi có thể làm gì ở Tường Vy Dalat Central?': 'Tường Vy Dalat Central có những hoạt động/dịch vụ sau (có thể áp dụng phí): Tour/lớp về văn hóa địa phương', 'Chi phí nghỉ tại Tường Vy Dalat Central là bao nhiêu?': 'Giá tại Tường Vy Dalat Central có thể khác nhau tùy vào kỳ nghỉ của bạn (ví dụ: ngày bạn chọn, chính sách khách sạn,v.v.). Vui lòng xem giá bằng cách nhập ngày của bạn.'}"
https://www.booking.com/hotel/vn/moon-homestay-dalat-da-lat.vi.html,"{'Bao nhiêu khách có thể lưu trú tại MoonDalat?': 'Moon, Dalat có thể tiếp đón nhóm có số lượng như sau: 12 khách\n\nĐể biết thêm thông tin, vui lòng kiểm tra chi tiết (các) lựa chọn chỗ nghỉ ở trang này.', 'Chi phí nghỉ tại MoonDalat là bao nhiêu?': 'Giá tại Moon, Dalat có thể khác nhau tùy vào kỳ nghỉ của bạn (ví dụ: ngày bạn chọn, chính sách khách sạn,v.v.). Vui lòng xem giá bằng cách nhập ngày của bạn.', 'MoonDalat có ban công không?': 'Có, nhiều lựa chọn tại chỗ nghỉ này có ban công. Bạn có thể tìm hiểu thêm về điều này và các tiện nghi khác tại Moon, Dalat trên trang này.', 'Tôi có thể làm gì ở MoonDalat?': 'Moon, Dalat có những hoạt động/dịch vụ sau (có thể áp dụng phí):', 'MoonDalat cách trung tâm Đà Lạt bao xa?': 'Moon, Dalat cách trung tâm Đà Lạt 2,5 km.\nTất cả khoảng cách được đo theo đường thẳng. Khoảng cách di chuyển thực sự có thể khác.', 'MoonDalat có bao nhiêu phòng ngủ?': 'Moon, Dalat có số lượng phòng ngủ như sau: 4 phòng ngủ\n\nĐể biết thêm thông tin, vui lòng kiểm tra chi tiết (các) lựa chọn chỗ nghỉ ở trang này.', 'MoonDalat có phổ biến với các gia đình không?': 'Có, Moon, Dalat khá phổ biến đối với khách đặt kỳ nghỉ gia đình.', 'MoonDalat có sân hiên không?': 'Có, nhiều lựa chọn tại chỗ nghỉ này có sân hiên. Bạn có thể tìm hiểu thêm về điều này và các tiện nghi khác tại Moon, Dalat trên trang này.', 'MoonDalat có giờ nhận và trả phòng như thế nào?': 'Moon, Dalat có giờ nhận phòng từ 14:00 và giờ trả phòng trước 14:00.'}"
https://www.booking.com/hotel/vn/the-unique-home-amp-cafe.vi.html,"{'THE UNIQUE HOME & CAFE có giờ nhận và trả phòng như thế nào?': 'T, H, E U, N, I, Q, U, E H, O, M, E & C, A, F, E có giờ nhận phòng từ 14:00 và giờ trả phòng trước 12:00.', 'THE UNIQUE HOME & CAFE cách trung tâm Ấp Ða Thiên bao xa?': 'T, H, E U, N, I, Q, U, E H, O, M, E & C, A, F, E cách trung tâm Ấp Ða Thiên 1,1 km.\nTất cả khoảng cách được đo theo đường thẳng. Khoảng cách di chuyển thực sự có thể khác.', 'Tôi có thể làm gì ở THE UNIQUE HOME & CAFE?': 'T, H, E U, N, I, Q, U, E H, O, M, E & C, A, F, E có những hoạt động/dịch vụ sau (có thể áp dụng phí):', 'THE UNIQUE HOME & CAFE có những loại phòng nào?': 'Lựa chọn phòng tại T, H, E U, N, I, Q, U, E H, O, M, E & C, A, F, E bao gồm: Suite, Phòng giường đôi, Phòng gia đình', 'Chi phí nghỉ tại THE UNIQUE HOME & CAFE là bao nhiêu?': 'Giá tại T, H, E U, N, I, Q, U, E H, O, M, E & C, A, F, E có thể khác nhau tùy vào kỳ nghỉ của bạn (ví dụ: ngày bạn chọn, chính sách khách sạn,v.v.). Vui lòng xem giá bằng cách nhập ngày của bạn.'}"
https://www.booking.com/hotel/vn/chiburo-home-da-lat.vi.html,"{'Tôi có thể làm gì ở Chiburo Home Đà Lạt?': 'Chiburo Home Đà Lạt có những hoạt động/dịch vụ sau (có thể áp dụng phí):', 'Chiburo Home Đà Lạt cách trung tâm Đà Lạt bao xa?': 'Chiburo Home Đà Lạt cách trung tâm Đà Lạt 2,2 km.\nTất cả khoảng cách được đo theo đường thẳng. Khoảng cách di chuyển thực sự có thể khác.', 'Chiburo Home Đà Lạt có giờ nhận và trả phòng như thế nào?': 'Chiburo Home Đà Lạt có giờ nhận phòng từ 14:00 và giờ trả phòng trước 12:00.', 'Chi phí nghỉ tại Chiburo Home Đà Lạt là bao nhiêu?': 'Giá tại Chiburo Home Đà Lạt có thể khác nhau tùy vào kỳ nghỉ của bạn (ví dụ: ngày bạn chọn, chính sách khách sạn,v.v.). Vui lòng xem giá bằng cách nhập ngày của bạn.'}"
https://www.booking.com/hotel/vn/ttr-central-home-condotel.vi.html,"{'Bao nhiêu khách có thể lưu trú tại TTR Central Apart Hotel?': 'Bạn có thể chọn từ nhiều lựa chọn chỗ nghỉ tại T, T, R Central Apart Hotel (tùy vào tình trạng có sẵn). Những chỗ này có thể tiếp đón: 3 khách6 khách\n\nĐể biết thêm thông tin, vui lòng kiểm tra chi tiết (các) lựa chọn chỗ nghỉ ở trang này.', 'TTR Central Apart Hotel có giờ nhận và trả phòng như thế nào?': 'T, T, R Central Apart Hotel có giờ nhận phòng từ 14:00 và giờ trả phòng trước 12:00.', 'TTR Central Apart Hotel có nhà hàng trong khuôn viên không?': 'T, T, R Central Apart Hotel có 1 nhà hàng: T, T, R Bistro Coffee', 'Chi phí nghỉ tại TTR Central Apart Hotel là bao nhiêu?': 'Giá tại T, T, R Central Apart Hotel có thể khác nhau tùy vào kỳ nghỉ của bạn (ví dụ: ngày bạn chọn, chính sách khách sạn,v.v.). Vui lòng xem giá bằng cách nhập ngày của bạn.', 'TTR Central Apart Hotel cách trung tâm Đà Lạt bao xa?': 'T, T, R Central Apart Hotel cách trung tâm Đà Lạt 600 m.\nTất cả khoảng cách được đo theo đường thẳng. Khoảng cách di chuyển thực sự có thể khác.', 'TTR Central Apart Hotel có bao nhiêu phòng ngủ?': 'Bạn có thể chọn từ nhiều lựa chọn chỗ nghỉ tại T, T, R Central Apart Hotel (tùy vào tình trạng có sẵn). Những chỗ này có: 1 phòng ngủ2 phòng ngủ\n\nĐể biết thêm thông tin, vui lòng kiểm tra chi tiết (các) lựa chọn chỗ nghỉ ở trang này.', 'TTR Central Apart Hotel có phổ biến với các gia đình không?': 'Có, T, T, R Central Apart Hotel khá phổ biến đối với khách đặt kỳ nghỉ gia đình.', 'Tôi có thể làm gì ở TTR Central Apart Hotel?': 'T, T, R Central Apart Hotel có những hoạt động/dịch vụ sau (có thể áp dụng phí): Trung tâm Spa & chăm sóc sức khoẻPhòng xông hơi, Dịch vụ ngâm chân, Tiện Nghi Spa, Ghế mát-xa, Khu vực thư giãn/spa lounge, Gói spa/chăm sóc sức khỏe'}"
https://www.booking.com/hotel/vn/khach-san-le-royal.vi.html,"{'Chi phí nghỉ tại Khách sạn Le Royal là bao nhiêu?': 'Giá tại Khách sạn Le Royal có thể khác nhau tùy vào kỳ nghỉ của bạn (ví dụ: ngày bạn chọn, chính sách khách sạn,v.v.). Vui lòng xem giá bằng cách nhập ngày của bạn.', 'Khách sạn Le Royal có những loại phòng nào?': 'Lựa chọn phòng tại Khách sạn Le Royal bao gồm: Phòng giường đôi, Phòng 4 người', 'Khách sạn Le Royal cách trung tâm Lien Nghiia bao xa?': 'Khách sạn Le Royal cách trung tâm Lien Nghiia 1,1 km.\nTất cả khoảng cách được đo theo đường thẳng. Khoảng cách di chuyển thực sự có thể khác.', 'Khách sạn Le Royal có giờ nhận và trả phòng như thế nào?': 'Khách sạn Le Royal có giờ nhận phòng từ 14:00 và giờ trả phòng trước 12:00.', 'Tôi có thể làm gì ở Khách sạn Le Royal?': 'Khách sạn Le Royal có những hoạt động/dịch vụ sau (có thể áp dụng phí):'}"
https://www.booking.com/hotel/vn/homestay-john-cafe-and-beer.vi.html,"{'Hostel-John Cafe and Beer cách trung tâm Đà Lạt bao xa?': 'Hostel-John Cafe and Beer cách trung tâm Đà Lạt 1,1 km.\nTất cả khoảng cách được đo theo đường thẳng. Khoảng cách di chuyển thực sự có thể khác.', 'Tôi có thể làm gì ở Hostel-John Cafe and Beer?': 'Hostel-John Cafe and Beer có những hoạt động/dịch vụ sau (có thể áp dụng phí):', 'Chi phí nghỉ tại Hostel-John Cafe and Beer là bao nhiêu?': 'Giá tại Hostel-John Cafe and Beer có thể khác nhau tùy vào kỳ nghỉ của bạn (ví dụ: ngày bạn chọn, chính sách khách sạn,v.v.). Vui lòng xem giá bằng cách nhập ngày của bạn.', 'Hostel-John Cafe and Beer có giờ nhận và trả phòng như thế nào?': 'Hostel-John Cafe and Beer có giờ nhận phòng từ 14:00 và giờ trả phòng trước 12:00.'}"
https://www.booking.com/hotel/vn/leonda-thanh-pho-da-lat1.vi.html,"{'Leonda Hotel có giờ nhận và trả phòng như thế nào?': 'Leonda Hotel có giờ nhận phòng từ 14:00 và giờ trả phòng trước 12:00.', 'Tôi có thể làm gì ở Leonda Hotel?': 'Leonda Hotel có những hoạt động/dịch vụ sau (có thể áp dụng phí):', 'Leonda Hotel có phổ biến với các gia đình không?': 'Có, Leonda Hotel khá phổ biến đối với khách đặt kỳ nghỉ gia đình.', 'Chi phí nghỉ tại Leonda Hotel là bao nhiêu?': 'Giá tại Leonda Hotel có thể khác nhau tùy vào kỳ nghỉ của bạn (ví dụ: ngày bạn chọn, chính sách khách sạn,v.v.). Vui lòng xem giá bằng cách nhập ngày của bạn.', 'Leonda Hotel cách trung tâm Đà Lạt bao xa?': 'Leonda Hotel cách trung tâm Đà Lạt 550 m.\nTất cả khoảng cách được đo theo đường thẳng. Khoảng cách di chuyển thực sự có thể khác.', 'Leonda Hotel có những loại phòng nào?': 'Lựa chọn phòng tại Leonda Hotel bao gồm: Phòng giường đôi, Phòng 4 người'}"
https://www.booking.com/hotel/vn/eldersleep-dalat.vi.html,"{'Eldersleep Dalat có giờ nhận và trả phòng như thế nào?': 'Eldersleep Dalat có giờ nhận phòng từ 14:00 và giờ trả phòng trước 12:00.', 'Tôi có thể làm gì ở Eldersleep Dalat?': 'Eldersleep Dalat có những hoạt động/dịch vụ sau (có thể áp dụng phí):', 'Eldersleep Dalat có những loại phòng nào?': 'Lựa chọn phòng tại Eldersleep Dalat bao gồm: Phòng giường đôi', 'Eldersleep Dalat cách trung tâm Ấp Xuân An bao xa?': 'Eldersleep Dalat cách trung tâm Ấp Xuân An 1,9 km.\nTất cả khoảng cách được đo theo đường thẳng. Khoảng cách di chuyển thực sự có thể khác.', 'Chi phí nghỉ tại Eldersleep Dalat là bao nhiêu?': 'Giá tại Eldersleep Dalat có thể khác nhau tùy vào kỳ nghỉ của bạn (ví dụ: ngày bạn chọn, chính sách khách sạn,v.v.). Vui lòng xem giá bằng cách nhập ngày của bạn.'}"
https://www.booking.com/hotel/vn/tien-phong-hill-homestay.vi.html,"{'Tôi có thể làm gì ở Tiền Phong Hill Homestay?': 'Tiền Phong Hill Homestay có những hoạt động/dịch vụ sau (có thể áp dụng phí):', 'Chi phí nghỉ tại Tiền Phong Hill Homestay là bao nhiêu?': 'Giá tại Tiền Phong Hill Homestay có thể khác nhau tùy vào kỳ nghỉ của bạn (ví dụ: ngày bạn chọn, chính sách khách sạn,v.v.). Vui lòng xem giá bằng cách nhập ngày của bạn.', 'Tiền Phong Hill Homestay có giờ nhận và trả phòng như thế nào?': 'Tiền Phong Hill Homestay có giờ nhận phòng từ 14:00 và giờ trả phòng trước 12:00.', 'Tiền Phong Hill Homestay có nhà hàng trong khuôn viên không?': 'Tiền Phong Hill Homestay có 1 nhà hàng: Restaurant #1', 'Tiền Phong Hill Homestay cách trung tâm Bảo Lộc bao xa?': 'Tiền Phong Hill Homestay cách trung tâm Bảo Lộc 2,6 km.\nTất cả khoảng cách được đo theo đường thẳng. Khoảng cách di chuyển thực sự có thể khác.'}"
https://www.booking.com/hotel/vn/thanhthanh.vi.html,"{'Thanh Thanh Hotel cách trung tâm Đà Lạt bao xa?': 'Thanh Thanh Hotel cách trung tâm Đà Lạt 350 m.\nTất cả khoảng cách được đo theo đường thẳng. Khoảng cách di chuyển thực sự có thể khác.', 'Thanh Thanh Hotel có giờ nhận và trả phòng như thế nào?': 'Thanh Thanh Hotel có giờ nhận phòng từ 13:30 và giờ trả phòng trước 12:00.', 'Chi phí nghỉ tại Thanh Thanh Hotel là bao nhiêu?': 'Giá tại Thanh Thanh Hotel có thể khác nhau tùy vào kỳ nghỉ của bạn (ví dụ: ngày bạn chọn, chính sách khách sạn,v.v.). Vui lòng xem giá bằng cách nhập ngày của bạn.', 'Tôi có thể làm gì ở Thanh Thanh Hotel?': 'Thanh Thanh Hotel có những hoạt động/dịch vụ sau (có thể áp dụng phí): Sự kiện thể thao (truyền hình trực tiếp)Cho thuê xe đạp', 'Thanh Thanh Hotel có phục vụ dạng bữa sáng nào?': 'Khách lưu trú tại Thanh Thanh Hotel có thể tận hưởng bữa sáng được đánh giá cao trong kỳ nghỉ của họ (điểm đánh giá của khách: 8.8)\n\nLựa chọn bữa sáng bao gồm: Kiểu Á', 'Thanh Thanh Hotel có những loại phòng nào?': 'Lựa chọn phòng tại Thanh Thanh Hotel bao gồm: Phòng giường đôi, Phòng 4 người, Phòng gia đình'}"
https://www.booking.com/hotel/vn/raon-valley-villa.vi.html,"{'RAON Villa - STAY 24H có những loại phòng nào?': 'Lựa chọn phòng tại R, A, O, N Villa - S, T, A, Y 24H bao gồm: Phòng giường đôi, Phòng gia đình, Căn hộSuite, Phòng giường đôi/2 giường đơn, Phòng tập thể', 'Tôi có thể làm gì ở RAON Villa - STAY 24H?': 'R, A, O, N Villa - S, T, A, Y 24H có những hoạt động/dịch vụ sau (có thể áp dụng phí): Đi bộ đường dài, Giải trí buổi tối, Tour đi bộ, Cho thuê xe đạp', 'RAON Villa - STAY 24H có giờ nhận và trả phòng như thế nào?': 'R, A, O, N Villa - S, T, A, Y 24H có giờ nhận phòng từ 14:00 và giờ trả phòng trước 12:00.', 'RAON Villa - STAY 24H cách trung tâm Đà Lạt bao xa?': 'R, A, O, N Villa - S, T, A, Y 24H cách trung tâm Đà Lạt 2,4 km.\nTất cả khoảng cách được đo theo đường thẳng. Khoảng cách di chuyển thực sự có thể khác.', 'Chi phí nghỉ tại RAON Villa - STAY 24H là bao nhiêu?': 'Giá tại R, A, O, N Villa - S, T, A, Y 24H có thể khác nhau tùy vào kỳ nghỉ của bạn (ví dụ: ngày bạn chọn, chính sách khách sạn,v.v.). Vui lòng xem giá bằng cách nhập ngày của bạn.'}"
https://www.booking.com/hotel/vn/1-house.vi.html,"{'Tôi có thể làm gì ở 1 House?': '1 House có những hoạt động/dịch vụ sau (có thể áp dụng phí): Cho thuê xe đạp', '1 House cách trung tâm Đà Lạt bao xa?': '1 House cách trung tâm Đà Lạt 500 m.\nTất cả khoảng cách được đo theo đường thẳng. Khoảng cách di chuyển thực sự có thể khác.', '1 House có giờ nhận và trả phòng như thế nào?': '1 House có giờ nhận phòng từ 14:00 và giờ trả phòng trước 11:00.', 'Chi phí nghỉ tại 1 House là bao nhiêu?': 'Giá tại 1 House có thể khác nhau tùy vào kỳ nghỉ của bạn (ví dụ: ngày bạn chọn, chính sách khách sạn,v.v.). Vui lòng xem giá bằng cách nhập ngày của bạn.', '1 House có những loại phòng nào?': 'Lựa chọn phòng tại 1 House bao gồm: Phòng 4 người, Phòng giường đôi'}"
https://www.booking.com/hotel/vn/villa-doc-may.vi.html,"{'Doc May Boutique Villa cách trung tâm Đà Lạt bao xa?': 'Doc May Boutique Villa cách trung tâm Đà Lạt 350 m.\nTất cả khoảng cách được đo theo đường thẳng. Khoảng cách di chuyển thực sự có thể khác.', 'Tôi có thể làm gì ở Doc May Boutique Villa?': 'Doc May Boutique Villa có những hoạt động/dịch vụ sau (có thể áp dụng phí): Đi bộ đường dài, Ca-nô', 'Doc May Boutique Villa có giờ nhận và trả phòng như thế nào?': 'Doc May Boutique Villa có giờ nhận phòng từ 13:30 và giờ trả phòng trước 12:00.', 'Chi phí nghỉ tại Doc May Boutique Villa là bao nhiêu?': 'Giá tại Doc May Boutique Villa có thể khác nhau tùy vào kỳ nghỉ của bạn (ví dụ: ngày bạn chọn, chính sách khách sạn,v.v.). Vui lòng xem giá bằng cách nhập ngày của bạn.'}"
https://www.booking.com/hotel/vn/tomorrow-homestay-thanh-pho-da-lat.vi.html,"{'Tôi có thể làm gì ở Tomorrow Homestay Đà Lạt?': 'Tomorrow Homestay Đà Lạt có những hoạt động/dịch vụ sau (có thể áp dụng phí):', 'Tomorrow Homestay Đà Lạt có những loại phòng nào?': 'Lựa chọn phòng tại Tomorrow Homestay Đà Lạt bao gồm: Phòng giường đôi, Phòng 4 người, Nhà nghỉ dưỡng', 'Chi phí nghỉ tại Tomorrow Homestay Đà Lạt là bao nhiêu?': 'Giá tại Tomorrow Homestay Đà Lạt có thể khác nhau tùy vào kỳ nghỉ của bạn (ví dụ: ngày bạn chọn, chính sách khách sạn,v.v.). Vui lòng xem giá bằng cách nhập ngày của bạn.', 'Tomorrow Homestay Đà Lạt cách trung tâm Đà Lạt bao xa?': 'Tomorrow Homestay Đà Lạt cách trung tâm Đà Lạt 1,8 km.\nTất cả khoảng cách được đo theo đường thẳng. Khoảng cách di chuyển thực sự có thể khác.', 'Tomorrow Homestay Đà Lạt có giờ nhận và trả phòng như thế nào?': 'Tomorrow Homestay Đà Lạt có giờ nhận phòng từ 14:00 và giờ trả phòng trước 12:30.'}"
https://www.booking.com/hotel/vn/garden-homestay-di-linh-lam-dong12.vi.html,"{'Garden Homestay có nhà hàng trong khuôn viên không?': 'Garden Homestay có 1 nhà hàng: Làng nướng', 'Garden Homestay cách trung tâm Di Linh bao xa?': 'Garden Homestay cách trung tâm Di Linh 1 km.\nTất cả khoảng cách được đo theo đường thẳng. Khoảng cách di chuyển thực sự có thể khác.', 'Tôi có thể làm gì ở Garden Homestay?': 'Garden Homestay có những hoạt động/dịch vụ sau (có thể áp dụng phí): Giải trí buổi tối, Biểu diễn/nhạc sống, Tour đi bộ', 'Bao nhiêu khách có thể lưu trú tại Garden Homestay?': 'Garden Homestay có thể tiếp đón nhóm có số lượng như sau: 10 khách\n\nĐể biết thêm thông tin, vui lòng kiểm tra chi tiết (các) lựa chọn chỗ nghỉ ở trang này.', 'Garden Homestay có bao nhiêu phòng ngủ?': 'Garden Homestay có số lượng phòng ngủ như sau: 1 phòng ngủ\n\nĐể biết thêm thông tin, vui lòng kiểm tra chi tiết (các) lựa chọn chỗ nghỉ ở trang này.', 'Garden Homestay có phổ biến với các gia đình không?': 'Có, Garden Homestay khá phổ biến đối với khách đặt kỳ nghỉ gia đình.', 'Chi phí nghỉ tại Garden Homestay là bao nhiêu?': 'Giá tại Garden Homestay có thể khác nhau tùy vào kỳ nghỉ của bạn (ví dụ: ngày bạn chọn, chính sách khách sạn,v.v.). Vui lòng xem giá bằng cách nhập ngày của bạn.'}"
https://www.booking.com/hotel/vn/lan-phuong-da-lat1.vi.html,"{'Tôi có thể làm gì ở Thien Ly Hotel - Da Lat Center?': 'Thien Ly Hotel - Da Lat Center có những hoạt động/dịch vụ sau (có thể áp dụng phí):', 'Thien Ly Hotel - Da Lat Center có những loại phòng nào?': 'Lựa chọn phòng tại Thien Ly Hotel - Da Lat Center bao gồm: Phòng gia đình, Phòng giường đôi', 'Thien Ly Hotel - Da Lat Center cách trung tâm Đà Lạt bao xa?': 'Thien Ly Hotel - Da Lat Center cách trung tâm Đà Lạt 600 m.\nTất cả khoảng cách được đo theo đường thẳng. Khoảng cách di chuyển thực sự có thể khác.', 'Thien Ly Hotel - Da Lat Center có giờ nhận và trả phòng như thế nào?': 'Thien Ly Hotel - Da Lat Center có giờ nhận phòng từ 14:00 và giờ trả phòng trước 00:00.', 'Chi phí nghỉ tại Thien Ly Hotel - Da Lat Center là bao nhiêu?': 'Giá tại Thien Ly Hotel - Da Lat Center có thể khác nhau tùy vào kỳ nghỉ của bạn (ví dụ: ngày bạn chọn, chính sách khách sạn,v.v.). Vui lòng xem giá bằng cách nhập ngày của bạn.'}"
https://www.booking.com/hotel/vn/oyo-1233-yen-quyen.vi.html,"{'Chi phí nghỉ tại OYO 1233 Yen Quyen Hotel là bao nhiêu?': 'Giá tại O, Y, O 1233 Yen Quyen Hotel có thể khác nhau tùy vào kỳ nghỉ của bạn (ví dụ: ngày bạn chọn, chính sách khách sạn,v.v.). Vui lòng xem giá bằng cách nhập ngày của bạn.', 'OYO 1233 Yen Quyen Hotel có phổ biến với các gia đình không?': 'Có, O, Y, O 1233 Yen Quyen Hotel khá phổ biến đối với khách đặt kỳ nghỉ gia đình.', 'OYO 1233 Yen Quyen Hotel có những loại phòng nào?': 'Lựa chọn phòng tại O, Y, O 1233 Yen Quyen Hotel bao gồm: Suite, Phòng gia đình', 'OYO 1233 Yen Quyen Hotel cách trung tâm Đà Lạt bao xa?': 'O, Y, O 1233 Yen Quyen Hotel cách trung tâm Đà Lạt 250 m.\nTất cả khoảng cách được đo theo đường thẳng. Khoảng cách di chuyển thực sự có thể khác.', 'Tôi có thể làm gì ở OYO 1233 Yen Quyen Hotel?': 'O, Y, O 1233 Yen Quyen Hotel có những hoạt động/dịch vụ sau (có thể áp dụng phí):', 'OYO 1233 Yen Quyen Hotel có giờ nhận và trả phòng như thế nào?': 'O, Y, O 1233 Yen Quyen Hotel có giờ nhận phòng từ 14:00 và giờ trả phòng trước 12:00.'}"
https://www.booking.com/hotel/vn/khach-san-da-phu-da-lat.vi.html,"{'Hôtel De Da Phu có giờ nhận và trả phòng như thế nào?': 'Hôtel De Da Phu có giờ nhận phòng từ 14:00 và giờ trả phòng trước 12:00.', 'Chi phí nghỉ tại Hôtel De Da Phu là bao nhiêu?': 'Giá tại Hôtel De Da Phu có thể khác nhau tùy vào kỳ nghỉ của bạn (ví dụ: ngày bạn chọn, chính sách khách sạn,v.v.). Vui lòng xem giá bằng cách nhập ngày của bạn.', 'Hôtel De Da Phu có phổ biến với các gia đình không?': 'Có, Hôtel De Da Phu khá phổ biến đối với khách đặt kỳ nghỉ gia đình.', 'Hôtel De Da Phu cách trung tâm Đà Lạt bao xa?': 'Hôtel De Da Phu cách trung tâm Đà Lạt 5 km.\nTất cả khoảng cách được đo theo đường thẳng. Khoảng cách di chuyển thực sự có thể khác.', 'Hôtel De Da Phu có những loại phòng nào?': 'Lựa chọn phòng tại Hôtel De Da Phu bao gồm: Phòng giường đôi, Phòng 4 người', 'Hôtel De Da Phu có nhà hàng trong khuôn viên không?': 'Hôtel De Da Phu có 1 nhà hàng: Nhà hàng #1', 'Tôi có thể làm gì ở Hôtel De Da Phu?': 'Hôtel De Da Phu có những hoạt động/dịch vụ sau (có thể áp dụng phí):'}"
https://www.booking.com/hotel/vn/nha-nghi-377.vi.html,"{'Tôi có thể làm gì ở Vy An Hotel - Nhà nghỉ 377 cũ?': 'Vy An Hotel - Nhà nghỉ 377 cũ có những hoạt động/dịch vụ sau (có thể áp dụng phí):', 'Vy An Hotel - Nhà nghỉ 377 cũ có những loại phòng nào?': 'Lựa chọn phòng tại Vy An Hotel - Nhà nghỉ 377 cũ bao gồm: Phòng giường đôi, Phòng 4 người', 'Vy An Hotel - Nhà nghỉ 377 cũ cách trung tâm Bảo Lộc bao xa?': 'Vy An Hotel - Nhà nghỉ 377 cũ cách trung tâm Bảo Lộc 2 km.\nTất cả khoảng cách được đo theo đường thẳng. Khoảng cách di chuyển thực sự có thể khác.', 'Chi phí nghỉ tại Vy An Hotel - Nhà nghỉ 377 cũ là bao nhiêu?': 'Giá tại Vy An Hotel - Nhà nghỉ 377 cũ có thể khác nhau tùy vào kỳ nghỉ của bạn (ví dụ: ngày bạn chọn, chính sách khách sạn,v.v.). Vui lòng xem giá bằng cách nhập ngày của bạn.', 'Vy An Hotel - Nhà nghỉ 377 cũ có giờ nhận và trả phòng như thế nào?': 'Vy An Hotel - Nhà nghỉ 377 cũ có giờ nhận phòng từ 14:00 và giờ trả phòng trước 12:00.'}"
https://www.booking.com/hotel/vn/thuong-house-thanh-pho-da-lat.vi.html,"{'Thương House có phổ biến với các gia đình không?': 'Có, Thương House khá phổ biến đối với khách đặt kỳ nghỉ gia đình.', 'Thương House có sân hiên không?': 'Có, nhiều lựa chọn tại chỗ nghỉ này có sân hiên. Bạn có thể tìm hiểu thêm về điều này và các tiện nghi khác tại Thương House trên trang này.', 'Thương House có ban công không?': 'Có, nhiều lựa chọn tại chỗ nghỉ này có ban công. Bạn có thể tìm hiểu thêm về điều này và các tiện nghi khác tại Thương House trên trang này.', 'Thương House có giờ nhận và trả phòng như thế nào?': 'Thương House có giờ nhận phòng từ 12:00 và giờ trả phòng trước 14:00.', 'Bao nhiêu khách có thể lưu trú tại Thương House?': 'Thương House có thể tiếp đón nhóm có số lượng như sau: 18 khách\n\nĐể biết thêm thông tin, vui lòng kiểm tra chi tiết (các) lựa chọn chỗ nghỉ ở trang này.', 'Chi phí nghỉ tại Thương House là bao nhiêu?': 'Giá tại Thương House có thể khác nhau tùy vào kỳ nghỉ của bạn (ví dụ: ngày bạn chọn, chính sách khách sạn,v.v.). Vui lòng xem giá bằng cách nhập ngày của bạn.', 'Thương House cách trung tâm Đà Lạt bao xa?': 'Thương House cách trung tâm Đà Lạt 300 m.\nTất cả khoảng cách được đo theo đường thẳng. Khoảng cách di chuyển thực sự có thể khác.', 'Tôi có thể làm gì ở Thương House?': 'Thương House có những hoạt động/dịch vụ sau (có thể áp dụng phí):', 'Thương House có bao nhiêu phòng ngủ?': 'Thương House có số lượng phòng ngủ như sau: 1 phòng ngủ\n\nĐể biết thêm thông tin, vui lòng kiểm tra chi tiết (các) lựa chọn chỗ nghỉ ở trang này.'}"
https://www.booking.com/hotel/vn/vuon-nha-cui-thanh-pho-da-lat.vi.html,"{'Chi phí nghỉ tại Vườn Nhà Củi là bao nhiêu?': 'Giá tại Vườn Nhà Củi có thể khác nhau tùy vào kỳ nghỉ của bạn (ví dụ: ngày bạn chọn, chính sách khách sạn,v.v.). Vui lòng xem giá bằng cách nhập ngày của bạn.', 'Tôi có thể làm gì ở Vườn Nhà Củi?': 'Vườn Nhà Củi có những hoạt động/dịch vụ sau (có thể áp dụng phí): Phòng xông hơi, Giải trí buổi tối, Phòng tắm chung', 'Vườn Nhà Củi có giờ nhận và trả phòng như thế nào?': 'Vườn Nhà Củi có giờ nhận phòng từ 11:00 và giờ trả phòng trước 20:00.', 'Vườn Nhà Củi cách trung tâm Đà Lạt bao xa?': 'Vườn Nhà Củi cách trung tâm Đà Lạt 1,9 km.\nTất cả khoảng cách được đo theo đường thẳng. Khoảng cách di chuyển thực sự có thể khác.'}"
https://www.booking.com/hotel/vn/flower-home-khe-sanh-1.vi.html,"{'Chi phí nghỉ tại Flower Home KHE SANH 1 là bao nhiêu?': 'Giá tại Flower Home K, H, E S, A, N, H 1 có thể khác nhau tùy vào kỳ nghỉ của bạn (ví dụ: ngày bạn chọn, chính sách khách sạn,v.v.). Vui lòng xem giá bằng cách nhập ngày của bạn.', 'Tôi có thể làm gì ở Flower Home KHE SANH 1?': 'Flower Home K, H, E S, A, N, H 1 có những hoạt động/dịch vụ sau (có thể áp dụng phí): Cho thuê xe đạp', 'Flower Home KHE SANH 1 cách trung tâm Ấp Ða Lợi bao xa?': 'Flower Home K, H, E S, A, N, H 1 cách trung tâm Ấp Ða Lợi 700 m.\nTất cả khoảng cách được đo theo đường thẳng. Khoảng cách di chuyển thực sự có thể khác.', 'Flower Home KHE SANH 1 có giờ nhận và trả phòng như thế nào?': 'Flower Home K, H, E S, A, N, H 1 có giờ nhận phòng từ 14:00 và giờ trả phòng trước 12:00.', 'Flower Home KHE SANH 1 có những loại phòng nào?': 'Lựa chọn phòng tại Flower Home K, H, E S, A, N, H 1 bao gồm: Phòng giường đôi, Phòng giường đôi/2 giường đơn, Phòng 2 giường đơn Suite'}"
https://www.booking.com/hotel/vn/danh-tien-villa.vi.html,"{'Chi phí nghỉ tại Danh Tien Villa là bao nhiêu?': 'Giá tại Danh Tien Villa có thể khác nhau tùy vào kỳ nghỉ của bạn (ví dụ: ngày bạn chọn, chính sách khách sạn,v.v.). Vui lòng xem giá bằng cách nhập ngày của bạn.', 'Danh Tien Villa có phổ biến với các gia đình không?': 'Có, Danh Tien Villa khá phổ biến đối với khách đặt kỳ nghỉ gia đình.', 'Danh Tien Villa cách trung tâm Đà Lạt bao xa?': 'Danh Tien Villa cách trung tâm Đà Lạt 1,9 km.\nTất cả khoảng cách được đo theo đường thẳng. Khoảng cách di chuyển thực sự có thể khác.', 'Tôi có thể làm gì ở Danh Tien Villa?': 'Danh Tien Villa có những hoạt động/dịch vụ sau (có thể áp dụng phí): Xe đạp, Đi bộ đường dài, Sân chơi trẻ em, Sân tennis, Câu cáSân gôn (trong vòng 3km)Thể dục nhịp điệu (aerobic)Bữa tối theo chủ đề', 'Danh Tien Villa có những loại phòng nào?': 'Lựa chọn phòng tại Danh Tien Villa bao gồm: Phòng 4 người, Bungalow, Phòng đơn', 'Danh Tien Villa có giờ nhận và trả phòng như thế nào?': 'Danh Tien Villa có giờ nhận phòng từ 14:00 và giờ trả phòng trước 12:00.'}"
https://www.booking.com/hotel/vn/dalat-peach-valley.vi.html,"{'Tôi có thể làm gì ở Peach Valley Hotel Dalat?': 'Peach Valley Hotel Dalat có những hoạt động/dịch vụ sau (có thể áp dụng phí): Xe đạp, Đi bộ đường dài, Câu cáSân gôn (trong vòng 3km)Giải trí buổi tối, Cưỡi ngựa, Cho thuê xe đạp, Khu vực thư giãn/spa lounge', 'Chi phí nghỉ tại Peach Valley Hotel Dalat là bao nhiêu?': 'Giá tại Peach Valley Hotel Dalat có thể khác nhau tùy vào kỳ nghỉ của bạn (ví dụ: ngày bạn chọn, chính sách khách sạn,v.v.). Vui lòng xem giá bằng cách nhập ngày của bạn.', 'Peach Valley Hotel Dalat có những loại phòng nào?': 'Lựa chọn phòng tại Peach Valley Hotel Dalat bao gồm: Phòng gia đình, Phòng giường đôi, Phòng 2 giường đơn ', 'Peach Valley Hotel Dalat có giờ nhận và trả phòng như thế nào?': 'Peach Valley Hotel Dalat có giờ nhận phòng từ 14:00 và giờ trả phòng trước 12:00.', 'Peach Valley Hotel Dalat cách trung tâm Đà Lạt bao xa?': 'Peach Valley Hotel Dalat cách trung tâm Đà Lạt 1,6 km.\nTất cả khoảng cách được đo theo đường thẳng. Khoảng cách di chuyển thực sự có thể khác.'}"
https://www.booking.com/hotel/vn/mr-khanh-coffee.vi.html,"{'Mr.Khanh Coffee có giờ nhận và trả phòng như thế nào?': 'Mr.Khanh Coffee có giờ nhận phòng từ 13:00 và giờ trả phòng trước 12:00.', 'Mr.Khanh Coffee cách trung tâm Xuân Trường bao xa?': 'Mr.Khanh Coffee cách trung tâm Xuân Trường 200 m.\nTất cả khoảng cách được đo theo đường thẳng. Khoảng cách di chuyển thực sự có thể khác.', 'Tôi có thể làm gì ở Mr.Khanh Coffee?': 'Mr.Khanh Coffee có những hoạt động/dịch vụ sau (có thể áp dụng phí):', 'Chi phí nghỉ tại Mr.Khanh Coffee là bao nhiêu?': 'Giá tại Mr.Khanh Coffee có thể khác nhau tùy vào kỳ nghỉ của bạn (ví dụ: ngày bạn chọn, chính sách khách sạn,v.v.). Vui lòng xem giá bằng cách nhập ngày của bạn.'}"
https://www.booking.com/hotel/vn/the-2nd-home.vi.html,"{'Studio Garden Apartment - The 2nd Home có bao nhiêu phòng ngủ?': 'Studio Garden Apartment - The 2nd Home có số lượng phòng ngủ như sau: 1 phòng ngủ\n\nĐể biết thêm thông tin, vui lòng kiểm tra chi tiết (các) lựa chọn chỗ nghỉ ở trang này.', 'Bao nhiêu khách có thể lưu trú tại Studio Garden Apartment - The 2nd Home?': 'Studio Garden Apartment - The 2nd Home có thể tiếp đón nhóm có số lượng như sau: 4 khách\n\nĐể biết thêm thông tin, vui lòng kiểm tra chi tiết (các) lựa chọn chỗ nghỉ ở trang này.', 'Tôi có thể làm gì ở Studio Garden Apartment - The 2nd Home?': 'Studio Garden Apartment - The 2nd Home có những hoạt động/dịch vụ sau (có thể áp dụng phí):', 'Studio Garden Apartment - The 2nd Home có ban công không?': 'Có, nhiều lựa chọn tại chỗ nghỉ này có ban công. Bạn có thể tìm hiểu thêm về điều này và các tiện nghi khác tại Studio Garden Apartment - The 2nd Home trên trang này.', 'Chi phí nghỉ tại Studio Garden Apartment - The 2nd Home là bao nhiêu?': 'Giá tại Studio Garden Apartment - The 2nd Home có thể khác nhau tùy vào kỳ nghỉ của bạn (ví dụ: ngày bạn chọn, chính sách khách sạn,v.v.). Vui lòng xem giá bằng cách nhập ngày của bạn.', 'Studio Garden Apartment - The 2nd Home có giờ nhận và trả phòng như thế nào?': 'Studio Garden Apartment - The 2nd Home có giờ nhận phòng từ 14:00 và giờ trả phòng trước 12:00.', 'Studio Garden Apartment - The 2nd Home cách trung tâm Đà Lạt bao xa?': 'Studio Garden Apartment - The 2nd Home cách trung tâm Đà Lạt 650 m.\nTất cả khoảng cách được đo theo đường thẳng. Khoảng cách di chuyển thực sự có thể khác.', 'Studio Garden Apartment - The 2nd Home có phổ biến với các gia đình không?': 'Có, Studio Garden Apartment - The 2nd Home khá phổ biến đối với khách đặt kỳ nghỉ gia đình.'}"
https://www.booking.com/hotel/vn/tuoi-house-thanh-pho-da-lat.vi.html,"{'Tôi có thể làm gì ở Tuôi house?': 'Tuôi house có những hoạt động/dịch vụ sau (có thể áp dụng phí):', 'Tuôi house có giờ nhận và trả phòng như thế nào?': 'Tuôi house có giờ nhận phòng từ 13:00 và giờ trả phòng trước 11:30.', 'Chi phí nghỉ tại Tuôi house là bao nhiêu?': 'Giá tại Tuôi house có thể khác nhau tùy vào kỳ nghỉ của bạn (ví dụ: ngày bạn chọn, chính sách khách sạn,v.v.). Vui lòng xem giá bằng cách nhập ngày của bạn.', 'Tuôi house cách trung tâm Đà Lạt bao xa?': 'Tuôi house cách trung tâm Đà Lạt 400 m.\nTất cả khoảng cách được đo theo đường thẳng. Khoảng cách di chuyển thực sự có thể khác.', 'Tuôi house có những loại phòng nào?': 'Lựa chọn phòng tại Tuôi house bao gồm: Phòng gia đình, Phòng giường đôi, Căn hộ'}"
https://www.booking.com/hotel/vn/my-dream.vi.html,"{'My Dream Hotel cách trung tâm Đà Lạt bao xa?': 'My Dream Hotel cách trung tâm Đà Lạt 1,1 km.\nTất cả khoảng cách được đo theo đường thẳng. Khoảng cách di chuyển thực sự có thể khác.', 'My Dream Hotel có giờ nhận và trả phòng như thế nào?': 'My Dream Hotel có giờ nhận phòng từ 12:00 và giờ trả phòng trước 12:00.', 'Chi phí nghỉ tại My Dream Hotel là bao nhiêu?': 'Giá tại My Dream Hotel có thể khác nhau tùy vào kỳ nghỉ của bạn (ví dụ: ngày bạn chọn, chính sách khách sạn,v.v.). Vui lòng xem giá bằng cách nhập ngày của bạn.', 'My Dream Hotel có những loại phòng nào?': 'Lựa chọn phòng tại My Dream Hotel bao gồm: Phòng gia đình, Phòng 3 người, Phòng giường đôi, Phòng 4 người', 'Tôi có thể làm gì ở My Dream Hotel?': 'My Dream Hotel có những hoạt động/dịch vụ sau (có thể áp dụng phí): Phòng tắm chung, Cho thuê xe đạp'}"
https://www.booking.com/hotel/vn/khach-san-tam-dung-standard-double.vi.html,"{'Tâm Dung Hotel Đà Lạt có giờ nhận và trả phòng như thế nào?': 'Tâm Dung Hotel Đà Lạt có giờ nhận phòng từ 14:00 và giờ trả phòng trước 12:00.', 'Chi phí nghỉ tại Tâm Dung Hotel Đà Lạt là bao nhiêu?': 'Giá tại Tâm Dung Hotel Đà Lạt có thể khác nhau tùy vào kỳ nghỉ của bạn (ví dụ: ngày bạn chọn, chính sách khách sạn,v.v.). Vui lòng xem giá bằng cách nhập ngày của bạn.', 'Tôi có thể làm gì ở Tâm Dung Hotel Đà Lạt?': 'Tâm Dung Hotel Đà Lạt có những hoạt động/dịch vụ sau (có thể áp dụng phí):', 'Tâm Dung Hotel Đà Lạt có phổ biến với các gia đình không?': 'Có, Tâm Dung Hotel Đà Lạt khá phổ biến đối với khách đặt kỳ nghỉ gia đình.', 'Tâm Dung Hotel Đà Lạt cách trung tâm Đà Lạt bao xa?': 'Tâm Dung Hotel Đà Lạt cách trung tâm Đà Lạt 400 m.\nTất cả khoảng cách được đo theo đường thẳng. Khoảng cách di chuyển thực sự có thể khác.', 'Tâm Dung Hotel Đà Lạt có những loại phòng nào?': 'Lựa chọn phòng tại Tâm Dung Hotel Đà Lạt bao gồm: Phòng giường đôi, Phòng 4 người, Phòng gia đình'}"
https://www.booking.com/hotel/vn/khach-san-ngan-ha-2.vi.html,"{'Khách Sạn Ngân Hà 2 có giờ nhận và trả phòng như thế nào?': 'Khách Sạn Ngân Hà 2 có giờ nhận phòng từ 12:00 và giờ trả phòng trước 12:00.', 'Khách Sạn Ngân Hà 2 cách trung tâm Bảo Lộc bao xa?': 'Khách Sạn Ngân Hà 2 cách trung tâm Bảo Lộc 1,7 km.\nTất cả khoảng cách được đo theo đường thẳng. Khoảng cách di chuyển thực sự có thể khác.', 'Tôi có thể làm gì ở Khách Sạn Ngân Hà 2?': 'Khách Sạn Ngân Hà 2 có những hoạt động/dịch vụ sau (có thể áp dụng phí):', 'Chi phí nghỉ tại Khách Sạn Ngân Hà 2 là bao nhiêu?': 'Giá tại Khách Sạn Ngân Hà 2 có thể khác nhau tùy vào kỳ nghỉ của bạn (ví dụ: ngày bạn chọn, chính sách khách sạn,v.v.). Vui lòng xem giá bằng cách nhập ngày của bạn.', 'Khách Sạn Ngân Hà 2 có những loại phòng nào?': 'Lựa chọn phòng tại Khách Sạn Ngân Hà 2 bao gồm: Phòng giường đôi'}"
https://www.booking.com/hotel/vn/view-thanh-pho-da-lat.vi.html,"{'D View Hotel có bao nhiêu phòng ngủ?': 'Bạn có thể chọn từ nhiều lựa chọn chỗ nghỉ tại D View Hotel (tùy vào tình trạng có sẵn). Những chỗ này có: 1 phòng ngủ2 phòng ngủ\n\nĐể biết thêm thông tin, vui lòng kiểm tra chi tiết (các) lựa chọn chỗ nghỉ ở trang này.', 'Chi phí nghỉ tại D View Hotel là bao nhiêu?': 'Giá tại D View Hotel có thể khác nhau tùy vào kỳ nghỉ của bạn (ví dụ: ngày bạn chọn, chính sách khách sạn,v.v.). Vui lòng xem giá bằng cách nhập ngày của bạn.', 'Bao nhiêu khách có thể lưu trú tại D View Hotel?': 'Bạn có thể chọn từ nhiều lựa chọn chỗ nghỉ tại D View Hotel (tùy vào tình trạng có sẵn). Những chỗ này có thể tiếp đón: 2 khách4 khách6 khách\n\nĐể biết thêm thông tin, vui lòng kiểm tra chi tiết (các) lựa chọn chỗ nghỉ ở trang này.', 'D View Hotel cách trung tâm Đà Lạt bao xa?': 'D View Hotel cách trung tâm Đà Lạt 800 m.\nTất cả khoảng cách được đo theo đường thẳng. Khoảng cách di chuyển thực sự có thể khác.', 'D View Hotel có giờ nhận và trả phòng như thế nào?': 'D View Hotel có giờ nhận phòng từ 14:00 và giờ trả phòng trước 12:00.', 'D View Hotel có phổ biến với các gia đình không?': 'Có, D View Hotel khá phổ biến đối với khách đặt kỳ nghỉ gia đình.', 'Tôi có thể làm gì ở D View Hotel?': 'D View Hotel có những hoạt động/dịch vụ sau (có thể áp dụng phí): Cho thuê xe đạp'}"
https://www.booking.com/hotel/vn/song-trang.vi.html,"{'Sông Trăng có những loại phòng nào?': 'Lựa chọn phòng tại Sông Trăng bao gồm: Phòng giường đôi, Phòng 4 người, Phòng đơn, Phòng 2 giường đơn ', 'Chi phí nghỉ tại Sông Trăng là bao nhiêu?': 'Giá tại Sông Trăng có thể khác nhau tùy vào kỳ nghỉ của bạn (ví dụ: ngày bạn chọn, chính sách khách sạn,v.v.). Vui lòng xem giá bằng cách nhập ngày của bạn.', 'Sông Trăng có giờ nhận và trả phòng như thế nào?': 'Sông Trăng có giờ nhận phòng từ 14:00 và giờ trả phòng trước 12:00.', 'Tôi có thể làm gì ở Sông Trăng?': 'Sông Trăng có những hoạt động/dịch vụ sau (có thể áp dụng phí):', 'Sông Trăng cách trung tâm Đà Lạt bao xa?': 'Sông Trăng cách trung tâm Đà Lạt 450 m.\nTất cả khoảng cách được đo theo đường thẳng. Khoảng cách di chuyển thực sự có thể khác.'}"
https://www.booking.com/hotel/vn/can-ho-tai-da-lat-thanh-pho-da-lat1.vi.html,"{'Căn hộ tại Đà Lạt cách trung tâm Ấp Xuân An bao xa?': 'Căn hộ tại Đà Lạt cách trung tâm Ấp Xuân An 950 m.\nTất cả khoảng cách được đo theo đường thẳng. Khoảng cách di chuyển thực sự có thể khác.', 'Bao nhiêu khách có thể lưu trú tại Căn hộ tại Đà Lạt?': 'Bạn có thể chọn từ nhiều lựa chọn chỗ nghỉ tại Căn hộ tại Đà Lạt (tùy vào tình trạng có sẵn). Những chỗ này có thể tiếp đón: 4 khách6 khách8 khách\n\nĐể biết thêm thông tin, vui lòng kiểm tra chi tiết (các) lựa chọn chỗ nghỉ ở trang này.', 'Căn hộ tại Đà Lạt có giờ nhận và trả phòng như thế nào?': 'Căn hộ tại Đà Lạt có giờ nhận phòng từ 14:00 và giờ trả phòng trước 11:00.', 'Chi phí nghỉ tại Căn hộ tại Đà Lạt là bao nhiêu?': 'Giá tại Căn hộ tại Đà Lạt có thể khác nhau tùy vào kỳ nghỉ của bạn (ví dụ: ngày bạn chọn, chính sách khách sạn,v.v.). Vui lòng xem giá bằng cách nhập ngày của bạn.', 'Căn hộ tại Đà Lạt có bao nhiêu phòng ngủ?': 'Bạn có thể chọn từ nhiều lựa chọn chỗ nghỉ tại Căn hộ tại Đà Lạt (tùy vào tình trạng có sẵn). Những chỗ này có: 1 phòng ngủ2 phòng ngủ3 phòng ngủ\n\nĐể biết thêm thông tin, vui lòng kiểm tra chi tiết (các) lựa chọn chỗ nghỉ ở trang này.', 'Căn hộ tại Đà Lạt có ban công không?': 'Có, nhiều lựa chọn tại chỗ nghỉ này có ban công. Bạn có thể tìm hiểu thêm về điều này và các tiện nghi khác tại Căn hộ tại Đà Lạt trên trang này.', 'Căn hộ tại Đà Lạt có sân hiên không?': 'Có, nhiều lựa chọn tại chỗ nghỉ này có sân hiên. Bạn có thể tìm hiểu thêm về điều này và các tiện nghi khác tại Căn hộ tại Đà Lạt trên trang này.', 'Tôi có thể làm gì ở Căn hộ tại Đà Lạt?': 'Căn hộ tại Đà Lạt có những hoạt động/dịch vụ sau (có thể áp dụng phí):'}"
https://www.booking.com/hotel/vn/hls-dalat-lodge.vi.html,"{'HLS Dalat Lodge có giờ nhận và trả phòng như thế nào?': 'H, L, S Dalat Lodge có giờ nhận phòng từ 14:00 và giờ trả phòng trước 12:00.', 'HLS Dalat Lodge có những loại phòng nào?': 'Lựa chọn phòng tại H, L, S Dalat Lodge bao gồm: Phòng 2 giường đơn Phòng giường đôi, Suite', 'Chi phí nghỉ tại HLS Dalat Lodge là bao nhiêu?': 'Giá tại H, L, S Dalat Lodge có thể khác nhau tùy vào kỳ nghỉ của bạn (ví dụ: ngày bạn chọn, chính sách khách sạn,v.v.). Vui lòng xem giá bằng cách nhập ngày của bạn.', 'Tôi có thể làm gì ở HLS Dalat Lodge?': 'H, L, S Dalat Lodge có những hoạt động/dịch vụ sau (có thể áp dụng phí):', 'HLS Dalat Lodge cách trung tâm Đà Lạt bao xa?': 'H, L, S Dalat Lodge cách trung tâm Đà Lạt 1,9 km.\nTất cả khoảng cách được đo theo đường thẳng. Khoảng cách di chuyển thực sự có thể khác.'}"
https://www.booking.com/hotel/vn/our-stories.vi.html,"{'Our stories có bao nhiêu phòng ngủ?': 'Our stories có số lượng phòng ngủ như sau: 5 phòng ngủ\n\nĐể biết thêm thông tin, vui lòng kiểm tra chi tiết (các) lựa chọn chỗ nghỉ ở trang này.', 'Our stories cách trung tâm Khu Chi Lăng bao xa?': 'Our stories cách trung tâm Khu Chi Lăng 1,2 km.\nTất cả khoảng cách được đo theo đường thẳng. Khoảng cách di chuyển thực sự có thể khác.', 'Our stories có giờ nhận và trả phòng như thế nào?': 'Our stories có giờ nhận phòng từ 14:00 và giờ trả phòng trước 11:00.', 'Our stories có sân hiên không?': 'Có, nhiều lựa chọn tại chỗ nghỉ này có sân hiên. Bạn có thể tìm hiểu thêm về điều này và các tiện nghi khác tại Our stories trên trang này.', 'Chi phí nghỉ tại Our stories là bao nhiêu?': 'Giá tại Our stories có thể khác nhau tùy vào kỳ nghỉ của bạn (ví dụ: ngày bạn chọn, chính sách khách sạn,v.v.). Vui lòng xem giá bằng cách nhập ngày của bạn.', 'Bao nhiêu khách có thể lưu trú tại Our stories?': 'Our stories có thể tiếp đón nhóm có số lượng như sau: 18 khách\n\nĐể biết thêm thông tin, vui lòng kiểm tra chi tiết (các) lựa chọn chỗ nghỉ ở trang này.', 'Tôi có thể làm gì ở Our stories?': 'Our stories có những hoạt động/dịch vụ sau (có thể áp dụng phí):'}"
https://www.booking.com/hotel/vn/ca-phe-camping-mimosa.vi.html,"{'Cà phê camping mimosa có giờ nhận và trả phòng như thế nào?': 'Cà phê camping mimosa có giờ nhận phòng từ 08:00 và giờ trả phòng trước 11:00.', 'Cà phê camping mimosa cách trung tâm Ấp Ða Lợi bao xa?': 'Cà phê camping mimosa cách trung tâm Ấp Ða Lợi 3,1 km.\nTất cả khoảng cách được đo theo đường thẳng. Khoảng cách di chuyển thực sự có thể khác.', 'Tôi có thể làm gì ở Cà phê camping mimosa?': 'Cà phê camping mimosa có những hoạt động/dịch vụ sau (có thể áp dụng phí): Trung tâm thể dục, Xe đạp, Đi bộ đường dài, Câu cáKaraoke, Giải trí buổi tối, Đêm phim, Lớp học yoga, Nhảy/khám phá bar, Lớp dạy nấu ăn, Giờ vàng, Thiết bị dành cho cầu lông, Triển lãm tranh đương đại, Sự kiện thể thao (truyền hình trực tiếp)Tour đi xe đạp, Lớp thể dục, Hài độc thoại, Biểu diễn/nhạc sống, Tour/lớp về văn hóa địa phương, Thiết bị dành cho tennis, Tour đi bộ, Bắn cung, Bữa tối theo chủ đề, Phòng gym', 'Cà phê camping mimosa có nhà hàng trong khuôn viên không?': 'Cà phê camping mimosa có 1 nhà hàng: Cà phê mimosa', 'Chi phí nghỉ tại Cà phê camping mimosa là bao nhiêu?': 'Giá tại Cà phê camping mimosa có thể khác nhau tùy vào kỳ nghỉ của bạn (ví dụ: ngày bạn chọn, chính sách khách sạn,v.v.). Vui lòng xem giá bằng cách nhập ngày của bạn.'}"
https://www.booking.com/hotel/vn/vuon-xuan-thanh-pho-da-lat.vi.html,"{'Vuon Xuan Hotel - STAY 24H có những loại phòng nào?': 'Lựa chọn phòng tại Vuon Xuan Hotel - S, T, A, Y 24H bao gồm: Phòng giường đôi, Phòng gia đình, Suite, Phòng giường đôi/2 giường đơn, Phòng 3 người', 'Vuon Xuan Hotel - STAY 24H có giờ nhận và trả phòng như thế nào?': 'Vuon Xuan Hotel - S, T, A, Y 24H có giờ nhận phòng từ 14:00 và giờ trả phòng trước 12:00.', 'Vuon Xuan Hotel - STAY 24H cách trung tâm Đà Lạt bao xa?': 'Vuon Xuan Hotel - S, T, A, Y 24H cách trung tâm Đà Lạt 1,9 km.\nTất cả khoảng cách được đo theo đường thẳng. Khoảng cách di chuyển thực sự có thể khác.', 'Tôi có thể làm gì ở Vuon Xuan Hotel - STAY 24H?': 'Vuon Xuan Hotel - S, T, A, Y 24H có những hoạt động/dịch vụ sau (có thể áp dụng phí): Phòng tắm không gian mở, Phòng tắm chung', 'Vuon Xuan Hotel - STAY 24H có phổ biến với các gia đình không?': 'Có, Vuon Xuan Hotel - S, T, A, Y 24H khá phổ biến đối với khách đặt kỳ nghỉ gia đình.', 'Chi phí nghỉ tại Vuon Xuan Hotel - STAY 24H là bao nhiêu?': 'Giá tại Vuon Xuan Hotel - S, T, A, Y 24H có thể khác nhau tùy vào kỳ nghỉ của bạn (ví dụ: ngày bạn chọn, chính sách khách sạn,v.v.). Vui lòng xem giá bằng cách nhập ngày của bạn.'}"
https://www.booking.com/hotel/vn/chocolate-home.vi.html,"{'Chocolate Home có giờ nhận và trả phòng như thế nào?': 'Chocolate Home có giờ nhận phòng từ 14:00 và giờ trả phòng trước 12:00.', 'Chi phí nghỉ tại Chocolate Home là bao nhiêu?': 'Giá tại Chocolate Home có thể khác nhau tùy vào kỳ nghỉ của bạn (ví dụ: ngày bạn chọn, chính sách khách sạn,v.v.). Vui lòng xem giá bằng cách nhập ngày của bạn.', 'Tôi có thể làm gì ở Chocolate Home?': 'Chocolate Home có những hoạt động/dịch vụ sau (có thể áp dụng phí): Xe đạp, Đi bộ đường dài', 'Chocolate Home cách trung tâm Đà Lạt bao xa?': 'Chocolate Home cách trung tâm Đà Lạt 1,6 km.\nTất cả khoảng cách được đo theo đường thẳng. Khoảng cách di chuyển thực sự có thể khác.'}"
https://www.booking.com/hotel/vn/mia-villa-da-lat.vi.html,"{'Chi phí nghỉ tại MIA Villa Đà Lạt là bao nhiêu?': 'Giá tại M, I, A Villa Đà Lạt có thể khác nhau tùy vào kỳ nghỉ của bạn (ví dụ: ngày bạn chọn, chính sách khách sạn,v.v.). Vui lòng xem giá bằng cách nhập ngày của bạn.', 'MIA Villa Đà Lạt cách trung tâm Khu Chi Lăng bao xa?': 'M, I, A Villa Đà Lạt cách trung tâm Khu Chi Lăng 700 m.\nTất cả khoảng cách được đo theo đường thẳng. Khoảng cách di chuyển thực sự có thể khác.', 'Tôi có thể làm gì ở MIA Villa Đà Lạt?': 'M, I, A Villa Đà Lạt có những hoạt động/dịch vụ sau (có thể áp dụng phí):', 'MIA Villa Đà Lạt có giờ nhận và trả phòng như thế nào?': 'M, I, A Villa Đà Lạt có giờ nhận phòng từ 14:00 và giờ trả phòng trước 12:00.'}"
https://www.booking.com/hotel/vn/an-tam-house-da-lat.vi.html,"{'AN TÂM House Đà Lạt cách trung tâm Đà Lạt bao xa?': 'A, N TÂ, M House Đà Lạt cách trung tâm Đà Lạt 1,9 km.\nTất cả khoảng cách được đo theo đường thẳng. Khoảng cách di chuyển thực sự có thể khác.', 'Tôi có thể làm gì ở AN TÂM House Đà Lạt?': 'A, N TÂ, M House Đà Lạt có những hoạt động/dịch vụ sau (có thể áp dụng phí): Tour đi bộ, Tour/lớp về văn hóa địa phương, Tour đi xe đạp, Cho thuê xe đạp', 'AN TÂM House Đà Lạt có những loại phòng nào?': 'Lựa chọn phòng tại A, N TÂ, M House Đà Lạt bao gồm: Phòng giường đôi, Phòng gia đình', 'Chi phí nghỉ tại AN TÂM House Đà Lạt là bao nhiêu?': 'Giá tại A, N TÂ, M House Đà Lạt có thể khác nhau tùy vào kỳ nghỉ của bạn (ví dụ: ngày bạn chọn, chính sách khách sạn,v.v.). Vui lòng xem giá bằng cách nhập ngày của bạn.', 'AN TÂM House Đà Lạt có phổ biến với các gia đình không?': 'Có, A, N TÂ, M House Đà Lạt khá phổ biến đối với khách đặt kỳ nghỉ gia đình.', 'AN TÂM House Đà Lạt có giờ nhận và trả phòng như thế nào?': 'A, N TÂ, M House Đà Lạt có giờ nhận phòng từ 14:00 và giờ trả phòng trước 12:00.'}"
https://www.booking.com/hotel/vn/iris-dalat.vi.html,"{'Tôi có thể làm gì ở Iris Dalat Hotel?': 'Iris Dalat Hotel có những hoạt động/dịch vụ sau (có thể áp dụng phí):', 'Iris Dalat Hotel có những loại phòng nào?': 'Lựa chọn phòng tại Iris Dalat Hotel bao gồm: Phòng giường đôi, Phòng 2 giường đơn Phòng gia đình', 'Iris Dalat Hotel có nhà hàng trong khuôn viên không?': 'Iris Dalat Hotel có 1 nhà hàng: Iris Restaurant', 'Iris Dalat Hotel có giờ nhận và trả phòng như thế nào?': 'Iris Dalat Hotel có giờ nhận phòng từ 14:00 và giờ trả phòng trước 12:00.', 'Iris Dalat Hotel cách trung tâm Đà Lạt bao xa?': 'Iris Dalat Hotel cách trung tâm Đà Lạt 450 m.\nTất cả khoảng cách được đo theo đường thẳng. Khoảng cách di chuyển thực sự có thể khác.', 'Chi phí nghỉ tại Iris Dalat Hotel là bao nhiêu?': 'Giá tại Iris Dalat Hotel có thể khác nhau tùy vào kỳ nghỉ của bạn (ví dụ: ngày bạn chọn, chính sách khách sạn,v.v.). Vui lòng xem giá bằng cách nhập ngày của bạn.'}"
https://www.booking.com/hotel/vn/khach-san-dieu-thong.vi.html,"{'Dieu Thong Hotel cách trung tâm Đà Lạt bao xa?': 'Dieu Thong Hotel cách trung tâm Đà Lạt 2,3 km.\nTất cả khoảng cách được đo theo đường thẳng. Khoảng cách di chuyển thực sự có thể khác.', 'Dieu Thong Hotel có phổ biến với các gia đình không?': 'Có, Dieu Thong Hotel khá phổ biến đối với khách đặt kỳ nghỉ gia đình.', 'Tôi có thể làm gì ở Dieu Thong Hotel?': 'Dieu Thong Hotel có những hoạt động/dịch vụ sau (có thể áp dụng phí): Phòng tắm chung', 'Dieu Thong Hotel có những loại phòng nào?': 'Lựa chọn phòng tại Dieu Thong Hotel bao gồm: Bungalow, Phòng giường đôi, Phòng 4 người, Suite, Phòng gia đình, Căn hộ', 'Dieu Thong Hotel có giờ nhận và trả phòng như thế nào?': 'Dieu Thong Hotel có giờ nhận phòng từ 12:00 và giờ trả phòng trước 11:00.', 'Chi phí nghỉ tại Dieu Thong Hotel là bao nhiêu?': 'Giá tại Dieu Thong Hotel có thể khác nhau tùy vào kỳ nghỉ của bạn (ví dụ: ngày bạn chọn, chính sách khách sạn,v.v.). Vui lòng xem giá bằng cách nhập ngày của bạn.'}"
https://www.booking.com/hotel/vn/lily-homestay-lac-duong.vi.html,"{'Lily homestay cách trung tâm Da Ðeum (2) bao xa?': 'Lily homestay cách trung tâm Da Ðeum (2) 9 km.\nTất cả khoảng cách được đo theo đường thẳng. Khoảng cách di chuyển thực sự có thể khác.', 'Tôi có thể làm gì ở Lily homestay?': 'Lily homestay có những hoạt động/dịch vụ sau (có thể áp dụng phí):', 'Chi phí nghỉ tại Lily homestay là bao nhiêu?': 'Giá tại Lily homestay có thể khác nhau tùy vào kỳ nghỉ của bạn (ví dụ: ngày bạn chọn, chính sách khách sạn,v.v.). Vui lòng xem giá bằng cách nhập ngày của bạn.', 'Lily homestay có giờ nhận và trả phòng như thế nào?': 'Lily homestay có giờ nhận phòng từ 12:00 và giờ trả phòng trước 14:00.'}"
https://www.booking.com/hotel/vn/mai-diamond-thanh-pho-da-lat1.vi.html,"{'Tôi có thể làm gì ở Mai DiaMond Hotel?': 'Mai Dia, Mond Hotel có những hoạt động/dịch vụ sau (có thể áp dụng phí): Xe đạp, Bida, Karaoke, Giải trí buổi tối, Cho thuê xe đạp', 'Mai DiaMond Hotel cách trung tâm Đà Lạt bao xa?': 'Mai Dia, Mond Hotel cách trung tâm Đà Lạt 3 km.\nTất cả khoảng cách được đo theo đường thẳng. Khoảng cách di chuyển thực sự có thể khác.', 'Mai DiaMond Hotel có những loại phòng nào?': 'Lựa chọn phòng tại Mai Dia, Mond Hotel bao gồm: Phòng 3 người, Phòng giường đôi, Phòng 2 giường đơn ', 'Chi phí nghỉ tại Mai DiaMond Hotel là bao nhiêu?': 'Giá tại Mai Dia, Mond Hotel có thể khác nhau tùy vào kỳ nghỉ của bạn (ví dụ: ngày bạn chọn, chính sách khách sạn,v.v.). Vui lòng xem giá bằng cách nhập ngày của bạn.', 'Mai DiaMond Hotel có giờ nhận và trả phòng như thế nào?': 'Mai Dia, Mond Hotel có giờ nhận phòng từ 14:00 và giờ trả phòng trước 12:00.'}"
https://www.booking.com/hotel/vn/xuan-cuong.vi.html,"{'Xuan Cuong Hotel có giờ nhận và trả phòng như thế nào?': 'Xuan Cuong Hotel có giờ nhận phòng từ 14:00 và giờ trả phòng trước 12:00.', 'Xuan Cuong Hotel cách trung tâm Đà Lạt bao xa?': 'Xuan Cuong Hotel cách trung tâm Đà Lạt 550 m.\nTất cả khoảng cách được đo theo đường thẳng. Khoảng cách di chuyển thực sự có thể khác.', 'Tôi có thể làm gì ở Xuan Cuong Hotel?': 'Xuan Cuong Hotel có những hoạt động/dịch vụ sau (có thể áp dụng phí): Sân gôn (trong vòng 3km)', 'Xuan Cuong Hotel có những loại phòng nào?': 'Lựa chọn phòng tại Xuan Cuong Hotel bao gồm: Phòng giường đôi, Phòng 4 người, Phòng gia đình', 'Chi phí nghỉ tại Xuan Cuong Hotel là bao nhiêu?': 'Giá tại Xuan Cuong Hotel có thể khác nhau tùy vào kỳ nghỉ của bạn (ví dụ: ngày bạn chọn, chính sách khách sạn,v.v.). Vui lòng xem giá bằng cách nhập ngày của bạn.'}"
https://www.booking.com/hotel/vn/caribe-homestay-lam-ha-lam-dong.vi.html,"{'Tôi có thể làm gì ở Caribe homestay Lâm Hà Lâm Đồng?': 'Caribe homestay Lâm Hà Lâm Đồng có những hoạt động/dịch vụ sau (có thể áp dụng phí):', 'Caribe homestay Lâm Hà Lâm Đồng có giờ nhận và trả phòng như thế nào?': 'Caribe homestay Lâm Hà Lâm Đồng có giờ nhận phòng từ 14:00 và giờ trả phòng trước 13:00.', 'Caribe homestay Lâm Hà Lâm Đồng có bao nhiêu phòng ngủ?': 'Caribe homestay Lâm Hà Lâm Đồng có số lượng phòng ngủ như sau: 1 phòng ngủ\n\nĐể biết thêm thông tin, vui lòng kiểm tra chi tiết (các) lựa chọn chỗ nghỉ ở trang này.', 'Bao nhiêu khách có thể lưu trú tại Caribe homestay Lâm Hà Lâm Đồng?': 'Bạn có thể chọn từ nhiều lựa chọn chỗ nghỉ tại Caribe homestay Lâm Hà Lâm Đồng (tùy vào tình trạng có sẵn). Những chỗ này có thể tiếp đón: 2 khách4 khách\n\nĐể biết thêm thông tin, vui lòng kiểm tra chi tiết (các) lựa chọn chỗ nghỉ ở trang này.', 'Caribe homestay Lâm Hà Lâm Đồng cách trung tâm Lam Ha bao xa?': 'Caribe homestay Lâm Hà Lâm Đồng cách trung tâm Lam Ha 1,9 km.\nTất cả khoảng cách được đo theo đường thẳng. Khoảng cách di chuyển thực sự có thể khác.', 'Caribe homestay Lâm Hà Lâm Đồng có ban công không?': 'Có, nhiều lựa chọn tại chỗ nghỉ này có ban công. Bạn có thể tìm hiểu thêm về điều này và các tiện nghi khác tại Caribe homestay Lâm Hà Lâm Đồng trên trang này.', 'Caribe homestay Lâm Hà Lâm Đồng có sân hiên không?': 'Có, nhiều lựa chọn tại chỗ nghỉ này có sân hiên. Bạn có thể tìm hiểu thêm về điều này và các tiện nghi khác tại Caribe homestay Lâm Hà Lâm Đồng trên trang này.', 'Chi phí nghỉ tại Caribe homestay Lâm Hà Lâm Đồng là bao nhiêu?': 'Giá tại Caribe homestay Lâm Hà Lâm Đồng có thể khác nhau tùy vào kỳ nghỉ của bạn (ví dụ: ngày bạn chọn, chính sách khách sạn,v.v.). Vui lòng xem giá bằng cách nhập ngày của bạn.'}"
https://www.booking.com/hotel/vn/golden-rum.vi.html,"{'Chi phí nghỉ tại Golden Rum Hotel là bao nhiêu?': 'Giá tại Golden Rum Hotel có thể khác nhau tùy vào kỳ nghỉ của bạn (ví dụ: ngày bạn chọn, chính sách khách sạn,v.v.). Vui lòng xem giá bằng cách nhập ngày của bạn.', 'Golden Rum Hotel cách trung tâm Đà Lạt bao xa?': 'Golden Rum Hotel cách trung tâm Đà Lạt 1,4 km.\nTất cả khoảng cách được đo theo đường thẳng. Khoảng cách di chuyển thực sự có thể khác.', 'Golden Rum Hotel có những loại phòng nào?': 'Lựa chọn phòng tại Golden Rum Hotel bao gồm: Phòng 4 người, Phòng tập thểPhòng gia đình, Phòng giường đôi, Phòng đơn', 'Tôi có thể làm gì ở Golden Rum Hotel?': 'Golden Rum Hotel có những hoạt động/dịch vụ sau (có thể áp dụng phí):', 'Golden Rum Hotel có giờ nhận và trả phòng như thế nào?': 'Golden Rum Hotel có giờ nhận phòng từ 14:00 và giờ trả phòng trước 12:00.', 'Golden Rum Hotel có phổ biến với các gia đình không?': 'Có, Golden Rum Hotel khá phổ biến đối với khách đặt kỳ nghỉ gia đình.'}"
https://www.booking.com/hotel/vn/sammy-dalat.vi.html,"{'Sammy Dalat Hotel có nhà hàng trong khuôn viên không?': 'Sammy Dalat Hotel có 2 nhà hàng: Nhà hàng, Seahorse', 'Sammy Dalat Hotel cách trung tâm Đà Lạt bao xa?': 'Sammy Dalat Hotel cách trung tâm Đà Lạt 950 m.\nTất cả khoảng cách được đo theo đường thẳng. Khoảng cách di chuyển thực sự có thể khác.', 'Sammy Dalat Hotel có giờ nhận và trả phòng như thế nào?': 'Sammy Dalat Hotel có giờ nhận phòng từ 14:00 và giờ trả phòng trước 12:00.', 'Tôi có thể làm gì ở Sammy Dalat Hotel?': 'Sammy Dalat Hotel có những hoạt động/dịch vụ sau (có thể áp dụng phí): Phòng xông hơi, Massage, Karaoke, Sân gôn (trong vòng 3km)Vũ trường/D, J, Biểu diễn/nhạc sống, Cho thuê xe đạp', 'Sammy Dalat Hotel có những loại phòng nào?': 'Lựa chọn phòng tại Sammy Dalat Hotel bao gồm: Phòng giường đôi/2 giường đơn, Suite', 'Chi phí nghỉ tại Sammy Dalat Hotel là bao nhiêu?': 'Giá tại Sammy Dalat Hotel có thể khác nhau tùy vào kỳ nghỉ của bạn (ví dụ: ngày bạn chọn, chính sách khách sạn,v.v.). Vui lòng xem giá bằng cách nhập ngày của bạn.'}"
https://www.booking.com/hotel/vn/dream-luxury.vi.html,"{'Dream Luxury Hotel có nhà hàng trong khuôn viên không?': 'Dream Luxury Hotel có 1 nhà hàng: Nhà hàng ăn sáng', 'Dream Luxury Hotel cách trung tâm Đà Lạt bao xa?': 'Dream Luxury Hotel cách trung tâm Đà Lạt 500 m.\nTất cả khoảng cách được đo theo đường thẳng. Khoảng cách di chuyển thực sự có thể khác.', 'Dream Luxury Hotel có những loại phòng nào?': 'Lựa chọn phòng tại Dream Luxury Hotel bao gồm: Phòng giường đôi, Suite, Phòng gia đình', 'Chi phí nghỉ tại Dream Luxury Hotel là bao nhiêu?': 'Giá tại Dream Luxury Hotel có thể khác nhau tùy vào kỳ nghỉ của bạn (ví dụ: ngày bạn chọn, chính sách khách sạn,v.v.). Vui lòng xem giá bằng cách nhập ngày của bạn.', 'Dream Luxury Hotel có giờ nhận và trả phòng như thế nào?': 'Dream Luxury Hotel có giờ nhận phòng từ 14:00 và giờ trả phòng trước 12:00.', 'Tôi có thể làm gì ở Dream Luxury Hotel?': 'Dream Luxury Hotel có những hoạt động/dịch vụ sau (có thể áp dụng phí): Tour đi bộ, Tour/lớp về văn hóa địa phương, Tour đi xe đạp, Sự kiện thể thao (truyền hình trực tiếp)'}"
https://www.booking.com/hotel/vn/nay-bungalow-dalat.vi.html,"{'Tôi có thể làm gì ở Nay Bungalow Dalat?': 'Nay Bungalow Dalat có những hoạt động/dịch vụ sau (có thể áp dụng phí): Sân chơi trẻ em', 'Nay Bungalow Dalat có những loại phòng nào?': 'Lựa chọn phòng tại Nay Bungalow Dalat bao gồm: Bungalow, Chalet', 'Nay Bungalow Dalat có giờ nhận và trả phòng như thế nào?': 'Nay Bungalow Dalat có giờ nhận phòng từ 13:00 và giờ trả phòng trước 13:00.', 'Nay Bungalow Dalat có phổ biến với các gia đình không?': 'Có, Nay Bungalow Dalat khá phổ biến đối với khách đặt kỳ nghỉ gia đình.', 'Chi phí nghỉ tại Nay Bungalow Dalat là bao nhiêu?': 'Giá tại Nay Bungalow Dalat có thể khác nhau tùy vào kỳ nghỉ của bạn (ví dụ: ngày bạn chọn, chính sách khách sạn,v.v.). Vui lòng xem giá bằng cách nhập ngày của bạn.', 'Nay Bungalow Dalat cách trung tâm Đà Lạt bao xa?': 'Nay Bungalow Dalat cách trung tâm Đà Lạt 2,8 km.\nTất cả khoảng cách được đo theo đường thẳng. Khoảng cách di chuyển thực sự có thể khác.'}"
https://www.booking.com/hotel/vn/roy-villa-coffee-da-lat.vi.html,"{'ROY VILLA COFFEE có nhà hàng trong khuôn viên không?': 'R, O, Y V, I, L, L, A C, O, F, F, E, E có 1 nhà hàng: Nhà hàng #1', 'Chi phí nghỉ tại ROY VILLA COFFEE là bao nhiêu?': 'Giá tại R, O, Y V, I, L, L, A C, O, F, F, E, E có thể khác nhau tùy vào kỳ nghỉ của bạn (ví dụ: ngày bạn chọn, chính sách khách sạn,v.v.). Vui lòng xem giá bằng cách nhập ngày của bạn.', 'ROY VILLA COFFEE cách trung tâm Đà Lạt bao xa?': 'R, O, Y V, I, L, L, A C, O, F, F, E, E cách trung tâm Đà Lạt 950 m.\nTất cả khoảng cách được đo theo đường thẳng. Khoảng cách di chuyển thực sự có thể khác.', 'Bao nhiêu khách có thể lưu trú tại ROY VILLA COFFEE?': 'R, O, Y V, I, L, L, A C, O, F, F, E, E có thể tiếp đón nhóm có số lượng như sau: 12 khách\n\nĐể biết thêm thông tin, vui lòng kiểm tra chi tiết (các) lựa chọn chỗ nghỉ ở trang này.', 'ROY VILLA COFFEE có sân hiên không?': 'Có, nhiều lựa chọn tại chỗ nghỉ này có sân hiên. Bạn có thể tìm hiểu thêm về điều này và các tiện nghi khác tại R, O, Y V, I, L, L, A C, O, F, F, E, E trên trang này.', 'ROY VILLA COFFEE có phổ biến với các gia đình không?': 'Có, R, O, Y V, I, L, L, A C, O, F, F, E, E khá phổ biến đối với khách đặt kỳ nghỉ gia đình.', 'ROY VILLA COFFEE có giờ nhận và trả phòng như thế nào?': 'R, O, Y V, I, L, L, A C, O, F, F, E, E có giờ nhận phòng từ 14:00 và giờ trả phòng trước 12:00.', 'Tôi có thể làm gì ở ROY VILLA COFFEE?': 'R, O, Y V, I, L, L, A C, O, F, F, E, E có những hoạt động/dịch vụ sau (có thể áp dụng phí): Sân tennis, Tour/lớp về văn hóa địa phương', 'ROY VILLA COFFEE có bao nhiêu phòng ngủ?': 'R, O, Y V, I, L, L, A C, O, F, F, E, E có số lượng phòng ngủ như sau: 4 phòng ngủ\n\nĐể biết thêm thông tin, vui lòng kiểm tra chi tiết (các) lựa chọn chỗ nghỉ ở trang này.'}"
https://www.booking.com/hotel/vn/thanh-dat-thanh-pho-da-lat123.vi.html,"{'Chi phí nghỉ tại Thanh Dat Hotel là bao nhiêu?': 'Giá tại Thanh Dat Hotel có thể khác nhau tùy vào kỳ nghỉ của bạn (ví dụ: ngày bạn chọn, chính sách khách sạn,v.v.). Vui lòng xem giá bằng cách nhập ngày của bạn.', 'Thanh Dat Hotel có những loại phòng nào?': 'Lựa chọn phòng tại Thanh Dat Hotel bao gồm: Phòng giường đôi, Phòng 2 giường đơn ', 'Tôi có thể làm gì ở Thanh Dat Hotel?': 'Thanh Dat Hotel có những hoạt động/dịch vụ sau (có thể áp dụng phí):', 'Thanh Dat Hotel cách trung tâm Đà Lạt bao xa?': 'Thanh Dat Hotel cách trung tâm Đà Lạt 750 m.\nTất cả khoảng cách được đo theo đường thẳng. Khoảng cách di chuyển thực sự có thể khác.', 'Thanh Dat Hotel có giờ nhận và trả phòng như thế nào?': 'Thanh Dat Hotel có giờ nhận phòng từ 14:00 và giờ trả phòng trước 12:00.'}"
https://www.booking.com/hotel/vn/miri-villa-cafe.vi.html,"{'Miri Villa Cafe có những loại phòng nào?': 'Lựa chọn phòng tại Miri Villa Cafe bao gồm: Phòng giường đôi, Phòng 4 người', 'Miri Villa Cafe có phổ biến với các gia đình không?': 'Có, Miri Villa Cafe khá phổ biến đối với khách đặt kỳ nghỉ gia đình.', 'Tôi có thể làm gì ở Miri Villa Cafe?': 'Miri Villa Cafe có những hoạt động/dịch vụ sau (có thể áp dụng phí):', 'Miri Villa Cafe có giờ nhận và trả phòng như thế nào?': 'Miri Villa Cafe có giờ nhận phòng từ 14:00 và giờ trả phòng trước 12:00.', 'Chi phí nghỉ tại Miri Villa Cafe là bao nhiêu?': 'Giá tại Miri Villa Cafe có thể khác nhau tùy vào kỳ nghỉ của bạn (ví dụ: ngày bạn chọn, chính sách khách sạn,v.v.). Vui lòng xem giá bằng cách nhập ngày của bạn.', 'Miri Villa Cafe cách trung tâm Đà Lạt bao xa?': 'Miri Villa Cafe cách trung tâm Đà Lạt 4,5 km.\nTất cả khoảng cách được đo theo đường thẳng. Khoảng cách di chuyển thực sự có thể khác.'}"
https://www.booking.com/hotel/vn/nha-nghi-kim-minh-thanh-pho-da-lat1.vi.html,"{'Kim Minh House có những loại phòng nào?': 'Lựa chọn phòng tại Kim Minh House bao gồm: Phòng giường đôi, Phòng 4 người, Phòng gia đình', 'Kim Minh House có giờ nhận và trả phòng như thế nào?': 'Kim Minh House có giờ nhận phòng từ 11:00 và giờ trả phòng trước 12:00.', 'Tôi có thể làm gì ở Kim Minh House?': 'Kim Minh House có những hoạt động/dịch vụ sau (có thể áp dụng phí):', 'Chi phí nghỉ tại Kim Minh House là bao nhiêu?': 'Giá tại Kim Minh House có thể khác nhau tùy vào kỳ nghỉ của bạn (ví dụ: ngày bạn chọn, chính sách khách sạn,v.v.). Vui lòng xem giá bằng cách nhập ngày của bạn.', 'Kim Minh House cách trung tâm Đà Lạt bao xa?': 'Kim Minh House cách trung tâm Đà Lạt 500 m.\nTất cả khoảng cách được đo theo đường thẳng. Khoảng cách di chuyển thực sự có thể khác.'}"
https://www.booking.com/hotel/vn/bonjour-da-lat-thanh-pho-da-lat.vi.html,"{'Bonjour Da Lat Hotel có giờ nhận và trả phòng như thế nào?': 'Bonjour Da Lat Hotel có giờ nhận phòng từ 14:00 và giờ trả phòng trước 12:00.', 'Chi phí nghỉ tại Bonjour Da Lat Hotel là bao nhiêu?': 'Giá tại Bonjour Da Lat Hotel có thể khác nhau tùy vào kỳ nghỉ của bạn (ví dụ: ngày bạn chọn, chính sách khách sạn,v.v.). Vui lòng xem giá bằng cách nhập ngày của bạn.', 'Bonjour Da Lat Hotel có những loại phòng nào?': 'Lựa chọn phòng tại Bonjour Da Lat Hotel bao gồm: Suite, Phòng gia đình', 'Bonjour Da Lat Hotel có phổ biến với các gia đình không?': 'Có, Bonjour Da Lat Hotel khá phổ biến đối với khách đặt kỳ nghỉ gia đình.', 'Tôi có thể làm gì ở Bonjour Da Lat Hotel?': 'Bonjour Da Lat Hotel có những hoạt động/dịch vụ sau (có thể áp dụng phí):', 'Bonjour Da Lat Hotel cách trung tâm Đà Lạt bao xa?': 'Bonjour Da Lat Hotel cách trung tâm Đà Lạt 3,5 km.\nTất cả khoảng cách được đo theo đường thẳng. Khoảng cách di chuyển thực sự có thể khác.', 'Bonjour Da Lat Hotel có nhà hàng trong khuôn viên không?': 'Bonjour Da Lat Hotel có 1 nhà hàng: Nhà hàng'}"
https://www.booking.com/hotel/vn/duy-long.vi.html,"{'Tôi có thể làm gì ở Duy Long Hotel?': 'Duy Long Hotel có những hoạt động/dịch vụ sau (có thể áp dụng phí): Phòng tắm chung', 'Duy Long Hotel có phổ biến với các gia đình không?': 'Có, Duy Long Hotel khá phổ biến đối với khách đặt kỳ nghỉ gia đình.', 'Chi phí nghỉ tại Duy Long Hotel là bao nhiêu?': 'Giá tại Duy Long Hotel có thể khác nhau tùy vào kỳ nghỉ của bạn (ví dụ: ngày bạn chọn, chính sách khách sạn,v.v.). Vui lòng xem giá bằng cách nhập ngày của bạn.', 'Duy Long Hotel cách trung tâm Đà Lạt bao xa?': 'Duy Long Hotel cách trung tâm Đà Lạt 1,6 km.\nTất cả khoảng cách được đo theo đường thẳng. Khoảng cách di chuyển thực sự có thể khác.', 'Duy Long Hotel có giờ nhận và trả phòng như thế nào?': 'Duy Long Hotel có giờ nhận phòng từ 14:00 và giờ trả phòng trước 12:00.', 'Duy Long Hotel có những loại phòng nào?': 'Lựa chọn phòng tại Duy Long Hotel bao gồm: Phòng giường đôi, Phòng 3 người, Phòng 4 người, Giường trong phòng tập thể'}"
https://www.booking.com/hotel/vn/liopi-home-03.vi.html,"{'PoWill Home cách trung tâm Đà Lạt bao xa?': 'Po, Will Home cách trung tâm Đà Lạt 1,4 km.\nTất cả khoảng cách được đo theo đường thẳng. Khoảng cách di chuyển thực sự có thể khác.', 'Chi phí nghỉ tại PoWill Home là bao nhiêu?': 'Giá tại Po, Will Home có thể khác nhau tùy vào kỳ nghỉ của bạn (ví dụ: ngày bạn chọn, chính sách khách sạn,v.v.). Vui lòng xem giá bằng cách nhập ngày của bạn.', 'Tôi có thể làm gì ở PoWill Home?': 'Po, Will Home có những hoạt động/dịch vụ sau (có thể áp dụng phí):', 'PoWill Home có giờ nhận và trả phòng như thế nào?': 'Po, Will Home có giờ nhận phòng từ 13:30 và giờ trả phòng trước 12:00.', 'PoWill Home có nhà hàng trong khuôn viên không?': 'Po, Will Home có 1 nhà hàng: Nhà hàng'}"
https://www.booking.com/hotel/vn/viet-motorcycle-thanh-pho-da-lat2.vi.html,"{'Tôi có thể làm gì ở Viet Hotel Motorcycle?': 'Viet Hotel Motorcycle có những hoạt động/dịch vụ sau (có thể áp dụng phí):', 'Chi phí nghỉ tại Viet Hotel Motorcycle là bao nhiêu?': 'Giá tại Viet Hotel Motorcycle có thể khác nhau tùy vào kỳ nghỉ của bạn (ví dụ: ngày bạn chọn, chính sách khách sạn,v.v.). Vui lòng xem giá bằng cách nhập ngày của bạn.', 'Viet Hotel Motorcycle cách trung tâm Ấp Xuân An bao xa?': 'Viet Hotel Motorcycle cách trung tâm Ấp Xuân An 1,4 km.\nTất cả khoảng cách được đo theo đường thẳng. Khoảng cách di chuyển thực sự có thể khác.', 'Viet Hotel Motorcycle có giờ nhận và trả phòng như thế nào?': 'Viet Hotel Motorcycle có giờ nhận phòng từ 12:00 và giờ trả phòng trước 12:00.'}"
https://www.booking.com/hotel/vn/minh-thanh-2.vi.html,"{""Chi phí nghỉ tại Ken's Backpackers Hotel là bao nhiêu?"": ""Giá tại Ken's Backpackers Hotel có thể khác nhau tùy vào kỳ nghỉ của bạn (ví dụ: ngày bạn chọn, chính sách khách sạn,v.v.). Vui lòng xem giá bằng cách nhập ngày của bạn."", ""Ken's Backpackers Hotel cách trung tâm Đà Lạt bao xa?"": ""Ken's Backpackers Hotel cách trung tâm Đà Lạt 350 m.\nTất cả khoảng cách được đo theo đường thẳng. Khoảng cách di chuyển thực sự có thể khác."", ""Ken's Backpackers Hotel có giờ nhận và trả phòng như thế nào?"": ""Ken's Backpackers Hotel có giờ nhận phòng từ 14:00 và giờ trả phòng trước 12:00."", ""Ken's Backpackers Hotel có những loại phòng nào?"": ""Lựa chọn phòng tại Ken's Backpackers Hotel bao gồm: Phòng gia đình, Phòng 4 người, Phòng giường đôi, Phòng 2 giường đơn "", ""Tôi có thể làm gì ở Ken's Backpackers Hotel?"": ""Ken's Backpackers Hotel có những hoạt động/dịch vụ sau (có thể áp dụng phí):""}"
https://www.booking.com/hotel/vn/ks-leonda-thue-gio.vi.html,"{'Chi phí nghỉ tại Leonda Hotel - giá thuê 2 giờ là bao nhiêu?': 'Giá tại Leonda Hotel - giá thuê 2 giờ có thể khác nhau tùy vào kỳ nghỉ của bạn (ví dụ: ngày bạn chọn, chính sách khách sạn,v.v.). Vui lòng xem giá bằng cách nhập ngày của bạn.', 'Tôi có thể làm gì ở Leonda Hotel - giá thuê 2 giờ?': 'Leonda Hotel - giá thuê 2 giờ có những hoạt động/dịch vụ sau (có thể áp dụng phí):', 'Leonda Hotel - giá thuê 2 giờ có giờ nhận và trả phòng như thế nào?': 'Leonda Hotel - giá thuê 2 giờ có giờ nhận phòng từ 00:00 và giờ trả phòng trước 00:00.', 'Leonda Hotel - giá thuê 2 giờ cách trung tâm Đà Lạt bao xa?': 'Leonda Hotel - giá thuê 2 giờ cách trung tâm Đà Lạt 500 m.\nTất cả khoảng cách được đo theo đường thẳng. Khoảng cách di chuyển thực sự có thể khác.', 'Leonda Hotel - giá thuê 2 giờ có những loại phòng nào?': 'Lựa chọn phòng tại Leonda Hotel - giá thuê 2 giờ bao gồm: Phòng giường đôi'}"
https://www.booking.com/hotel/vn/dong-viet.vi.html,"{'Đồng Việt Hotel có phổ biến với các gia đình không?': 'Có, Đồng Việt Hotel khá phổ biến đối với khách đặt kỳ nghỉ gia đình.', 'Đồng Việt Hotel có những loại phòng nào?': 'Lựa chọn phòng tại Đồng Việt Hotel bao gồm: Phòng giường đôi, Phòng 4 người, Phòng gia đình', 'Đồng Việt Hotel cách trung tâm Đà Lạt bao xa?': 'Đồng Việt Hotel cách trung tâm Đà Lạt 850 m.\nTất cả khoảng cách được đo theo đường thẳng. Khoảng cách di chuyển thực sự có thể khác.', 'Tôi có thể làm gì ở Đồng Việt Hotel?': 'Đồng Việt Hotel có những hoạt động/dịch vụ sau (có thể áp dụng phí): Sân chơi trẻ em', 'Đồng Việt Hotel có giờ nhận và trả phòng như thế nào?': 'Đồng Việt Hotel có giờ nhận phòng từ 14:00 và giờ trả phòng trước 12:00.', 'Chi phí nghỉ tại Đồng Việt Hotel là bao nhiêu?': 'Giá tại Đồng Việt Hotel có thể khác nhau tùy vào kỳ nghỉ của bạn (ví dụ: ngày bạn chọn, chính sách khách sạn,v.v.). Vui lòng xem giá bằng cách nhập ngày của bạn.'}"
https://www.booking.com/hotel/vn/moonstonehotel-dalat.vi.html,"{'TTR Moonstone Apart Hotel có nhà hàng trong khuôn viên không?': 'T, T, R Moonstone Apart Hotel có 1 nhà hàng: T, T, R Bistro', 'TTR Moonstone Apart Hotel có phổ biến với các gia đình không?': 'Có, T, T, R Moonstone Apart Hotel khá phổ biến đối với khách đặt kỳ nghỉ gia đình.', 'Chi phí nghỉ tại TTR Moonstone Apart Hotel là bao nhiêu?': 'Giá tại T, T, R Moonstone Apart Hotel có thể khác nhau tùy vào kỳ nghỉ của bạn (ví dụ: ngày bạn chọn, chính sách khách sạn,v.v.). Vui lòng xem giá bằng cách nhập ngày của bạn.', 'Tôi có thể làm gì ở TTR Moonstone Apart Hotel?': 'T, T, R Moonstone Apart Hotel có những hoạt động/dịch vụ sau (có thể áp dụng phí): Xe đạp, Đi bộ đường dài, Sân gôn (trong vòng 3km)Cho thuê xe đạp', 'TTR Moonstone Apart Hotel cách trung tâm Đà Lạt bao xa?': 'T, T, R Moonstone Apart Hotel cách trung tâm Đà Lạt 450 m.\nTất cả khoảng cách được đo theo đường thẳng. Khoảng cách di chuyển thực sự có thể khác.', 'TTR Moonstone Apart Hotel có những loại phòng nào?': 'Lựa chọn phòng tại T, T, R Moonstone Apart Hotel bao gồm: Phòng giường đôi, Phòng gia đình, Suite, Căn hộPhòng 2 giường đơn ', 'TTR Moonstone Apart Hotel có giờ nhận và trả phòng như thế nào?': 'T, T, R Moonstone Apart Hotel có giờ nhận phòng từ 14:00 và giờ trả phòng trước 12:00.'}"
https://www.booking.com/hotel/vn/mai-hoa-thanh-pho-bao-loc1.vi.html,"{'Hotel Mai Hoa có phổ biến với các gia đình không?': 'Có, Hotel Mai Hoa khá phổ biến đối với khách đặt kỳ nghỉ gia đình.', 'Hotel Mai Hoa cách trung tâm Bảo Lộc bao xa?': 'Hotel Mai Hoa cách trung tâm Bảo Lộc 700 m.\nTất cả khoảng cách được đo theo đường thẳng. Khoảng cách di chuyển thực sự có thể khác.', 'Hotel Mai Hoa có giờ nhận và trả phòng như thế nào?': 'Hotel Mai Hoa có giờ nhận phòng từ 00:00 và giờ trả phòng trước 12:00.', 'Hotel Mai Hoa có những loại phòng nào?': 'Lựa chọn phòng tại Hotel Mai Hoa bao gồm: Phòng giường đôi, Phòng 2 giường đơn ', 'Chi phí nghỉ tại Hotel Mai Hoa là bao nhiêu?': 'Giá tại Hotel Mai Hoa có thể khác nhau tùy vào kỳ nghỉ của bạn (ví dụ: ngày bạn chọn, chính sách khách sạn,v.v.). Vui lòng xem giá bằng cách nhập ngày của bạn.', 'Tôi có thể làm gì ở Hotel Mai Hoa?': 'Hotel Mai Hoa có những hoạt động/dịch vụ sau (có thể áp dụng phí): Trung tâm Spa & chăm sóc sức khoẻPhòng xông hơi'}"
https://www.booking.com/hotel/vn/thanh-thanh-2-thanh-pho-da-lat.vi.html,"{'Chi phí nghỉ tại Thanh Thanh 2 Hotel là bao nhiêu?': 'Giá tại Thanh Thanh 2 Hotel có thể khác nhau tùy vào kỳ nghỉ của bạn (ví dụ: ngày bạn chọn, chính sách khách sạn,v.v.). Vui lòng xem giá bằng cách nhập ngày của bạn.', 'Thanh Thanh 2 Hotel cách trung tâm Đà Lạt bao xa?': 'Thanh Thanh 2 Hotel cách trung tâm Đà Lạt 350 m.\nTất cả khoảng cách được đo theo đường thẳng. Khoảng cách di chuyển thực sự có thể khác.', 'Thanh Thanh 2 Hotel có những loại phòng nào?': 'Lựa chọn phòng tại Thanh Thanh 2 Hotel bao gồm: Phòng giường đôi, Phòng 4 người, Phòng gia đình', 'Thanh Thanh 2 Hotel có giờ nhận và trả phòng như thế nào?': 'Thanh Thanh 2 Hotel có giờ nhận phòng từ 14:00 và giờ trả phòng trước 12:00.', 'Tôi có thể làm gì ở Thanh Thanh 2 Hotel?': 'Thanh Thanh 2 Hotel có những hoạt động/dịch vụ sau (có thể áp dụng phí):'}"
https://www.booking.com/hotel/vn/thuong-house-thanh-pho-da-lat2.vi.html,"{'Chi phí nghỉ tại Thương House là bao nhiêu?': 'Giá tại Thương House có thể khác nhau tùy vào kỳ nghỉ của bạn (ví dụ: ngày bạn chọn, chính sách khách sạn,v.v.). Vui lòng xem giá bằng cách nhập ngày của bạn.', 'Thương House cách trung tâm Đà Lạt bao xa?': 'Thương House cách trung tâm Đà Lạt 300 m.\nTất cả khoảng cách được đo theo đường thẳng. Khoảng cách di chuyển thực sự có thể khác.', 'Thương House có phổ biến với các gia đình không?': 'Có, Thương House khá phổ biến đối với khách đặt kỳ nghỉ gia đình.', 'Tôi có thể làm gì ở Thương House?': 'Thương House có những hoạt động/dịch vụ sau (có thể áp dụng phí):', 'Thương House có những loại phòng nào?': 'Lựa chọn phòng tại Thương House bao gồm: Phòng giường đôi, Phòng gia đình', 'Thương House có giờ nhận và trả phòng như thế nào?': 'Thương House có giờ nhận phòng từ 14:00 và giờ trả phòng trước 13:00.'}"
https://www.booking.com/hotel/vn/agape-amp-can-ho-da-lat.vi.html,"{'Agape Hotel & Căn hộ Đà Lạt có giờ nhận và trả phòng như thế nào?': 'Agape Hotel & Căn hộ Đà Lạt có giờ nhận phòng từ 14:00 và giờ trả phòng trước 12:00.', 'Agape Hotel & Căn hộ Đà Lạt cách trung tâm Đà Lạt bao xa?': 'Agape Hotel & Căn hộ Đà Lạt cách trung tâm Đà Lạt 1,3 km.\nTất cả khoảng cách được đo theo đường thẳng. Khoảng cách di chuyển thực sự có thể khác.', 'Tôi có thể làm gì ở Agape Hotel & Căn hộ Đà Lạt?': 'Agape Hotel & Căn hộ Đà Lạt có những hoạt động/dịch vụ sau (có thể áp dụng phí):', 'Agape Hotel & Căn hộ Đà Lạt có những loại phòng nào?': 'Lựa chọn phòng tại Agape Hotel & Căn hộ Đà Lạt bao gồm: Phòng giường đôi, Phòng gia đình, Căn hộ', 'Chi phí nghỉ tại Agape Hotel & Căn hộ Đà Lạt là bao nhiêu?': 'Giá tại Agape Hotel & Căn hộ Đà Lạt có thể khác nhau tùy vào kỳ nghỉ của bạn (ví dụ: ngày bạn chọn, chính sách khách sạn,v.v.). Vui lòng xem giá bằng cách nhập ngày của bạn.'}"
https://www.booking.com/hotel/vn/homestay-vuon-trai-cay-nhiet-doi-vo-uu-garden-thanh-pho-bao-loc.vi.html,"{'Chi phí nghỉ tại Homestay Vườn Trái Cây Nhiệt Đới VÔ ƯU GARDEN là bao nhiêu?': 'Giá tại Homestay Vườn Trái Cây Nhiệt Đới VÔ ƯU G, A, R, D, E, N có thể khác nhau tùy vào kỳ nghỉ của bạn (ví dụ: ngày bạn chọn, chính sách khách sạn,v.v.). Vui lòng xem giá bằng cách nhập ngày của bạn.', 'Tôi có thể làm gì ở Homestay Vườn Trái Cây Nhiệt Đới VÔ ƯU GARDEN?': 'Homestay Vườn Trái Cây Nhiệt Đới VÔ ƯU G, A, R, D, E, N có những hoạt động/dịch vụ sau (có thể áp dụng phí):', 'Homestay Vườn Trái Cây Nhiệt Đới VÔ ƯU GARDEN cách trung tâm Bảo Lộc bao xa?': 'Homestay Vườn Trái Cây Nhiệt Đới VÔ ƯU G, A, R, D, E, N cách trung tâm Bảo Lộc 3,5 km.\nTất cả khoảng cách được đo theo đường thẳng. Khoảng cách di chuyển thực sự có thể khác.'}"
https://www.booking.com/hotel/vn/lola.vi.html,"{'Capital O 1198 Dinh Loan Hotel cách trung tâm Đà Lạt bao xa?': 'Capital O 1198 Dinh Loan Hotel cách trung tâm Đà Lạt 1,8 km.\nTất cả khoảng cách được đo theo đường thẳng. Khoảng cách di chuyển thực sự có thể khác.', 'Capital O 1198 Dinh Loan Hotel có giờ nhận và trả phòng như thế nào?': 'Capital O 1198 Dinh Loan Hotel có giờ nhận phòng từ 14:00 và giờ trả phòng trước 12:00.', 'Chi phí nghỉ tại Capital O 1198 Dinh Loan Hotel là bao nhiêu?': 'Giá tại Capital O 1198 Dinh Loan Hotel có thể khác nhau tùy vào kỳ nghỉ của bạn (ví dụ: ngày bạn chọn, chính sách khách sạn,v.v.). Vui lòng xem giá bằng cách nhập ngày của bạn.', 'Tôi có thể làm gì ở Capital O 1198 Dinh Loan Hotel?': 'Capital O 1198 Dinh Loan Hotel có những hoạt động/dịch vụ sau (có thể áp dụng phí):', 'Capital O 1198 Dinh Loan Hotel có những loại phòng nào?': 'Lựa chọn phòng tại Capital O 1198 Dinh Loan Hotel bao gồm: Suite, Phòng giường đôi, Phòng gia đình'}"
https://www.booking.com/hotel/vn/t-amp-k-guesthouse.vi.html,"{'T&K Guesthouse cách trung tâm Đà Lạt bao xa?': 'T&K Guesthouse cách trung tâm Đà Lạt 550 m.\nTất cả khoảng cách được đo theo đường thẳng. Khoảng cách di chuyển thực sự có thể khác.', 'Chi phí nghỉ tại T&K Guesthouse là bao nhiêu?': 'Giá tại T&K Guesthouse có thể khác nhau tùy vào kỳ nghỉ của bạn (ví dụ: ngày bạn chọn, chính sách khách sạn,v.v.). Vui lòng xem giá bằng cách nhập ngày của bạn.', 'T&K Guesthouse có giờ nhận và trả phòng như thế nào?': 'T&K Guesthouse có giờ nhận phòng từ 14:00 và giờ trả phòng trước 12:00.', 'Tôi có thể làm gì ở T&K Guesthouse?': 'T&K Guesthouse có những hoạt động/dịch vụ sau (có thể áp dụng phí): Tour đi bộ, Sự kiện thể thao (truyền hình trực tiếp)Tour đi xe đạp, Cho thuê xe đạp'}"
https://www.booking.com/hotel/vn/mu-rom-homestay-thanh-pho-da-lat.vi.html,"{'Mũ Rơm Homestay có giờ nhận và trả phòng như thế nào?': 'Mũ Rơm Homestay có giờ nhận phòng từ 12:00 và giờ trả phòng trước 13:00.', 'Tôi có thể làm gì ở Mũ Rơm Homestay?': 'Mũ Rơm Homestay có những hoạt động/dịch vụ sau (có thể áp dụng phí):', 'Chi phí nghỉ tại Mũ Rơm Homestay là bao nhiêu?': 'Giá tại Mũ Rơm Homestay có thể khác nhau tùy vào kỳ nghỉ của bạn (ví dụ: ngày bạn chọn, chính sách khách sạn,v.v.). Vui lòng xem giá bằng cách nhập ngày của bạn.', 'Mũ Rơm Homestay có những loại phòng nào?': 'Lựa chọn phòng tại Mũ Rơm Homestay bao gồm: Giường trong phòng tập thể', 'Mũ Rơm Homestay cách trung tâm Ấp Ða Thiên bao xa?': 'Mũ Rơm Homestay cách trung tâm Ấp Ða Thiên 1 km.\nTất cả khoảng cách được đo theo đường thẳng. Khoảng cách di chuyển thực sự có thể khác.'}"
https://www.booking.com/hotel/vn/hostel-phuong-nga.vi.html,"{'Hostel Phuong Nga có giờ nhận và trả phòng như thế nào?': 'Hostel Phuong Nga có giờ nhận phòng từ 14:00 và giờ trả phòng trước 12:00.', 'Tôi có thể làm gì ở Hostel Phuong Nga?': 'Hostel Phuong Nga có những hoạt động/dịch vụ sau (có thể áp dụng phí): Đi bộ đường dài, Giải trí buổi tối', 'Chi phí nghỉ tại Hostel Phuong Nga là bao nhiêu?': 'Giá tại Hostel Phuong Nga có thể khác nhau tùy vào kỳ nghỉ của bạn (ví dụ: ngày bạn chọn, chính sách khách sạn,v.v.). Vui lòng xem giá bằng cách nhập ngày của bạn.', 'Hostel Phuong Nga cách trung tâm Đà Lạt bao xa?': 'Hostel Phuong Nga cách trung tâm Đà Lạt 1,1 km.\nTất cả khoảng cách được đo theo đường thẳng. Khoảng cách di chuyển thực sự có thể khác.'}"
https://www.booking.com/hotel/vn/hanz-gia-hoang.vi.html,"{'HANZ Gia Hoang Hotel có phổ biến với các gia đình không?': 'Có, H, A, N, Z Gia Hoang Hotel khá phổ biến đối với khách đặt kỳ nghỉ gia đình.', 'HANZ Gia Hoang Hotel cách trung tâm Đà Lạt bao xa?': 'H, A, N, Z Gia Hoang Hotel cách trung tâm Đà Lạt 1,2 km.\nTất cả khoảng cách được đo theo đường thẳng. Khoảng cách di chuyển thực sự có thể khác.', 'HANZ Gia Hoang Hotel có giờ nhận và trả phòng như thế nào?': 'H, A, N, Z Gia Hoang Hotel có giờ nhận phòng từ 14:30 và giờ trả phòng trước 11:30.', 'Chi phí nghỉ tại HANZ Gia Hoang Hotel là bao nhiêu?': 'Giá tại H, A, N, Z Gia Hoang Hotel có thể khác nhau tùy vào kỳ nghỉ của bạn (ví dụ: ngày bạn chọn, chính sách khách sạn,v.v.). Vui lòng xem giá bằng cách nhập ngày của bạn.', 'Tôi có thể làm gì ở HANZ Gia Hoang Hotel?': 'H, A, N, Z Gia Hoang Hotel có những hoạt động/dịch vụ sau (có thể áp dụng phí):'}"
https://www.booking.com/hotel/vn/hung-dan-da-lat.vi.html,"{'Tôi có thể làm gì ở HÙNG ĐAN ĐÀ LẠT HOTEL?': 'HÙ, N, G Đ, A, N ĐÀ LẠT H, O, T, E, L có những hoạt động/dịch vụ sau (có thể áp dụng phí): Karaoke', 'HÙNG ĐAN ĐÀ LẠT HOTEL có những loại phòng nào?': 'Lựa chọn phòng tại HÙ, N, G Đ, A, N ĐÀ LẠT H, O, T, E, L bao gồm: Phòng giường đôi, Phòng 4 người, Phòng gia đình', 'HÙNG ĐAN ĐÀ LẠT HOTEL có nhà hàng trong khuôn viên không?': 'HÙ, N, G Đ, A, N ĐÀ LẠT H, O, T, E, L có 1 nhà hàng: Nhà hàng #1', 'HÙNG ĐAN ĐÀ LẠT HOTEL có giờ nhận và trả phòng như thế nào?': 'HÙ, N, G Đ, A, N ĐÀ LẠT H, O, T, E, L có giờ nhận phòng từ 14:00 và giờ trả phòng trước 12:00.', 'HÙNG ĐAN ĐÀ LẠT HOTEL có phổ biến với các gia đình không?': 'Có, HÙ, N, G Đ, A, N ĐÀ LẠT H, O, T, E, L khá phổ biến đối với khách đặt kỳ nghỉ gia đình.', 'HÙNG ĐAN ĐÀ LẠT HOTEL cách trung tâm Đà Lạt bao xa?': 'HÙ, N, G Đ, A, N ĐÀ LẠT H, O, T, E, L cách trung tâm Đà Lạt 450 m.\nTất cả khoảng cách được đo theo đường thẳng. Khoảng cách di chuyển thực sự có thể khác.', 'Chi phí nghỉ tại HÙNG ĐAN ĐÀ LẠT HOTEL là bao nhiêu?': 'Giá tại HÙ, N, G Đ, A, N ĐÀ LẠT H, O, T, E, L có thể khác nhau tùy vào kỳ nghỉ của bạn (ví dụ: ngày bạn chọn, chính sách khách sạn,v.v.). Vui lòng xem giá bằng cách nhập ngày của bạn.'}"
https://www.booking.com/hotel/vn/laputa-boutique-homestay.vi.html,"{'New Hampton Suits-Tam Xuan Centre Hotel cách trung tâm Đà Lạt bao xa?': 'New Hampton Suits-Tam Xuan Centre Hotel cách trung tâm Đà Lạt 600 m.\nTất cả khoảng cách được đo theo đường thẳng. Khoảng cách di chuyển thực sự có thể khác.', 'Tôi có thể làm gì ở New Hampton Suits-Tam Xuan Centre Hotel?': 'New Hampton Suits-Tam Xuan Centre Hotel có những hoạt động/dịch vụ sau (có thể áp dụng phí): Tour/lớp về văn hóa địa phương', 'New Hampton Suits-Tam Xuan Centre Hotel có giờ nhận và trả phòng như thế nào?': 'New Hampton Suits-Tam Xuan Centre Hotel có giờ nhận phòng từ 14:00 và giờ trả phòng trước 12:00.', 'New Hampton Suits-Tam Xuan Centre Hotel có những loại phòng nào?': 'Lựa chọn phòng tại New Hampton Suits-Tam Xuan Centre Hotel bao gồm: Suite, Phòng gia đình', 'Chi phí nghỉ tại New Hampton Suits-Tam Xuan Centre Hotel là bao nhiêu?': 'Giá tại New Hampton Suits-Tam Xuan Centre Hotel có thể khác nhau tùy vào kỳ nghỉ của bạn (ví dụ: ngày bạn chọn, chính sách khách sạn,v.v.). Vui lòng xem giá bằng cách nhập ngày của bạn.'}"
https://www.booking.com/hotel/vn/huyen-179.vi.html,"{'Huyền 179 có giờ nhận và trả phòng như thế nào?': 'Huyền 179 có giờ nhận phòng từ 14:00 và giờ trả phòng trước 12:00.', 'Huyền 179 cách trung tâm Đà Lạt bao xa?': 'Huyền 179 cách trung tâm Đà Lạt 400 m.\nTất cả khoảng cách được đo theo đường thẳng. Khoảng cách di chuyển thực sự có thể khác.', 'Huyền 179 có phổ biến với các gia đình không?': 'Có, Huyền 179 khá phổ biến đối với khách đặt kỳ nghỉ gia đình.', 'Huyền 179 có những loại phòng nào?': 'Lựa chọn phòng tại Huyền 179 bao gồm: Phòng giường đôi, Phòng 4 người', 'Tôi có thể làm gì ở Huyền 179?': 'Huyền 179 có những hoạt động/dịch vụ sau (có thể áp dụng phí):', 'Chi phí nghỉ tại Huyền 179 là bao nhiêu?': 'Giá tại Huyền 179 có thể khác nhau tùy vào kỳ nghỉ của bạn (ví dụ: ngày bạn chọn, chính sách khách sạn,v.v.). Vui lòng xem giá bằng cách nhập ngày của bạn.'}"
https://www.booking.com/hotel/vn/the-eco-tropicana-garden.vi.html,"{'Tôi có thể làm gì ở The Eco Tropicana Garden Village?': 'The Eco Tropicana Garden Village có những hoạt động/dịch vụ sau (có thể áp dụng phí): Xe đạp, Sân chơi trẻ em, Karaoke, Cho thuê xe đạp, Tour đi bộ, Tour đi xe đạp', 'The Eco Tropicana Garden Village có nhà hàng trong khuôn viên không?': 'The Eco Tropicana Garden Village có 1 nhà hàng: Ber, La', 'Chi phí nghỉ tại The Eco Tropicana Garden Village là bao nhiêu?': 'Giá tại The Eco Tropicana Garden Village có thể khác nhau tùy vào kỳ nghỉ của bạn (ví dụ: ngày bạn chọn, chính sách khách sạn,v.v.). Vui lòng xem giá bằng cách nhập ngày của bạn.', 'The Eco Tropicana Garden Village cách trung tâm Berla (2) bao xa?': 'The Eco Tropicana Garden Village cách trung tâm Berla (2) 3 km.\nTất cả khoảng cách được đo theo đường thẳng. Khoảng cách di chuyển thực sự có thể khác.', 'The Eco Tropicana Garden Village có giờ nhận và trả phòng như thế nào?': 'The Eco Tropicana Garden Village có giờ nhận phòng từ 00:00 và giờ trả phòng trước 21:00.', 'The Eco Tropicana Garden Village có những loại phòng nào?': 'Lựa chọn phòng tại The Eco Tropicana Garden Village bao gồm: Biệt thự'}"
https://www.booking.com/hotel/vn/da-lat-akama-villa.vi.html,"{'Akama Boutique Đà Lạt cách trung tâm Đà Lạt bao xa?': 'Akama Boutique Đà Lạt cách trung tâm Đà Lạt 3,6 km.\nTất cả khoảng cách được đo theo đường thẳng. Khoảng cách di chuyển thực sự có thể khác.', 'Akama Boutique Đà Lạt có giờ nhận và trả phòng như thế nào?': 'Akama Boutique Đà Lạt có giờ nhận phòng từ 14:00 và giờ trả phòng trước 12:00.', 'Akama Boutique Đà Lạt có những loại phòng nào?': 'Lựa chọn phòng tại Akama Boutique Đà Lạt bao gồm: Phòng giường đôi, Phòng 4 người, Phòng gia đình', 'Chi phí nghỉ tại Akama Boutique Đà Lạt là bao nhiêu?': 'Giá tại Akama Boutique Đà Lạt có thể khác nhau tùy vào kỳ nghỉ của bạn (ví dụ: ngày bạn chọn, chính sách khách sạn,v.v.). Vui lòng xem giá bằng cách nhập ngày của bạn.', 'Tôi có thể làm gì ở Akama Boutique Đà Lạt?': 'Akama Boutique Đà Lạt có những hoạt động/dịch vụ sau (có thể áp dụng phí): Trung tâm Spa & chăm sóc sức khoẻMassage, Tour đi xe đạp, Giờ vàng, Biểu diễn/nhạc sống, Bữa tối theo chủ đề, Sự kiện thể thao (truyền hình trực tiếp)Tour/lớp về văn hóa địa phương, Thiết bị dành cho cầu lông, Dịch Vụ Làm Đẹp, Chăm sóc da mặt, Dịch vụ trang điểm, Chăm sóc tóc, Dịch vụ làm móng tay, Dịch vụ làm móng chân, Trị Liệu Cơ Thể, Tẩy tế bào chết toàn thân, Liệu pháp ánh sáng, Tiện Nghi Spa, Dịch vụ ngâm chân, Gói spa/chăm sóc sức khỏe, Mát-xa lưng, Mát-xa cổ, Mát-xa chân, Mát-xa dành cho cặp đôi, Mát-xa đầu, Mát-xa tay, Mát-xa toàn thân', 'Akama Boutique Đà Lạt có phục vụ dạng bữa sáng nào?': 'Khách lưu trú tại Akama Boutique Đà Lạt có thể tận hưởng bữa sáng được đánh giá cao trong kỳ nghỉ của họ (điểm đánh giá của khách: 10.0)\n\nLựa chọn bữa sáng bao gồm: Kiểu Ý, Kiểu Á, Tự chọn, Gọi món (à la carte)', 'Akama Boutique Đà Lạt có nhà hàng trong khuôn viên không?': 'Akama Boutique Đà Lạt có 1 nhà hàng: Nhà hàng #1'}"
https://www.booking.com/hotel/vn/banla-boutique.vi.html,"{'Chi phí nghỉ tại Banla Boutique Hotel là bao nhiêu?': 'Giá tại Banla Boutique Hotel có thể khác nhau tùy vào kỳ nghỉ của bạn (ví dụ: ngày bạn chọn, chính sách khách sạn,v.v.). Vui lòng xem giá bằng cách nhập ngày của bạn.', 'Banla Boutique Hotel có giờ nhận và trả phòng như thế nào?': 'Banla Boutique Hotel có giờ nhận phòng từ 14:00 và giờ trả phòng trước 12:30.', 'Tôi có thể làm gì ở Banla Boutique Hotel?': 'Banla Boutique Hotel có những hoạt động/dịch vụ sau (có thể áp dụng phí):', 'Banla Boutique Hotel cách trung tâm Đà Lạt bao xa?': 'Banla Boutique Hotel cách trung tâm Đà Lạt 2,9 km.\nTất cả khoảng cách được đo theo đường thẳng. Khoảng cách di chuyển thực sự có thể khác.', 'Banla Boutique Hotel có những loại phòng nào?': 'Lựa chọn phòng tại Banla Boutique Hotel bao gồm: Phòng giường đôi, Phòng 2 giường đơn Phòng gia đình', 'Banla Boutique Hotel có phổ biến với các gia đình không?': 'Có, Banla Boutique Hotel khá phổ biến đối với khách đặt kỳ nghỉ gia đình.', 'Banla Boutique Hotel có nhà hàng trong khuôn viên không?': 'Banla Boutique Hotel có 1 nhà hàng: Nhà hàng #1'}"
https://www.booking.com/hotel/vn/vuon-cua-me.vi.html,"{'Vườn của mẹ có phục vụ dạng bữa sáng nào?': 'Khách lưu trú tại Vườn của mẹ có thể tận hưởng bữa sáng được đánh giá cao trong kỳ nghỉ của họ (điểm đánh giá của khách: 10.0)\n\nLựa chọn bữa sáng bao gồm: Thực đơn chay, Kiểu Á, Gọi món (à la carte)', 'Vườn của mẹ cách trung tâm Đà Lạt bao xa?': 'Vườn của mẹ cách trung tâm Đà Lạt 2 km.\nTất cả khoảng cách được đo theo đường thẳng. Khoảng cách di chuyển thực sự có thể khác.', 'Chi phí nghỉ tại Vườn của mẹ là bao nhiêu?': 'Giá tại Vườn của mẹ có thể khác nhau tùy vào kỳ nghỉ của bạn (ví dụ: ngày bạn chọn, chính sách khách sạn,v.v.). Vui lòng xem giá bằng cách nhập ngày của bạn.', 'Vườn của mẹ có giờ nhận và trả phòng như thế nào?': 'Vườn của mẹ có giờ nhận phòng từ 14:00 và giờ trả phòng trước 12:00.', 'Vườn của mẹ có nhà hàng trong khuôn viên không?': 'Vườn của mẹ có 1 nhà hàng: Nhà hàng #1', 'Vườn của mẹ có những loại phòng nào?': 'Lựa chọn phòng tại Vườn của mẹ bao gồm: Phòng giường đôi, Phòng gia đình', 'Tôi có thể làm gì ở Vườn của mẹ?': 'Vườn của mẹ có những hoạt động/dịch vụ sau (có thể áp dụng phí): Giải trí buổi tối, Bữa tối theo chủ đề'}"
https://www.booking.com/hotel/vn/co-so-luu-tru-du-lich-thanh-hung.vi.html,"{'Homestay Thanh Hưng Địa Dư 2 dalat có những loại phòng nào?': 'Lựa chọn phòng tại Homestay Thanh Hưng Địa Dư 2 dalat bao gồm: Phòng giường đôi, Phòng giường đôi/2 giường đơn, Căn hộ', 'Tôi có thể làm gì ở Homestay Thanh Hưng Địa Dư 2 dalat?': 'Homestay Thanh Hưng Địa Dư 2 dalat có những hoạt động/dịch vụ sau (có thể áp dụng phí):', 'Chi phí nghỉ tại Homestay Thanh Hưng Địa Dư 2 dalat là bao nhiêu?': 'Giá tại Homestay Thanh Hưng Địa Dư 2 dalat có thể khác nhau tùy vào kỳ nghỉ của bạn (ví dụ: ngày bạn chọn, chính sách khách sạn,v.v.). Vui lòng xem giá bằng cách nhập ngày của bạn.', 'Homestay Thanh Hưng Địa Dư 2 dalat có giờ nhận và trả phòng như thế nào?': 'Homestay Thanh Hưng Địa Dư 2 dalat có giờ nhận phòng từ 14:00 và giờ trả phòng trước 12:00.', 'Homestay Thanh Hưng Địa Dư 2 dalat cách trung tâm Đà Lạt bao xa?': 'Homestay Thanh Hưng Địa Dư 2 dalat cách trung tâm Đà Lạt 1,6 km.\nTất cả khoảng cách được đo theo đường thẳng. Khoảng cách di chuyển thực sự có thể khác.'}"
https://www.booking.com/hotel/vn/lynh-house-thanh-pho-da-lat.vi.html,"{'Lynh house cách trung tâm Đà Lạt bao xa?': 'Lynh house cách trung tâm Đà Lạt 800 m.\nTất cả khoảng cách được đo theo đường thẳng. Khoảng cách di chuyển thực sự có thể khác.', 'Chi phí nghỉ tại Lynh house là bao nhiêu?': 'Giá tại Lynh house có thể khác nhau tùy vào kỳ nghỉ của bạn (ví dụ: ngày bạn chọn, chính sách khách sạn,v.v.). Vui lòng xem giá bằng cách nhập ngày của bạn.', 'Lynh house có giờ nhận và trả phòng như thế nào?': 'Lynh house có giờ nhận phòng từ 13:00 và giờ trả phòng trước 12:00.', 'Tôi có thể làm gì ở Lynh house?': 'Lynh house có những hoạt động/dịch vụ sau (có thể áp dụng phí):'}"
https://www.booking.com/hotel/vn/dao-hoa-dalat.vi.html,"{'Đảo Hoa Dalat Hotel cách trung tâm Đà Lạt bao xa?': 'Đảo Hoa Dalat Hotel cách trung tâm Đà Lạt 600 m.\nTất cả khoảng cách được đo theo đường thẳng. Khoảng cách di chuyển thực sự có thể khác.', 'Đảo Hoa Dalat Hotel có những loại phòng nào?': 'Lựa chọn phòng tại Đảo Hoa Dalat Hotel bao gồm: Phòng giường đôi, Phòng gia đình, Phòng 4 người', 'Đảo Hoa Dalat Hotel có phổ biến với các gia đình không?': 'Có, Đảo Hoa Dalat Hotel khá phổ biến đối với khách đặt kỳ nghỉ gia đình.', 'Chi phí nghỉ tại Đảo Hoa Dalat Hotel là bao nhiêu?': 'Giá tại Đảo Hoa Dalat Hotel có thể khác nhau tùy vào kỳ nghỉ của bạn (ví dụ: ngày bạn chọn, chính sách khách sạn,v.v.). Vui lòng xem giá bằng cách nhập ngày của bạn.', 'Đảo Hoa Dalat Hotel có giờ nhận và trả phòng như thế nào?': 'Đảo Hoa Dalat Hotel có giờ nhận phòng từ 14:00 và giờ trả phòng trước 00:00.', 'Tôi có thể làm gì ở Đảo Hoa Dalat Hotel?': 'Đảo Hoa Dalat Hotel có những hoạt động/dịch vụ sau (có thể áp dụng phí):'}"
https://www.booking.com/hotel/vn/adela-hostel-amp-cafe.vi.html,"{'Tôi có thể làm gì ở Adela Hotel Dalat?': 'Adela Hotel Dalat có những hoạt động/dịch vụ sau (có thể áp dụng phí):', 'Adela Hotel Dalat có phục vụ dạng bữa sáng nào?': 'Khách lưu trú tại Adela Hotel Dalat có thể tận hưởng bữa sáng được đánh giá cao trong kỳ nghỉ của họ (điểm đánh giá của khách: 7.5)\n\nLựa chọn bữa sáng bao gồm: Kiểu Á, Gọi món (à la carte)', 'Chi phí nghỉ tại Adela Hotel Dalat là bao nhiêu?': 'Giá tại Adela Hotel Dalat có thể khác nhau tùy vào kỳ nghỉ của bạn (ví dụ: ngày bạn chọn, chính sách khách sạn,v.v.). Vui lòng xem giá bằng cách nhập ngày của bạn.', 'Adela Hotel Dalat có những loại phòng nào?': 'Lựa chọn phòng tại Adela Hotel Dalat bao gồm: Phòng giường đôi, Phòng tập thểPhòng 2 giường đơn Phòng 3 người, Căn hộ', 'Adela Hotel Dalat cách trung tâm Đà Lạt bao xa?': 'Adela Hotel Dalat cách trung tâm Đà Lạt 4,3 km.\nTất cả khoảng cách được đo theo đường thẳng. Khoảng cách di chuyển thực sự có thể khác.', 'Adela Hotel Dalat có giờ nhận và trả phòng như thế nào?': 'Adela Hotel Dalat có giờ nhận phòng từ 14:00 và giờ trả phòng trước 12:00.', 'Adela Hotel Dalat có phổ biến với các gia đình không?': 'Có, Adela Hotel Dalat khá phổ biến đối với khách đặt kỳ nghỉ gia đình.'}"
https://www.booking.com/hotel/vn/l-39-amie-amp-studio.vi.html,"{""L'amie Hotel & Studio có những loại phòng nào?"": ""Lựa chọn phòng tại L'amie Hotel & Studio bao gồm: Phòng giường đôi, Phòng gia đình"", ""L'amie Hotel & Studio cách trung tâm Đà Lạt bao xa?"": ""L'amie Hotel & Studio cách trung tâm Đà Lạt 750 m.\nTất cả khoảng cách được đo theo đường thẳng. Khoảng cách di chuyển thực sự có thể khác."", ""L'amie Hotel & Studio có giờ nhận và trả phòng như thế nào?"": ""L'amie Hotel & Studio có giờ nhận phòng từ 13:00 và giờ trả phòng trước 11:00."", ""Tôi có thể làm gì ở L'amie Hotel & Studio?"": ""L'amie Hotel & Studio có những hoạt động/dịch vụ sau (có thể áp dụng phí):"", ""Chi phí nghỉ tại L'amie Hotel & Studio là bao nhiêu?"": ""Giá tại L'amie Hotel & Studio có thể khác nhau tùy vào kỳ nghỉ của bạn (ví dụ: ngày bạn chọn, chính sách khách sạn,v.v.). Vui lòng xem giá bằng cách nhập ngày của bạn.""}"
https://www.booking.com/hotel/vn/mien-suong-khoi-home-amp-cafe-thanh-pho-da-lat.vi.html,"{'Miền Sương Khói - Home & Café có nhà hàng trong khuôn viên không?': 'Miền Sương Khói - Home & Café có 1 nhà hàng: Restaurant #1', 'Miền Sương Khói - Home & Café có những loại phòng nào?': 'Lựa chọn phòng tại Miền Sương Khói - Home & Café bao gồm: Phòng giường đôi, Phòng 4 người, Phòng gia đình, Suite, Căn hộ', 'Miền Sương Khói - Home & Café cách trung tâm Khu Chi Lăng bao xa?': 'Miền Sương Khói - Home & Café cách trung tâm Khu Chi Lăng 1,9 km.\nTất cả khoảng cách được đo theo đường thẳng. Khoảng cách di chuyển thực sự có thể khác.', 'Tôi có thể làm gì ở Miền Sương Khói - Home & Café?': 'Miền Sương Khói - Home & Café có những hoạt động/dịch vụ sau (có thể áp dụng phí): Phòng xông hơi', 'Miền Sương Khói - Home & Café có giờ nhận và trả phòng như thế nào?': 'Miền Sương Khói - Home & Café có giờ nhận phòng từ 14:00 và giờ trả phòng trước 12:00.', 'Chi phí nghỉ tại Miền Sương Khói - Home & Café là bao nhiêu?': 'Giá tại Miền Sương Khói - Home & Café có thể khác nhau tùy vào kỳ nghỉ của bạn (ví dụ: ngày bạn chọn, chính sách khách sạn,v.v.). Vui lòng xem giá bằng cách nhập ngày của bạn.'}"
https://www.booking.com/hotel/vn/hat-de-homestay-da-lat.vi.html,"{'Hạt Dẻ Homestay Đà Lạt có phổ biến với các gia đình không?': 'Có, Hạt Dẻ Homestay Đà Lạt khá phổ biến đối với khách đặt kỳ nghỉ gia đình.', 'Bao nhiêu khách có thể lưu trú tại Hạt Dẻ Homestay Đà Lạt?': 'Hạt Dẻ Homestay Đà Lạt có thể tiếp đón nhóm có số lượng như sau: 10 khách\n\nĐể biết thêm thông tin, vui lòng kiểm tra chi tiết (các) lựa chọn chỗ nghỉ ở trang này.', 'Hạt Dẻ Homestay Đà Lạt có giờ nhận và trả phòng như thế nào?': 'Hạt Dẻ Homestay Đà Lạt có giờ nhận phòng từ 13:00 và giờ trả phòng trước 12:00.', 'Hạt Dẻ Homestay Đà Lạt cách trung tâm Đà Lạt bao xa?': 'Hạt Dẻ Homestay Đà Lạt cách trung tâm Đà Lạt 2,3 km.\nTất cả khoảng cách được đo theo đường thẳng. Khoảng cách di chuyển thực sự có thể khác.', 'Hạt Dẻ Homestay Đà Lạt có bao nhiêu phòng ngủ?': 'Hạt Dẻ Homestay Đà Lạt có số lượng phòng ngủ như sau: 4 phòng ngủ\n\nĐể biết thêm thông tin, vui lòng kiểm tra chi tiết (các) lựa chọn chỗ nghỉ ở trang này.', 'Tôi có thể làm gì ở Hạt Dẻ Homestay Đà Lạt?': 'Hạt Dẻ Homestay Đà Lạt có những hoạt động/dịch vụ sau (có thể áp dụng phí):', 'Chi phí nghỉ tại Hạt Dẻ Homestay Đà Lạt là bao nhiêu?': 'Giá tại Hạt Dẻ Homestay Đà Lạt có thể khác nhau tùy vào kỳ nghỉ của bạn (ví dụ: ngày bạn chọn, chính sách khách sạn,v.v.). Vui lòng xem giá bằng cách nhập ngày của bạn.'}"
https://www.booking.com/hotel/vn/villa-dalat-services-group.vi.html,"{'Hệ Thống Villa Đà Lạt có sân hiên không?': 'Có, nhiều lựa chọn tại chỗ nghỉ này có sân hiên. Bạn có thể tìm hiểu thêm về điều này và các tiện nghi khác tại Hệ Thống Villa Đà Lạt trên trang này.', 'Tôi có thể làm gì ở Hệ Thống Villa Đà Lạt?': 'Hệ Thống Villa Đà Lạt có những hoạt động/dịch vụ sau (có thể áp dụng phí): Xe đạp, Đi bộ đường dài, Bida, Bowling, Sân tennis, Câu cáSân gôn mini, Sân gôn (trong vòng 3km)Bắn cung, Tour đi xe đạp, Thể dục nhịp điệu (aerobic)Tour đi bộ, Cưỡi ngựa, Lớp dạy nấu ăn, Tour/lớp về văn hóa địa phương, Sự kiện thể thao (truyền hình trực tiếp)', 'Chi phí nghỉ tại Hệ Thống Villa Đà Lạt là bao nhiêu?': 'Giá tại Hệ Thống Villa Đà Lạt có thể khác nhau tùy vào kỳ nghỉ của bạn (ví dụ: ngày bạn chọn, chính sách khách sạn,v.v.). Vui lòng xem giá bằng cách nhập ngày của bạn.', 'Hệ Thống Villa Đà Lạt có bao nhiêu phòng ngủ?': 'Bạn có thể chọn từ nhiều lựa chọn chỗ nghỉ tại Hệ Thống Villa Đà Lạt (tùy vào tình trạng có sẵn). Những chỗ này có: 10 phòng ngủ14 phòng ngủ4 phòng ngủ5 phòng ngủ6 phòng ngủ7 phòng ngủ\n\nĐể biết thêm thông tin, vui lòng kiểm tra chi tiết (các) lựa chọn chỗ nghỉ ở trang này.', 'Hệ Thống Villa Đà Lạt cách trung tâm Đà Lạt bao xa?': 'Hệ Thống Villa Đà Lạt cách trung tâm Đà Lạt 450 m.\nTất cả khoảng cách được đo theo đường thẳng. Khoảng cách di chuyển thực sự có thể khác.', 'Hệ Thống Villa Đà Lạt có phổ biến với các gia đình không?': 'Có, Hệ Thống Villa Đà Lạt khá phổ biến đối với khách đặt kỳ nghỉ gia đình.', 'Hệ Thống Villa Đà Lạt có giờ nhận và trả phòng như thế nào?': 'Hệ Thống Villa Đà Lạt có giờ nhận phòng từ 13:30 và giờ trả phòng trước 11:00.', 'Hệ Thống Villa Đà Lạt có ban công không?': 'Có, nhiều lựa chọn tại chỗ nghỉ này có ban công. Bạn có thể tìm hiểu thêm về điều này và các tiện nghi khác tại Hệ Thống Villa Đà Lạt trên trang này.', 'Bao nhiêu khách có thể lưu trú tại Hệ Thống Villa Đà Lạt?': 'Bạn có thể chọn từ nhiều lựa chọn chỗ nghỉ tại Hệ Thống Villa Đà Lạt (tùy vào tình trạng có sẵn). Những chỗ này có thể tiếp đón: 10 khách11 khách14 khách16 khách18 khách24 khách30 khách\n\nĐể biết thêm thông tin, vui lòng kiểm tra chi tiết (các) lựa chọn chỗ nghỉ ở trang này.'}"
https://www.booking.com/hotel/vn/giaphamhotel.vi.html,"{'Chi phí nghỉ tại Gia Pham Hotel là bao nhiêu?': 'Giá tại Gia Pham Hotel có thể khác nhau tùy vào kỳ nghỉ của bạn (ví dụ: ngày bạn chọn, chính sách khách sạn,v.v.). Vui lòng xem giá bằng cách nhập ngày của bạn.', 'Gia Pham Hotel có những loại phòng nào?': 'Lựa chọn phòng tại Gia Pham Hotel bao gồm: Phòng giường đôi, Phòng 4 người', 'Gia Pham Hotel cách trung tâm Đà Lạt bao xa?': 'Gia Pham Hotel cách trung tâm Đà Lạt 1,2 km.\nTất cả khoảng cách được đo theo đường thẳng. Khoảng cách di chuyển thực sự có thể khác.', 'Tôi có thể làm gì ở Gia Pham Hotel?': 'Gia Pham Hotel có những hoạt động/dịch vụ sau (có thể áp dụng phí): Đi bộ đường dài, Tour đi bộ, Tour đi xe đạp', 'Gia Pham Hotel có giờ nhận và trả phòng như thế nào?': 'Gia Pham Hotel có giờ nhận phòng từ 12:30 và giờ trả phòng trước 11:30.'}"
https://www.booking.com/hotel/vn/oyo-1244-h-k-villa.vi.html,"{'Chi phí nghỉ tại OYO 1244 H&k Villa là bao nhiêu?': 'Giá tại O, Y, O 1244 H&k Villa có thể khác nhau tùy vào kỳ nghỉ của bạn (ví dụ: ngày bạn chọn, chính sách khách sạn,v.v.). Vui lòng xem giá bằng cách nhập ngày của bạn.', 'OYO 1244 H&k Villa có những loại phòng nào?': 'Lựa chọn phòng tại O, Y, O 1244 H&k Villa bao gồm: Phòng giường đôi, Phòng 3 người', 'OYO 1244 H&k Villa cách trung tâm Đà Lạt bao xa?': 'O, Y, O 1244 H&k Villa cách trung tâm Đà Lạt 650 m.\nTất cả khoảng cách được đo theo đường thẳng. Khoảng cách di chuyển thực sự có thể khác.', 'Tôi có thể làm gì ở OYO 1244 H&k Villa?': 'O, Y, O 1244 H&k Villa có những hoạt động/dịch vụ sau (có thể áp dụng phí):', 'OYO 1244 H&k Villa có giờ nhận và trả phòng như thế nào?': 'O, Y, O 1244 H&k Villa có giờ nhận phòng từ 14:00 và giờ trả phòng trước 12:00.'}"
https://www.booking.com/hotel/vn/296-cetete-home-in-dalat.vi.html,"{'Chi phí nghỉ tại 296 Cetete - Home in Dalat là bao nhiêu?': 'Giá tại 296 Cetete - Home in Dalat có thể khác nhau tùy vào kỳ nghỉ của bạn (ví dụ: ngày bạn chọn, chính sách khách sạn,v.v.). Vui lòng xem giá bằng cách nhập ngày của bạn.', '296 Cetete - Home in Dalat cách trung tâm Đà Lạt bao xa?': '296 Cetete - Home in Dalat cách trung tâm Đà Lạt 1,4 km.\nTất cả khoảng cách được đo theo đường thẳng. Khoảng cách di chuyển thực sự có thể khác.', 'Tôi có thể làm gì ở 296 Cetete - Home in Dalat?': '296 Cetete - Home in Dalat có những hoạt động/dịch vụ sau (có thể áp dụng phí):', '296 Cetete - Home in Dalat có giờ nhận và trả phòng như thế nào?': '296 Cetete - Home in Dalat có giờ nhận phòng từ 14:00 và giờ trả phòng trước 12:00.'}"
https://www.booking.com/hotel/vn/saphir-dalat.vi.html,"{'Saphir Dalat Hotel cách trung tâm Đà Lạt bao xa?': 'Saphir Dalat Hotel cách trung tâm Đà Lạt 300 m.\nTất cả khoảng cách được đo theo đường thẳng. Khoảng cách di chuyển thực sự có thể khác.', 'Saphir Dalat Hotel có giờ nhận và trả phòng như thế nào?': 'Saphir Dalat Hotel có giờ nhận phòng từ 15:00 và giờ trả phòng trước 12:00.', 'Tôi có thể làm gì ở Saphir Dalat Hotel?': 'Saphir Dalat Hotel có những hoạt động/dịch vụ sau (có thể áp dụng phí):', 'Saphir Dalat Hotel có nhà hàng trong khuôn viên không?': 'Saphir Dalat Hotel có 1 nhà hàng: Nhà hàng #1', 'Saphir Dalat Hotel có những loại phòng nào?': 'Lựa chọn phòng tại Saphir Dalat Hotel bao gồm: Phòng giường đôi, Phòng 2 giường đơn Phòng giường đôi/2 giường đơn', 'Chi phí nghỉ tại Saphir Dalat Hotel là bao nhiêu?': 'Giá tại Saphir Dalat Hotel có thể khác nhau tùy vào kỳ nghỉ của bạn (ví dụ: ngày bạn chọn, chính sách khách sạn,v.v.). Vui lòng xem giá bằng cách nhập ngày của bạn.'}"
https://www.booking.com/hotel/vn/cherry-suites-dalat.vi.html,"{'Chi phí nghỉ tại Cherry Suites Dalat là bao nhiêu?': 'Giá tại Cherry Suites Dalat có thể khác nhau tùy vào kỳ nghỉ của bạn (ví dụ: ngày bạn chọn, chính sách khách sạn,v.v.). Vui lòng xem giá bằng cách nhập ngày của bạn.', 'Tôi có thể làm gì ở Cherry Suites Dalat?': 'Cherry Suites Dalat có những hoạt động/dịch vụ sau (có thể áp dụng phí): Phòng tắm không gian mở, Cho thuê xe đạp', 'Cherry Suites Dalat có giờ nhận và trả phòng như thế nào?': 'Cherry Suites Dalat có giờ nhận phòng từ 14:00 và giờ trả phòng trước 12:00.', 'Cherry Suites Dalat cách trung tâm Đà Lạt bao xa?': 'Cherry Suites Dalat cách trung tâm Đà Lạt 1,9 km.\nTất cả khoảng cách được đo theo đường thẳng. Khoảng cách di chuyển thực sự có thể khác.'}"
https://www.booking.com/hotel/vn/nguyen-tai.vi.html,"{'Nguyễn Tài Hostel & Coffee Đà Lạt cách trung tâm Đà Lạt bao xa?': 'Nguyễn Tài Hostel & Coffee Đà Lạt cách trung tâm Đà Lạt 650 m.\nTất cả khoảng cách được đo theo đường thẳng. Khoảng cách di chuyển thực sự có thể khác.', 'Nguyễn Tài Hostel & Coffee Đà Lạt có giờ nhận và trả phòng như thế nào?': 'Nguyễn Tài Hostel & Coffee Đà Lạt có giờ nhận phòng từ 13:00 và giờ trả phòng trước 11:00.', 'Nguyễn Tài Hostel & Coffee Đà Lạt có những loại phòng nào?': 'Lựa chọn phòng tại Nguyễn Tài Hostel & Coffee Đà Lạt bao gồm: Phòng 4 người, Phòng giường đôi, Phòng tập thể', 'Chi phí nghỉ tại Nguyễn Tài Hostel & Coffee Đà Lạt là bao nhiêu?': 'Giá tại Nguyễn Tài Hostel & Coffee Đà Lạt có thể khác nhau tùy vào kỳ nghỉ của bạn (ví dụ: ngày bạn chọn, chính sách khách sạn,v.v.). Vui lòng xem giá bằng cách nhập ngày của bạn.', 'Tôi có thể làm gì ở Nguyễn Tài Hostel & Coffee Đà Lạt?': 'Nguyễn Tài Hostel & Coffee Đà Lạt có những hoạt động/dịch vụ sau (có thể áp dụng phí):'}"
https://www.booking.com/hotel/vn/nguyen-minh-hostel.vi.html,"{'Chi phí nghỉ tại Thiên Thanh là bao nhiêu?': 'Giá tại Thiên Thanh có thể khác nhau tùy vào kỳ nghỉ của bạn (ví dụ: ngày bạn chọn, chính sách khách sạn,v.v.). Vui lòng xem giá bằng cách nhập ngày của bạn.', 'Thiên Thanh có giờ nhận và trả phòng như thế nào?': 'Thiên Thanh có giờ nhận phòng từ 13:30 và giờ trả phòng trước 12:00.', 'Thiên Thanh cách trung tâm Đà Lạt bao xa?': 'Thiên Thanh cách trung tâm Đà Lạt 1,9 km.\nTất cả khoảng cách được đo theo đường thẳng. Khoảng cách di chuyển thực sự có thể khác.', 'Tôi có thể làm gì ở Thiên Thanh?': 'Thiên Thanh có những hoạt động/dịch vụ sau (có thể áp dụng phí): Đi bộ đường dài, Tour đi bộ, Lớp dạy nấu ăn, Tour đi xe đạp, Cho thuê xe đạp'}"
https://www.booking.com/hotel/vn/bao-dien-guesthouse.vi.html,"{'Bao Dien Guesthouse có giờ nhận và trả phòng như thế nào?': 'Bao Dien Guesthouse có giờ nhận phòng từ 14:00 và giờ trả phòng trước 11:30.', 'Bao Dien Guesthouse có những loại phòng nào?': 'Lựa chọn phòng tại Bao Dien Guesthouse bao gồm: Phòng giường đôi, Phòng 4 người, Phòng gia đình', 'Tôi có thể làm gì ở Bao Dien Guesthouse?': 'Bao Dien Guesthouse có những hoạt động/dịch vụ sau (có thể áp dụng phí): Sân chơi trẻ em, Hồ bơi', 'Bao Dien Guesthouse có hồ bơi không?': 'Có, khách sạn này có hồ bơi. Tìm hiểu chi tiết về hồ bơi và các tiện nghi khác trong trang này.', 'Bao Dien Guesthouse có phổ biến với các gia đình không?': 'Có, Bao Dien Guesthouse khá phổ biến đối với khách đặt kỳ nghỉ gia đình.', 'Chi phí nghỉ tại Bao Dien Guesthouse là bao nhiêu?': 'Giá tại Bao Dien Guesthouse có thể khác nhau tùy vào kỳ nghỉ của bạn (ví dụ: ngày bạn chọn, chính sách khách sạn,v.v.). Vui lòng xem giá bằng cách nhập ngày của bạn.', 'Bao Dien Guesthouse cách trung tâm Bảo Lộc bao xa?': 'Bao Dien Guesthouse cách trung tâm Bảo Lộc 10 km.\nTất cả khoảng cách được đo theo đường thẳng. Khoảng cách di chuyển thực sự có thể khác.', 'Bao Dien Guesthouse có nhà hàng trong khuôn viên không?': 'Bao Dien Guesthouse có 1 nhà hàng: Thùy Dương'}"
https://www.booking.com/hotel/vn/villa-bich-dao-dalat.vi.html,"{'Chi phí nghỉ tại BICH DAO Boutique - Dalat là bao nhiêu?': 'Giá tại B, I, C, H D, A, O Boutique - Dalat có thể khác nhau tùy vào kỳ nghỉ của bạn (ví dụ: ngày bạn chọn, chính sách khách sạn,v.v.). Vui lòng xem giá bằng cách nhập ngày của bạn.', 'BICH DAO Boutique - Dalat cách trung tâm Đà Lạt bao xa?': 'B, I, C, H D, A, O Boutique - Dalat cách trung tâm Đà Lạt 1,6 km.\nTất cả khoảng cách được đo theo đường thẳng. Khoảng cách di chuyển thực sự có thể khác.', 'Tôi có thể làm gì ở BICH DAO Boutique - Dalat?': 'B, I, C, H D, A, O Boutique - Dalat có những hoạt động/dịch vụ sau (có thể áp dụng phí):', 'BICH DAO Boutique - Dalat có những loại phòng nào?': 'Lựa chọn phòng tại B, I, C, H D, A, O Boutique - Dalat bao gồm: Phòng giường đôi, Phòng 2 giường đơn Suite', 'BICH DAO Boutique - Dalat có giờ nhận và trả phòng như thế nào?': 'B, I, C, H D, A, O Boutique - Dalat có giờ nhận phòng từ 14:00 và giờ trả phòng trước 12:00.', 'BICH DAO Boutique - Dalat có nhà hàng trong khuôn viên không?': 'B, I, C, H D, A, O Boutique - Dalat có 2 nhà hàng: Bonheur Vert Bích Đào 1'}"
https://www.booking.com/hotel/vn/rum-vang-ii-da-lat.vi.html,"{'Rum Vang Hotel Da Lat có nhà hàng trong khuôn viên không?': 'Rum Vang Hotel Da Lat có 1 nhà hàng: Nhà hàng', 'Chi phí nghỉ tại Rum Vang Hotel Da Lat là bao nhiêu?': 'Giá tại Rum Vang Hotel Da Lat có thể khác nhau tùy vào kỳ nghỉ của bạn (ví dụ: ngày bạn chọn, chính sách khách sạn,v.v.). Vui lòng xem giá bằng cách nhập ngày của bạn.', 'Rum Vang Hotel Da Lat cách trung tâm Đà Lạt bao xa?': 'Rum Vang Hotel Da Lat cách trung tâm Đà Lạt 500 m.\nTất cả khoảng cách được đo theo đường thẳng. Khoảng cách di chuyển thực sự có thể khác.', 'Rum Vang Hotel Da Lat có những loại phòng nào?': 'Lựa chọn phòng tại Rum Vang Hotel Da Lat bao gồm: Phòng giường đôi, Phòng 4 người, Phòng giường đôi/2 giường đơn', 'Rum Vang Hotel Da Lat có phổ biến với các gia đình không?': 'Có, Rum Vang Hotel Da Lat khá phổ biến đối với khách đặt kỳ nghỉ gia đình.', 'Tôi có thể làm gì ở Rum Vang Hotel Da Lat?': 'Rum Vang Hotel Da Lat có những hoạt động/dịch vụ sau (có thể áp dụng phí): Tour đi bộ, Bữa tối theo chủ đề, Tour đi xe đạp', 'Rum Vang Hotel Da Lat có giờ nhận và trả phòng như thế nào?': 'Rum Vang Hotel Da Lat có giờ nhận phòng từ 14:00 và giờ trả phòng trước 12:00.'}"
https://www.booking.com/hotel/vn/minh-chien.vi.html,"{'Minh Chien Hotel có giờ nhận và trả phòng như thế nào?': 'Minh Chien Hotel có giờ nhận phòng từ 14:00 và giờ trả phòng trước 12:00.', 'Minh Chien Hotel có nhà hàng trong khuôn viên không?': 'Minh Chien Hotel có 1 nhà hàng: Nhà hàng #1', 'Minh Chien Hotel cách trung tâm Đà Lạt bao xa?': 'Minh Chien Hotel cách trung tâm Đà Lạt 1,4 km.\nTất cả khoảng cách được đo theo đường thẳng. Khoảng cách di chuyển thực sự có thể khác.', 'Tôi có thể làm gì ở Minh Chien Hotel?': 'Minh Chien Hotel có những hoạt động/dịch vụ sau (có thể áp dụng phí): Tour/lớp về văn hóa địa phương, Sự kiện thể thao (truyền hình trực tiếp)', 'Minh Chien Hotel có những loại phòng nào?': 'Lựa chọn phòng tại Minh Chien Hotel bao gồm: Phòng giường đôi, Phòng 3 người, Suite, Phòng 2 giường đơn Phòng gia đình, Căn hộ', 'Chi phí nghỉ tại Minh Chien Hotel là bao nhiêu?': 'Giá tại Minh Chien Hotel có thể khác nhau tùy vào kỳ nghỉ của bạn (ví dụ: ngày bạn chọn, chính sách khách sạn,v.v.). Vui lòng xem giá bằng cách nhập ngày của bạn.', 'Minh Chien Hotel có phục vụ dạng bữa sáng nào?': 'Khách lưu trú tại Minh Chien Hotel có thể tận hưởng bữa sáng được đánh giá cao trong kỳ nghỉ của họ (điểm đánh giá của khách: 7.1)\n\nLựa chọn bữa sáng bao gồm: Kiểu lục địa, Kiểu Á, Tự chọn, Gọi món (à la carte)'}"
https://www.booking.com/hotel/vn/sen-villa-bao-loc-lam-dong.vi.html,"{'Tôi có thể làm gì ở SEN VILLA Boutique?': 'S, E, N V, I, L, L, A Boutique có những hoạt động/dịch vụ sau (có thể áp dụng phí): Đi bộ đường dài', 'Chi phí nghỉ tại SEN VILLA Boutique là bao nhiêu?': 'Giá tại S, E, N V, I, L, L, A Boutique có thể khác nhau tùy vào kỳ nghỉ của bạn (ví dụ: ngày bạn chọn, chính sách khách sạn,v.v.). Vui lòng xem giá bằng cách nhập ngày của bạn.', 'SEN VILLA Boutique có sân hiên không?': 'Có, nhiều lựa chọn tại chỗ nghỉ này có sân hiên. Bạn có thể tìm hiểu thêm về điều này và các tiện nghi khác tại S, E, N V, I, L, L, A Boutique trên trang này.', 'SEN VILLA Boutique có bao nhiêu phòng ngủ?': 'Bạn có thể chọn từ nhiều lựa chọn chỗ nghỉ tại S, E, N V, I, L, L, A Boutique (tùy vào tình trạng có sẵn). Những chỗ này có: 1 phòng ngủ2 phòng ngủ3 phòng ngủ\n\nĐể biết thêm thông tin, vui lòng kiểm tra chi tiết (các) lựa chọn chỗ nghỉ ở trang này.', 'SEN VILLA Boutique có ban công không?': 'Có, nhiều lựa chọn tại chỗ nghỉ này có ban công. Bạn có thể tìm hiểu thêm về điều này và các tiện nghi khác tại S, E, N V, I, L, L, A Boutique trên trang này.', 'SEN VILLA Boutique cách trung tâm Bảo Lộc bao xa?': 'S, E, N V, I, L, L, A Boutique cách trung tâm Bảo Lộc 3,5 km.\nTất cả khoảng cách được đo theo đường thẳng. Khoảng cách di chuyển thực sự có thể khác.', 'SEN VILLA Boutique có phổ biến với các gia đình không?': 'Có, S, E, N V, I, L, L, A Boutique khá phổ biến đối với khách đặt kỳ nghỉ gia đình.', 'SEN VILLA Boutique có nhà hàng trong khuôn viên không?': 'S, E, N V, I, L, L, A Boutique có 1 nhà hàng: Sen Villa Boutique Coffe&Tea', 'Bao nhiêu khách có thể lưu trú tại SEN VILLA Boutique?': 'Bạn có thể chọn từ nhiều lựa chọn chỗ nghỉ tại S, E, N V, I, L, L, A Boutique (tùy vào tình trạng có sẵn). Những chỗ này có thể tiếp đón: 2 khách6 khách8 khách\n\nĐể biết thêm thông tin, vui lòng kiểm tra chi tiết (các) lựa chọn chỗ nghỉ ở trang này.', 'SEN VILLA Boutique có giờ nhận và trả phòng như thế nào?': 'S, E, N V, I, L, L, A Boutique có giờ nhận phòng từ 14:00 và giờ trả phòng trước 12:00.'}"
https://www.booking.com/hotel/vn/villa-tuan-anh-da-lat-horizon.vi.html,"{'Villa Tuan Vu Da Lat Misty Valley cách trung tâm Đà Lạt bao xa?': 'Villa Tuan Vu Da Lat Misty Valley cách trung tâm Đà Lạt 5 km.\nTất cả khoảng cách được đo theo đường thẳng. Khoảng cách di chuyển thực sự có thể khác.', 'Tôi có thể làm gì ở Villa Tuan Vu Da Lat Misty Valley?': 'Villa Tuan Vu Da Lat Misty Valley có những hoạt động/dịch vụ sau (có thể áp dụng phí): Xe đạp, Đi bộ đường dài, Tour đi bộ, Bữa tối theo chủ đề, Tour/lớp về văn hóa địa phương, Tour đi xe đạp, Lớp dạy nấu ăn, Giờ vàng', 'Villa Tuan Vu Da Lat Misty Valley có phổ biến với các gia đình không?': 'Có, Villa Tuan Vu Da Lat Misty Valley khá phổ biến đối với khách đặt kỳ nghỉ gia đình.', 'Villa Tuan Vu Da Lat Misty Valley có những loại phòng nào?': 'Lựa chọn phòng tại Villa Tuan Vu Da Lat Misty Valley bao gồm: Phòng giường đôi, Phòng gia đình', 'Chi phí nghỉ tại Villa Tuan Vu Da Lat Misty Valley là bao nhiêu?': 'Giá tại Villa Tuan Vu Da Lat Misty Valley có thể khác nhau tùy vào kỳ nghỉ của bạn (ví dụ: ngày bạn chọn, chính sách khách sạn,v.v.). Vui lòng xem giá bằng cách nhập ngày của bạn.', 'Villa Tuan Vu Da Lat Misty Valley có giờ nhận và trả phòng như thế nào?': 'Villa Tuan Vu Da Lat Misty Valley có giờ nhận phòng từ 21:00 và giờ trả phòng trước 01:00.'}"
https://www.booking.com/hotel/vn/lightning-house-da-lat.vi.html,"{'Lightning House cách trung tâm Đà Lạt bao xa?': 'Lightning House cách trung tâm Đà Lạt 900 m.\nTất cả khoảng cách được đo theo đường thẳng. Khoảng cách di chuyển thực sự có thể khác.', 'Chi phí nghỉ tại Lightning House là bao nhiêu?': 'Giá tại Lightning House có thể khác nhau tùy vào kỳ nghỉ của bạn (ví dụ: ngày bạn chọn, chính sách khách sạn,v.v.). Vui lòng xem giá bằng cách nhập ngày của bạn.', 'Lightning House có giờ nhận và trả phòng như thế nào?': 'Lightning House có giờ nhận phòng từ 12:00 và giờ trả phòng trước 12:00.', 'Lightning House có những loại phòng nào?': 'Lựa chọn phòng tại Lightning House bao gồm: Phòng giường đôi, Phòng 2 giường đơn ', 'Tôi có thể làm gì ở Lightning House?': 'Lightning House có những hoạt động/dịch vụ sau (có thể áp dụng phí):'}"
https://www.booking.com/hotel/vn/thac-dambri.vi.html,"{'Chi phí nghỉ tại Thác Đambri là bao nhiêu?': 'Giá tại Thác Đambri có thể khác nhau tùy vào kỳ nghỉ của bạn (ví dụ: ngày bạn chọn, chính sách khách sạn,v.v.). Vui lòng xem giá bằng cách nhập ngày của bạn.', 'Tôi có thể làm gì ở Thác Đambri?': 'Thác Đambri có những hoạt động/dịch vụ sau (có thể áp dụng phí): Công viên nước, Hồ bơi', 'Thác Đambri có nhà hàng trong khuôn viên không?': 'Thác Đambri có 1 nhà hàng: Nhà hàng #1', 'Thác Đambri có hồ bơi không?': 'Có, khách sạn này có hồ bơi. Tìm hiểu chi tiết về hồ bơi và các tiện nghi khác trong trang này.', 'Thác Đambri có những loại phòng nào?': 'Lựa chọn phòng tại Thác Đambri bao gồm: Phòng giường đôi', 'Thác Đambri có giờ nhận và trả phòng như thế nào?': 'Thác Đambri có giờ nhận phòng từ 14:00 và giờ trả phòng trước 11:00.', 'Thác Đambri cách trung tâm Buôn Bedeur bao xa?': 'Thác Đambri cách trung tâm Buôn Bedeur 1,3 km.\nTất cả khoảng cách được đo theo đường thẳng. Khoảng cách di chuyển thực sự có thể khác.'}"
https://www.booking.com/hotel/vn/bao-thinh-2.vi.html,"{'Bảo Thịnh 2 Hotel có những loại phòng nào?': 'Lựa chọn phòng tại Bảo Thịnh 2 Hotel bao gồm: Phòng giường đôi, Phòng 4 người, Phòng 2 giường đơn ', 'Bảo Thịnh 2 Hotel có giờ nhận và trả phòng như thế nào?': 'Bảo Thịnh 2 Hotel có giờ nhận phòng từ 14:00 và giờ trả phòng trước 12:00.', 'Chi phí nghỉ tại Bảo Thịnh 2 Hotel là bao nhiêu?': 'Giá tại Bảo Thịnh 2 Hotel có thể khác nhau tùy vào kỳ nghỉ của bạn (ví dụ: ngày bạn chọn, chính sách khách sạn,v.v.). Vui lòng xem giá bằng cách nhập ngày của bạn.', 'Bảo Thịnh 2 Hotel cách trung tâm Đà Lạt bao xa?': 'Bảo Thịnh 2 Hotel cách trung tâm Đà Lạt 1,1 km.\nTất cả khoảng cách được đo theo đường thẳng. Khoảng cách di chuyển thực sự có thể khác.', 'Tôi có thể làm gì ở Bảo Thịnh 2 Hotel?': 'Bảo Thịnh 2 Hotel có những hoạt động/dịch vụ sau (có thể áp dụng phí): Sân gôn (trong vòng 3km)'}"
https://www.booking.com/hotel/vn/binh-an-viilage-resort.vi.html,"{'Binh An Village Resort có nhà hàng trong khuôn viên không?': 'Binh An Village Resort có 1 nhà hàng: 5 Bauhinias Restaurant', 'Tôi có thể làm gì ở Binh An Village Resort?': 'Binh An Village Resort có những hoạt động/dịch vụ sau (có thể áp dụng phí): Trung tâm Spa & chăm sóc sức khoẻTrung tâm thể dục, Phòng xông hơi, Xe đạp, Sân chơi trẻ em, Bóng bàn, Câu cáCa-nô, Sân gôn mini, Sân gôn (trong vòng 3km)Giải trí buổi tối, Phòng xông hơi ướt, Cho thuê xe đạp, Trị Liệu Cơ Thể, Tour/lớp về văn hóa địa phương, Lớp học yoga, Bữa tối theo chủ đề, Chăm sóc da mặt, Lớp dạy nấu ăn, Gói spa/chăm sóc sức khỏe, Quấn toàn thân, Khu vực thư giãn/spa lounge, Dịch Vụ Làm Đẹp, Phòng gym, Tẩy tế bào chết toàn thân, Chăm sóc tóc, Tiện Nghi Spa', 'Binh An Village Resort có phục vụ dạng bữa sáng nào?': 'Khách lưu trú tại Binh An Village Resort có thể tận hưởng bữa sáng được đánh giá cao trong kỳ nghỉ của họ (điểm đánh giá của khách: 10.0)\n\nLựa chọn bữa sáng bao gồm: Thực đơn chay, Kiểu Á', 'Binh An Village Resort có giờ nhận và trả phòng như thế nào?': 'Binh An Village Resort có giờ nhận phòng từ 14:00 và giờ trả phòng trước 12:00.', 'Binh An Village Resort có phổ biến với các gia đình không?': 'Có, Binh An Village Resort khá phổ biến đối với khách đặt kỳ nghỉ gia đình.', 'Binh An Village Resort cách trung tâm Đà Lạt bao xa?': 'Binh An Village Resort cách trung tâm Đà Lạt 6 km.\nTất cả khoảng cách được đo theo đường thẳng. Khoảng cách di chuyển thực sự có thể khác.', 'Chi phí nghỉ tại Binh An Village Resort là bao nhiêu?': 'Giá tại Binh An Village Resort có thể khác nhau tùy vào kỳ nghỉ của bạn (ví dụ: ngày bạn chọn, chính sách khách sạn,v.v.). Vui lòng xem giá bằng cách nhập ngày của bạn.', 'Binh An Village Resort có những loại phòng nào?': 'Lựa chọn phòng tại Binh An Village Resort bao gồm: Suite, Phòng gia đình, Biệt thự'}"
https://www.booking.com/hotel/vn/can-nha-nho.vi.html,"{'Căn Nhà Nhỏ cách trung tâm Ấp Xuân An bao xa?': 'Căn Nhà Nhỏ cách trung tâm Ấp Xuân An 550 m.\nTất cả khoảng cách được đo theo đường thẳng. Khoảng cách di chuyển thực sự có thể khác.', 'Tôi có thể làm gì ở Căn Nhà Nhỏ?': 'Căn Nhà Nhỏ có những hoạt động/dịch vụ sau (có thể áp dụng phí):', 'Chi phí nghỉ tại Căn Nhà Nhỏ là bao nhiêu?': 'Giá tại Căn Nhà Nhỏ có thể khác nhau tùy vào kỳ nghỉ của bạn (ví dụ: ngày bạn chọn, chính sách khách sạn,v.v.). Vui lòng xem giá bằng cách nhập ngày của bạn.', 'Căn Nhà Nhỏ có giờ nhận và trả phòng như thế nào?': 'Căn Nhà Nhỏ có giờ nhận phòng từ 00:00 và giờ trả phòng trước 12:00.'}"
https://www.booking.com/hotel/vn/dom-dom-house-da-lat.vi.html,"{'Chi phí nghỉ tại Đom Đóm House Đà Lạt là bao nhiêu?': 'Giá tại Đom Đóm House Đà Lạt có thể khác nhau tùy vào kỳ nghỉ của bạn (ví dụ: ngày bạn chọn, chính sách khách sạn,v.v.). Vui lòng xem giá bằng cách nhập ngày của bạn.', 'Tôi có thể làm gì ở Đom Đóm House Đà Lạt?': 'Đom Đóm House Đà Lạt có những hoạt động/dịch vụ sau (có thể áp dụng phí):', 'Đom Đóm House Đà Lạt có giờ nhận và trả phòng như thế nào?': 'Đom Đóm House Đà Lạt có giờ nhận phòng từ 14:00 và giờ trả phòng trước 12:00.', 'Đom Đóm House Đà Lạt cách trung tâm Đà Lạt bao xa?': 'Đom Đóm House Đà Lạt cách trung tâm Đà Lạt 4,5 km.\nTất cả khoảng cách được đo theo đường thẳng. Khoảng cách di chuyển thực sự có thể khác.'}"
https://www.booking.com/hotel/vn/nguyen-thi-cuc.vi.html,"{'Chi phí nghỉ tại Thanh Anh Hotel Da Lat là bao nhiêu?': 'Giá tại Thanh Anh Hotel Da Lat có thể khác nhau tùy vào kỳ nghỉ của bạn (ví dụ: ngày bạn chọn, chính sách khách sạn,v.v.). Vui lòng xem giá bằng cách nhập ngày của bạn.', 'Tôi có thể làm gì ở Thanh Anh Hotel Da Lat?': 'Thanh Anh Hotel Da Lat có những hoạt động/dịch vụ sau (có thể áp dụng phí): Cho thuê xe đạp', 'Thanh Anh Hotel Da Lat có những loại phòng nào?': 'Lựa chọn phòng tại Thanh Anh Hotel Da Lat bao gồm: Phòng giường đôi, Phòng 4 người, Phòng gia đình, Giường trong phòng tập thể', 'Thanh Anh Hotel Da Lat có phổ biến với các gia đình không?': 'Có, Thanh Anh Hotel Da Lat khá phổ biến đối với khách đặt kỳ nghỉ gia đình.', 'Thanh Anh Hotel Da Lat có giờ nhận và trả phòng như thế nào?': 'Thanh Anh Hotel Da Lat có giờ nhận phòng từ 14:00 và giờ trả phòng trước 12:00.', 'Thanh Anh Hotel Da Lat cách trung tâm Đà Lạt bao xa?': 'Thanh Anh Hotel Da Lat cách trung tâm Đà Lạt 700 m.\nTất cả khoảng cách được đo theo đường thẳng. Khoảng cách di chuyển thực sự có thể khác.'}"
https://www.booking.com/hotel/vn/minh-chi-da-lat1.vi.html,"{'Minh Chi Hotel có những loại phòng nào?': 'Lựa chọn phòng tại Minh Chi Hotel bao gồm: Phòng giường đôi, Phòng 2 giường đơn Phòng 4 người', 'Minh Chi Hotel cách trung tâm Đà Lạt bao xa?': 'Minh Chi Hotel cách trung tâm Đà Lạt 1,6 km.\nTất cả khoảng cách được đo theo đường thẳng. Khoảng cách di chuyển thực sự có thể khác.', 'Minh Chi Hotel có giờ nhận và trả phòng như thế nào?': 'Minh Chi Hotel có giờ nhận phòng từ 14:00 và giờ trả phòng trước 12:30.', 'Chi phí nghỉ tại Minh Chi Hotel là bao nhiêu?': 'Giá tại Minh Chi Hotel có thể khác nhau tùy vào kỳ nghỉ của bạn (ví dụ: ngày bạn chọn, chính sách khách sạn,v.v.). Vui lòng xem giá bằng cách nhập ngày của bạn.', 'Tôi có thể làm gì ở Minh Chi Hotel?': 'Minh Chi Hotel có những hoạt động/dịch vụ sau (có thể áp dụng phí): Tour đi bộ, Cho thuê xe đạp'}"
https://www.booking.com/hotel/vn/white-house-15932.vi.html,"{'White Villa Đà Lạt có nhà hàng trong khuôn viên không?': 'White Villa Đà Lạt có 1 nhà hàng: Nhà hàng quán ăn sân vườn osaka', 'White Villa Đà Lạt cách trung tâm Đà Lạt bao xa?': 'White Villa Đà Lạt cách trung tâm Đà Lạt 8 km.\nTất cả khoảng cách được đo theo đường thẳng. Khoảng cách di chuyển thực sự có thể khác.', 'Tôi có thể làm gì ở White Villa Đà Lạt?': 'White Villa Đà Lạt có những hoạt động/dịch vụ sau (có thể áp dụng phí):', 'White Villa Đà Lạt có những loại phòng nào?': 'Lựa chọn phòng tại White Villa Đà Lạt bao gồm: Phòng giường đôi, Phòng 4 người, Căn hộ', 'White Villa Đà Lạt có giờ nhận và trả phòng như thế nào?': 'White Villa Đà Lạt có giờ nhận phòng từ 14:00 và giờ trả phòng trước 12:00.', 'Chi phí nghỉ tại White Villa Đà Lạt là bao nhiêu?': 'Giá tại White Villa Đà Lạt có thể khác nhau tùy vào kỳ nghỉ của bạn (ví dụ: ngày bạn chọn, chính sách khách sạn,v.v.). Vui lòng xem giá bằng cách nhập ngày của bạn.', 'White Villa Đà Lạt có phổ biến với các gia đình không?': 'Có, White Villa Đà Lạt khá phổ biến đối với khách đặt kỳ nghỉ gia đình.'}"
https://www.booking.com/hotel/vn/november-da-lat.vi.html,"{'November Villa Đà Lạt có giờ nhận và trả phòng như thế nào?': 'November Villa Đà Lạt có giờ nhận phòng từ 14:00 và giờ trả phòng trước 12:00.', 'Tôi có thể làm gì ở November Villa Đà Lạt?': 'November Villa Đà Lạt có những hoạt động/dịch vụ sau (có thể áp dụng phí):', 'November Villa Đà Lạt có những loại phòng nào?': 'Lựa chọn phòng tại November Villa Đà Lạt bao gồm: Phòng giường đôi, Phòng 4 người', 'November Villa Đà Lạt cách trung tâm Đà Lạt bao xa?': 'November Villa Đà Lạt cách trung tâm Đà Lạt 4,7 km.\nTất cả khoảng cách được đo theo đường thẳng. Khoảng cách di chuyển thực sự có thể khác.', 'Chi phí nghỉ tại November Villa Đà Lạt là bao nhiêu?': 'Giá tại November Villa Đà Lạt có thể khác nhau tùy vào kỳ nghỉ của bạn (ví dụ: ngày bạn chọn, chính sách khách sạn,v.v.). Vui lòng xem giá bằng cách nhập ngày của bạn.'}"
https://www.booking.com/hotel/vn/mo-boutique-da-lat.vi.html,"{'Min Boutique Hotel Đà Lạt có giờ nhận và trả phòng như thế nào?': 'Min Boutique Hotel Đà Lạt có giờ nhận phòng từ 14:00 và giờ trả phòng trước 12:00.', 'Tôi có thể làm gì ở Min Boutique Hotel Đà Lạt?': 'Min Boutique Hotel Đà Lạt có những hoạt động/dịch vụ sau (có thể áp dụng phí):', 'Chi phí nghỉ tại Min Boutique Hotel Đà Lạt là bao nhiêu?': 'Giá tại Min Boutique Hotel Đà Lạt có thể khác nhau tùy vào kỳ nghỉ của bạn (ví dụ: ngày bạn chọn, chính sách khách sạn,v.v.). Vui lòng xem giá bằng cách nhập ngày của bạn.', 'Min Boutique Hotel Đà Lạt cách trung tâm Đà Lạt bao xa?': 'Min Boutique Hotel Đà Lạt cách trung tâm Đà Lạt 400 m.\nTất cả khoảng cách được đo theo đường thẳng. Khoảng cách di chuyển thực sự có thể khác.', 'Min Boutique Hotel Đà Lạt có những loại phòng nào?': 'Lựa chọn phòng tại Min Boutique Hotel Đà Lạt bao gồm: Phòng giường đôi, Phòng 4 người'}"
https://www.booking.com/hotel/vn/uyen-house-da-lat.vi.html,"{'Tôi có thể làm gì ở Uyên House hotel?': 'Uyên House hotel có những hoạt động/dịch vụ sau (có thể áp dụng phí):', 'Uyên House hotel cách trung tâm Đà Lạt bao xa?': 'Uyên House hotel cách trung tâm Đà Lạt 800 m.\nTất cả khoảng cách được đo theo đường thẳng. Khoảng cách di chuyển thực sự có thể khác.', 'Uyên House hotel có giờ nhận và trả phòng như thế nào?': 'Uyên House hotel có giờ nhận phòng từ 12:00 và giờ trả phòng trước 12:00.', 'Uyên House hotel có những loại phòng nào?': 'Lựa chọn phòng tại Uyên House hotel bao gồm: Phòng giường đôi, Phòng 4 người', 'Chi phí nghỉ tại Uyên House hotel là bao nhiêu?': 'Giá tại Uyên House hotel có thể khác nhau tùy vào kỳ nghỉ của bạn (ví dụ: ngày bạn chọn, chính sách khách sạn,v.v.). Vui lòng xem giá bằng cách nhập ngày của bạn.'}"
https://www.booking.com/hotel/vn/the-note-dalat.vi.html,"{'Tôi có thể làm gì ở The Note Dalat?': 'The Note Dalat có những hoạt động/dịch vụ sau (có thể áp dụng phí): Xe đạp, Đi bộ đường dài, Sân gôn (trong vòng 3km)Tour đi xe đạp, Cưỡi ngựa, Tour đi bộ, Lớp học yoga, Tour/lớp về văn hóa địa phương', 'The Note Dalat có giờ nhận và trả phòng như thế nào?': 'The Note Dalat có giờ nhận phòng từ 14:00 và giờ trả phòng trước 12:00.', 'The Note Dalat có những loại phòng nào?': 'Lựa chọn phòng tại The Note Dalat bao gồm: Phòng giường đôi, Phòng 4 người', 'Chi phí nghỉ tại The Note Dalat là bao nhiêu?': 'Giá tại The Note Dalat có thể khác nhau tùy vào kỳ nghỉ của bạn (ví dụ: ngày bạn chọn, chính sách khách sạn,v.v.). Vui lòng xem giá bằng cách nhập ngày của bạn.', 'The Note Dalat cách trung tâm Đà Lạt bao xa?': 'The Note Dalat cách trung tâm Đà Lạt 250 m.\nTất cả khoảng cách được đo theo đường thẳng. Khoảng cách di chuyển thực sự có thể khác.'}"
https://www.booking.com/hotel/vn/saffron-dalat.vi.html,"{'SAFFRON Dalat cách trung tâm Đà Lạt bao xa?': 'S, A, F, F, R, O, N Dalat cách trung tâm Đà Lạt 2,6 km.\nTất cả khoảng cách được đo theo đường thẳng. Khoảng cách di chuyển thực sự có thể khác.', 'Tôi có thể làm gì ở SAFFRON Dalat?': 'S, A, F, F, R, O, N Dalat có những hoạt động/dịch vụ sau (có thể áp dụng phí):', 'SAFFRON Dalat có phổ biến với các gia đình không?': 'Có, S, A, F, F, R, O, N Dalat khá phổ biến đối với khách đặt kỳ nghỉ gia đình.', 'SAFFRON Dalat có những loại phòng nào?': 'Lựa chọn phòng tại S, A, F, F, R, O, N Dalat bao gồm: Phòng 2 giường đơn Phòng giường đôi, Phòng đơn, Phòng 4 người', 'Chi phí nghỉ tại SAFFRON Dalat là bao nhiêu?': 'Giá tại S, A, F, F, R, O, N Dalat có thể khác nhau tùy vào kỳ nghỉ của bạn (ví dụ: ngày bạn chọn, chính sách khách sạn,v.v.). Vui lòng xem giá bằng cách nhập ngày của bạn.', 'SAFFRON Dalat có giờ nhận và trả phòng như thế nào?': 'S, A, F, F, R, O, N Dalat có giờ nhận phòng từ 14:00 và giờ trả phòng trước 12:00.'}"
https://www.booking.com/hotel/vn/anh-hao-hang.vi.html,"{'Anh Hào Hotel có giờ nhận và trả phòng như thế nào?': 'Anh Hào Hotel có giờ nhận phòng từ 12:00 và giờ trả phòng trước 12:00.', 'Chi phí nghỉ tại Anh Hào Hotel là bao nhiêu?': 'Giá tại Anh Hào Hotel có thể khác nhau tùy vào kỳ nghỉ của bạn (ví dụ: ngày bạn chọn, chính sách khách sạn,v.v.). Vui lòng xem giá bằng cách nhập ngày của bạn.', 'Anh Hào Hotel có những loại phòng nào?': 'Lựa chọn phòng tại Anh Hào Hotel bao gồm: Phòng giường đôi, Phòng 4 người, Phòng gia đình', 'Tôi có thể làm gì ở Anh Hào Hotel?': 'Anh Hào Hotel có những hoạt động/dịch vụ sau (có thể áp dụng phí):', 'Anh Hào Hotel cách trung tâm Đà Lạt bao xa?': 'Anh Hào Hotel cách trung tâm Đà Lạt 400 m.\nTất cả khoảng cách được đo theo đường thẳng. Khoảng cách di chuyển thực sự có thể khác.'}"
https://www.booking.com/hotel/vn/element-villa-dalat-hcm-opacs.vi.html,"{'Bao nhiêu khách có thể lưu trú tại Element Villa Dalat - HCM Opacs?': 'Bạn có thể chọn từ nhiều lựa chọn chỗ nghỉ tại Element Villa Dalat - H, C, M Opacs (tùy vào tình trạng có sẵn). Những chỗ này có thể tiếp đón: 10 khách12 khách14 khách16 khách30 khách\n\nĐể biết thêm thông tin, vui lòng kiểm tra chi tiết (các) lựa chọn chỗ nghỉ ở trang này.', 'Element Villa Dalat - HCM Opacs có ban công không?': 'Có, nhiều lựa chọn tại chỗ nghỉ này có ban công. Bạn có thể tìm hiểu thêm về điều này và các tiện nghi khác tại Element Villa Dalat - H, C, M Opacs trên trang này.', 'Element Villa Dalat - HCM Opacs có bao nhiêu phòng ngủ?': 'Bạn có thể chọn từ nhiều lựa chọn chỗ nghỉ tại Element Villa Dalat - H, C, M Opacs (tùy vào tình trạng có sẵn). Những chỗ này có: 4 phòng ngủ5 phòng ngủ6 phòng ngủ7 phòng ngủ\n\nĐể biết thêm thông tin, vui lòng kiểm tra chi tiết (các) lựa chọn chỗ nghỉ ở trang này.', 'Element Villa Dalat - HCM Opacs có phổ biến với các gia đình không?': 'Có, Element Villa Dalat - H, C, M Opacs khá phổ biến đối với khách đặt kỳ nghỉ gia đình.', 'Chi phí nghỉ tại Element Villa Dalat - HCM Opacs là bao nhiêu?': 'Giá tại Element Villa Dalat - H, C, M Opacs có thể khác nhau tùy vào kỳ nghỉ của bạn (ví dụ: ngày bạn chọn, chính sách khách sạn,v.v.). Vui lòng xem giá bằng cách nhập ngày của bạn.', 'Element Villa Dalat - HCM Opacs có sân hiên không?': 'Có, nhiều lựa chọn tại chỗ nghỉ này có sân hiên. Bạn có thể tìm hiểu thêm về điều này và các tiện nghi khác tại Element Villa Dalat - H, C, M Opacs trên trang này.', 'Element Villa Dalat - HCM Opacs cách trung tâm Đà Lạt bao xa?': 'Element Villa Dalat - H, C, M Opacs cách trung tâm Đà Lạt 250 m.\nTất cả khoảng cách được đo theo đường thẳng. Khoảng cách di chuyển thực sự có thể khác.', 'Element Villa Dalat - HCM Opacs có giờ nhận và trả phòng như thế nào?': 'Element Villa Dalat - H, C, M Opacs có giờ nhận phòng từ 15:00 và giờ trả phòng trước 11:00.', 'Tôi có thể làm gì ở Element Villa Dalat - HCM Opacs?': 'Element Villa Dalat - H, C, M Opacs có những hoạt động/dịch vụ sau (có thể áp dụng phí): Xe đạp, Đi bộ đường dài, Bida, Bowling, Sân tennis, Sân gôn mini, Phi tiêu, Sân gôn (trong vòng 3km)Giải trí buổi tối, Bắn cung, Tour đi bộ, Cưỡi ngựa, Triển lãm tranh đương đại, Cho thuê xe đạp, Tour/lớp về văn hóa địa phương, Đêm phim, Tour đi xe đạp, Nhảy/khám phá bar, Lớp dạy nấu ăn'}"
https://www.booking.com/hotel/vn/strawberry-garden.vi.html,"{'Dream Flower Dalat Hotel cách trung tâm Đà Lạt bao xa?': 'Dream Flower Dalat Hotel cách trung tâm Đà Lạt 2 km.\nTất cả khoảng cách được đo theo đường thẳng. Khoảng cách di chuyển thực sự có thể khác.', 'Tôi có thể làm gì ở Dream Flower Dalat Hotel?': 'Dream Flower Dalat Hotel có những hoạt động/dịch vụ sau (có thể áp dụng phí): Bồn tắm nóng/bể sục (Jacuzzi)Phòng xông hơi, Sân chơi trẻ em, Cho thuê xe đạp', 'Dream Flower Dalat Hotel có phổ biến với các gia đình không?': 'Có, Dream Flower Dalat Hotel khá phổ biến đối với khách đặt kỳ nghỉ gia đình.', 'Dream Flower Dalat Hotel có bể sục cho khách không?': 'Chỗ nghỉ có bể sục. Bạn có thể tìm hiểu thêm về điều này và các tiện nghi khác tại Dream Flower Dalat Hotel trên trang này.', 'Dream Flower Dalat Hotel có giờ nhận và trả phòng như thế nào?': 'Dream Flower Dalat Hotel có giờ nhận phòng từ 14:00 và giờ trả phòng trước 12:00.', 'Dream Flower Dalat Hotel có những loại phòng nào?': 'Lựa chọn phòng tại Dream Flower Dalat Hotel bao gồm: Phòng giường đôi, Phòng gia đình, Bungalow, Phòng 3 người', 'Chi phí nghỉ tại Dream Flower Dalat Hotel là bao nhiêu?': 'Giá tại Dream Flower Dalat Hotel có thể khác nhau tùy vào kỳ nghỉ của bạn (ví dụ: ngày bạn chọn, chính sách khách sạn,v.v.). Vui lòng xem giá bằng cách nhập ngày của bạn.'}"
https://www.booking.com/hotel/vn/amigo-homestay-dalat.vi.html,"{'Chi phí nghỉ tại AMIGO HOMESTAY DALAT là bao nhiêu?': 'Giá tại A, M, I, G, O H, O, M, E, S, T, A, Y D, A, L, A, T có thể khác nhau tùy vào kỳ nghỉ của bạn (ví dụ: ngày bạn chọn, chính sách khách sạn,v.v.). Vui lòng xem giá bằng cách nhập ngày của bạn.', 'AMIGO HOMESTAY DALAT có phổ biến với các gia đình không?': 'Có, A, M, I, G, O H, O, M, E, S, T, A, Y D, A, L, A, T khá phổ biến đối với khách đặt kỳ nghỉ gia đình.', 'AMIGO HOMESTAY DALAT có giờ nhận và trả phòng như thế nào?': 'A, M, I, G, O H, O, M, E, S, T, A, Y D, A, L, A, T có giờ nhận phòng từ 14:00 và giờ trả phòng trước 12:00.', 'AMIGO HOMESTAY DALAT cách trung tâm Đà Lạt bao xa?': 'A, M, I, G, O H, O, M, E, S, T, A, Y D, A, L, A, T cách trung tâm Đà Lạt 400 m.\nTất cả khoảng cách được đo theo đường thẳng. Khoảng cách di chuyển thực sự có thể khác.', 'Tôi có thể làm gì ở AMIGO HOMESTAY DALAT?': 'A, M, I, G, O H, O, M, E, S, T, A, Y D, A, L, A, T có những hoạt động/dịch vụ sau (có thể áp dụng phí):', 'AMIGO HOMESTAY DALAT có những loại phòng nào?': 'Lựa chọn phòng tại A, M, I, G, O H, O, M, E, S, T, A, Y D, A, L, A, T bao gồm: Phòng giường đôi, Phòng 4 người, Phòng gia đình'}"
https://www.booking.com/hotel/vn/anita-dalat.vi.html,"{'Tôi có thể làm gì ở Anita homestay Dalat?': 'Anita homestay Dalat có những hoạt động/dịch vụ sau (có thể áp dụng phí):', 'Anita homestay Dalat cách trung tâm Khu Chi Lăng bao xa?': 'Anita homestay Dalat cách trung tâm Khu Chi Lăng 650 m.\nTất cả khoảng cách được đo theo đường thẳng. Khoảng cách di chuyển thực sự có thể khác.', 'Anita homestay Dalat có giờ nhận và trả phòng như thế nào?': 'Anita homestay Dalat có giờ nhận phòng từ 14:00 và giờ trả phòng trước 12:00.', 'Chi phí nghỉ tại Anita homestay Dalat là bao nhiêu?': 'Giá tại Anita homestay Dalat có thể khác nhau tùy vào kỳ nghỉ của bạn (ví dụ: ngày bạn chọn, chính sách khách sạn,v.v.). Vui lòng xem giá bằng cách nhập ngày của bạn.'}"
https://www.booking.com/hotel/vn/together-is-home-thanh-pho-da-lat.vi.html,"{'Tôi có thể làm gì ở Together is Home?': 'Together is Home có những hoạt động/dịch vụ sau (có thể áp dụng phí):', 'Together is Home có những loại phòng nào?': 'Lựa chọn phòng tại Together is Home bao gồm: Phòng giường đôi, Phòng 4 người, Phòng gia đình, Studio', 'Together is Home cách trung tâm Đà Lạt bao xa?': 'Together is Home cách trung tâm Đà Lạt 450 m.\nTất cả khoảng cách được đo theo đường thẳng. Khoảng cách di chuyển thực sự có thể khác.', 'Together is Home có giờ nhận và trả phòng như thế nào?': 'Together is Home có giờ nhận phòng từ 13:00 và giờ trả phòng trước 12:30.', 'Chi phí nghỉ tại Together is Home là bao nhiêu?': 'Giá tại Together is Home có thể khác nhau tùy vào kỳ nghỉ của bạn (ví dụ: ngày bạn chọn, chính sách khách sạn,v.v.). Vui lòng xem giá bằng cách nhập ngày của bạn.'}"
https://www.booking.com/hotel/vn/an-homestay-amp-coffee-di-linh.vi.html,"{'Tôi có thể làm gì ở AN Homestay&coffee?': 'A, N Homestay&coffee có những hoạt động/dịch vụ sau (có thể áp dụng phí): Bữa tối theo chủ đề', 'AN Homestay&coffee có giờ nhận và trả phòng như thế nào?': 'A, N Homestay&coffee có giờ nhận phòng từ 14:00 và giờ trả phòng trước 12:00.', 'Chi phí nghỉ tại AN Homestay&coffee là bao nhiêu?': 'Giá tại A, N Homestay&coffee có thể khác nhau tùy vào kỳ nghỉ của bạn (ví dụ: ngày bạn chọn, chính sách khách sạn,v.v.). Vui lòng xem giá bằng cách nhập ngày của bạn.', 'AN Homestay&coffee cách trung tâm Di Linh bao xa?': 'A, N Homestay&coffee cách trung tâm Di Linh 3,9 km.\nTất cả khoảng cách được đo theo đường thẳng. Khoảng cách di chuyển thực sự có thể khác.', 'AN Homestay&coffee có những loại phòng nào?': 'Lựa chọn phòng tại A, N Homestay&coffee bao gồm: Phòng giường đôi, Phòng giường đôi/2 giường đơn'}"
https://www.booking.com/hotel/vn/green-house-thanh-pho-da-lat2.vi.html,"{'Green House - Căn hộ có bếp riêng có sân hiên không?': 'Có, nhiều lựa chọn tại chỗ nghỉ này có sân hiên. Bạn có thể tìm hiểu thêm về điều này và các tiện nghi khác tại Green House - Căn hộ có bếp riêng trên trang này.', 'Green House - Căn hộ có bếp riêng có phổ biến với các gia đình không?': 'Có, Green House - Căn hộ có bếp riêng khá phổ biến đối với khách đặt kỳ nghỉ gia đình.', 'Tôi có thể làm gì ở Green House - Căn hộ có bếp riêng?': 'Green House - Căn hộ có bếp riêng có những hoạt động/dịch vụ sau (có thể áp dụng phí):', 'Green House - Căn hộ có bếp riêng có ban công không?': 'Có, nhiều lựa chọn tại chỗ nghỉ này có ban công. Bạn có thể tìm hiểu thêm về điều này và các tiện nghi khác tại Green House - Căn hộ có bếp riêng trên trang này.', 'Chi phí nghỉ tại Green House - Căn hộ có bếp riêng là bao nhiêu?': 'Giá tại Green House - Căn hộ có bếp riêng có thể khác nhau tùy vào kỳ nghỉ của bạn (ví dụ: ngày bạn chọn, chính sách khách sạn,v.v.). Vui lòng xem giá bằng cách nhập ngày của bạn.', 'Green House - Căn hộ có bếp riêng có giờ nhận và trả phòng như thế nào?': 'Green House - Căn hộ có bếp riêng có giờ nhận phòng từ 14:00 và giờ trả phòng trước 12:00.', 'Bao nhiêu khách có thể lưu trú tại Green House - Căn hộ có bếp riêng?': 'Bạn có thể chọn từ nhiều lựa chọn chỗ nghỉ tại Green House - Căn hộ có bếp riêng (tùy vào tình trạng có sẵn). Những chỗ này có thể tiếp đón: 18 khách2 khách4 khách6 khách\n\nĐể biết thêm thông tin, vui lòng kiểm tra chi tiết (các) lựa chọn chỗ nghỉ ở trang này.', 'Green House - Căn hộ có bếp riêng cách trung tâm Đà Lạt bao xa?': 'Green House - Căn hộ có bếp riêng cách trung tâm Đà Lạt 2,8 km.\nTất cả khoảng cách được đo theo đường thẳng. Khoảng cách di chuyển thực sự có thể khác.', 'Green House - Căn hộ có bếp riêng có bao nhiêu phòng ngủ?': 'Bạn có thể chọn từ nhiều lựa chọn chỗ nghỉ tại Green House - Căn hộ có bếp riêng (tùy vào tình trạng có sẵn). Những chỗ này có: 1 phòng ngủ2 phòng ngủ3 phòng ngủ9 phòng ngủ\n\nĐể biết thêm thông tin, vui lòng kiểm tra chi tiết (các) lựa chọn chỗ nghỉ ở trang này.'}"
https://www.booking.com/hotel/vn/green-meadow-villa-amp-cafe.vi.html,"{'Tôi có thể làm gì ở Green Meadow Central Hotel Đà Lạt?': 'Green Meadow Central Hotel Đà Lạt có những hoạt động/dịch vụ sau (có thể áp dụng phí):', 'Green Meadow Central Hotel Đà Lạt có giờ nhận và trả phòng như thế nào?': 'Green Meadow Central Hotel Đà Lạt có giờ nhận phòng từ 14:00 và giờ trả phòng trước 12:00.', 'Green Meadow Central Hotel Đà Lạt cách trung tâm Đà Lạt bao xa?': 'Green Meadow Central Hotel Đà Lạt cách trung tâm Đà Lạt 1,4 km.\nTất cả khoảng cách được đo theo đường thẳng. Khoảng cách di chuyển thực sự có thể khác.', 'Chi phí nghỉ tại Green Meadow Central Hotel Đà Lạt là bao nhiêu?': 'Giá tại Green Meadow Central Hotel Đà Lạt có thể khác nhau tùy vào kỳ nghỉ của bạn (ví dụ: ngày bạn chọn, chính sách khách sạn,v.v.). Vui lòng xem giá bằng cách nhập ngày của bạn.', 'Green Meadow Central Hotel Đà Lạt có những loại phòng nào?': 'Lựa chọn phòng tại Green Meadow Central Hotel Đà Lạt bao gồm: Phòng gia đình, Suite, Phòng giường đôi, Căn hộ'}"
https://www.booking.com/hotel/vn/starview-villa.vi.html,"{'Starview Villa Dalat có giờ nhận và trả phòng như thế nào?': 'Starview Villa Dalat có giờ nhận phòng từ 12:00 và giờ trả phòng trước 12:00.', 'Starview Villa Dalat cách trung tâm Đà Lạt bao xa?': 'Starview Villa Dalat cách trung tâm Đà Lạt 2,9 km.\nTất cả khoảng cách được đo theo đường thẳng. Khoảng cách di chuyển thực sự có thể khác.', 'Chi phí nghỉ tại Starview Villa Dalat là bao nhiêu?': 'Giá tại Starview Villa Dalat có thể khác nhau tùy vào kỳ nghỉ của bạn (ví dụ: ngày bạn chọn, chính sách khách sạn,v.v.). Vui lòng xem giá bằng cách nhập ngày của bạn.', 'Starview Villa Dalat có những loại phòng nào?': 'Lựa chọn phòng tại Starview Villa Dalat bao gồm: Phòng giường đôi, Phòng 4 người, Studio', 'Tôi có thể làm gì ở Starview Villa Dalat?': 'Starview Villa Dalat có những hoạt động/dịch vụ sau (có thể áp dụng phí): Cho thuê xe đạp'}"
https://www.booking.com/hotel/vn/dream-garden-homestay-cau-dat.vi.html,"{'Dream Garden Homestay Cầu Đất có giờ nhận và trả phòng như thế nào?': 'Dream Garden Homestay Cầu Đất có giờ nhận phòng từ 13:00 và giờ trả phòng trước 11:00.', 'Dream Garden Homestay Cầu Đất có nhà hàng trong khuôn viên không?': 'Dream Garden Homestay Cầu Đất có 1 nhà hàng: Dream, Garden', 'Dream Garden Homestay Cầu Đất có phục vụ dạng bữa sáng nào?': 'Khách lưu trú tại Dream Garden Homestay Cầu Đất có thể tận hưởng bữa sáng được đánh giá cao trong kỳ nghỉ của họ (điểm đánh giá của khách: 7.5)\n\nLựa chọn bữa sáng bao gồm: Thực đơn chay, Kiểu Á, Tự chọn, Bữa sáng mang đi', 'Dream Garden Homestay Cầu Đất có những loại phòng nào?': 'Lựa chọn phòng tại Dream Garden Homestay Cầu Đất bao gồm: Phòng giường đôi, Bungalow, Phòng gia đình', 'Tôi có thể làm gì ở Dream Garden Homestay Cầu Đất?': 'Dream Garden Homestay Cầu Đất có những hoạt động/dịch vụ sau (có thể áp dụng phí): Giải trí buổi tối, Cho thuê xe đạp', 'Dream Garden Homestay Cầu Đất cách trung tâm Xuân Trường bao xa?': 'Dream Garden Homestay Cầu Đất cách trung tâm Xuân Trường 1,1 km.\nTất cả khoảng cách được đo theo đường thẳng. Khoảng cách di chuyển thực sự có thể khác.', 'Chi phí nghỉ tại Dream Garden Homestay Cầu Đất là bao nhiêu?': 'Giá tại Dream Garden Homestay Cầu Đất có thể khác nhau tùy vào kỳ nghỉ của bạn (ví dụ: ngày bạn chọn, chính sách khách sạn,v.v.). Vui lòng xem giá bằng cách nhập ngày của bạn.'}"
https://www.booking.com/hotel/vn/cherry-house-da-lat.vi.html,"{'Cherry House Đà Lạt cách trung tâm Đà Lạt bao xa?': 'Cherry House Đà Lạt cách trung tâm Đà Lạt 1,4 km.\nTất cả khoảng cách được đo theo đường thẳng. Khoảng cách di chuyển thực sự có thể khác.', 'Chi phí nghỉ tại Cherry House Đà Lạt là bao nhiêu?': 'Giá tại Cherry House Đà Lạt có thể khác nhau tùy vào kỳ nghỉ của bạn (ví dụ: ngày bạn chọn, chính sách khách sạn,v.v.). Vui lòng xem giá bằng cách nhập ngày của bạn.', 'Cherry House Đà Lạt có giờ nhận và trả phòng như thế nào?': 'Cherry House Đà Lạt có giờ nhận phòng từ 14:00 và giờ trả phòng trước 12:00.', 'Cherry House Đà Lạt có những loại phòng nào?': 'Lựa chọn phòng tại Cherry House Đà Lạt bao gồm: Phòng giường đôi, Phòng 4 người', 'Tôi có thể làm gì ở Cherry House Đà Lạt?': 'Cherry House Đà Lạt có những hoạt động/dịch vụ sau (có thể áp dụng phí):'}"
https://www.booking.com/hotel/vn/cslt-ha-thanh-tung.vi.html,"{'Tôi có thể làm gì ở CSLT HÀ THANH TÙNG?': 'C, S, L, T HÀ T, H, A, N, H TÙ, N, G có những hoạt động/dịch vụ sau (có thể áp dụng phí):', 'CSLT HÀ THANH TÙNG cách trung tâm Đà Lạt bao xa?': 'C, S, L, T HÀ T, H, A, N, H TÙ, N, G cách trung tâm Đà Lạt 1,2 km.\nTất cả khoảng cách được đo theo đường thẳng. Khoảng cách di chuyển thực sự có thể khác.', 'Chi phí nghỉ tại CSLT HÀ THANH TÙNG là bao nhiêu?': 'Giá tại C, S, L, T HÀ T, H, A, N, H TÙ, N, G có thể khác nhau tùy vào kỳ nghỉ của bạn (ví dụ: ngày bạn chọn, chính sách khách sạn,v.v.). Vui lòng xem giá bằng cách nhập ngày của bạn.', 'CSLT HÀ THANH TÙNG có giờ nhận và trả phòng như thế nào?': 'C, S, L, T HÀ T, H, A, N, H TÙ, N, G có giờ nhận phòng từ 12:00 và giờ trả phòng trước 11:30.'}"
https://www.booking.com/hotel/vn/k-ho-discovery-guest-house.vi.html,"{'K HO DISCOVERY Guest House có những loại phòng nào?': 'Lựa chọn phòng tại K H, O D, I, S, C, O, V, E, R, Y Guest House bao gồm: Phòng 4 người, Phòng giường đôi', 'Chi phí nghỉ tại K HO DISCOVERY Guest House là bao nhiêu?': 'Giá tại K H, O D, I, S, C, O, V, E, R, Y Guest House có thể khác nhau tùy vào kỳ nghỉ của bạn (ví dụ: ngày bạn chọn, chính sách khách sạn,v.v.). Vui lòng xem giá bằng cách nhập ngày của bạn.', 'K HO DISCOVERY Guest House có giờ nhận và trả phòng như thế nào?': 'K H, O D, I, S, C, O, V, E, R, Y Guest House có giờ nhận phòng từ 14:00 và giờ trả phòng trước 13:00.', 'K HO DISCOVERY Guest House cách trung tâm Đà Lạt bao xa?': 'K H, O D, I, S, C, O, V, E, R, Y Guest House cách trung tâm Đà Lạt 800 m.\nTất cả khoảng cách được đo theo đường thẳng. Khoảng cách di chuyển thực sự có thể khác.', 'Tôi có thể làm gì ở K HO DISCOVERY Guest House?': 'K H, O D, I, S, C, O, V, E, R, Y Guest House có những hoạt động/dịch vụ sau (có thể áp dụng phí): Đi bộ đường dài, Tour đi bộ, Tour/lớp về văn hóa địa phương, Cho thuê xe đạp, Tour đi xe đạp, Lớp dạy nấu ăn'}"
https://www.booking.com/hotel/vn/little-valley-da-lat.vi.html,"{'Little Valley cách trung tâm Đà Lạt bao xa?': 'Little Valley cách trung tâm Đà Lạt 5 km.\nTất cả khoảng cách được đo theo đường thẳng. Khoảng cách di chuyển thực sự có thể khác.', 'Tôi có thể làm gì ở Little Valley?': 'Little Valley có những hoạt động/dịch vụ sau (có thể áp dụng phí):', 'Chi phí nghỉ tại Little Valley là bao nhiêu?': 'Giá tại Little Valley có thể khác nhau tùy vào kỳ nghỉ của bạn (ví dụ: ngày bạn chọn, chính sách khách sạn,v.v.). Vui lòng xem giá bằng cách nhập ngày của bạn.', 'Little Valley có giờ nhận và trả phòng như thế nào?': 'Little Valley có giờ nhận phòng từ 14:00 và giờ trả phòng trước 12:00.'}"
https://www.booking.com/hotel/vn/lat-da-farmstay.vi.html,"{'Little An Farmstay có giờ nhận và trả phòng như thế nào?': 'Little An Farmstay có giờ nhận phòng từ 14:00 và giờ trả phòng trước 12:00.', 'Little An Farmstay cách trung tâm Đà Lạt bao xa?': 'Little An Farmstay cách trung tâm Đà Lạt 1,2 km.\nTất cả khoảng cách được đo theo đường thẳng. Khoảng cách di chuyển thực sự có thể khác.', 'Chi phí nghỉ tại Little An Farmstay là bao nhiêu?': 'Giá tại Little An Farmstay có thể khác nhau tùy vào kỳ nghỉ của bạn (ví dụ: ngày bạn chọn, chính sách khách sạn,v.v.). Vui lòng xem giá bằng cách nhập ngày của bạn.', 'Little An Farmstay có những loại phòng nào?': 'Lựa chọn phòng tại Little An Farmstay bao gồm: Phòng giường đôi, Phòng 2 giường đơn Phòng 3 người, Phòng 4 người', 'Tôi có thể làm gì ở Little An Farmstay?': 'Little An Farmstay có những hoạt động/dịch vụ sau (có thể áp dụng phí): Massage, Mát-xa tay, Mát-xa dành cho cặp đôi, Cho thuê xe đạp, Mát-xa lưng, Mát-xa toàn thân, Mát-xa đầu, Mát-xa cổ, Mát-xa chân'}"
https://www.booking.com/hotel/vn/royal-palace-thanh-pho-da-lat.vi.html,"{'Royal Palace có phổ biến với các gia đình không?': 'Có, Royal Palace khá phổ biến đối với khách đặt kỳ nghỉ gia đình.', 'Royal Palace có giờ nhận và trả phòng như thế nào?': 'Royal Palace có giờ nhận phòng từ 14:00 và giờ trả phòng trước 12:00.', 'Royal Palace có nhà hàng trong khuôn viên không?': 'Royal Palace có 1 nhà hàng: Nhà hàng #1', 'Royal Palace có phục vụ dạng bữa sáng nào?': 'Khách lưu trú tại Royal Palace có thể tận hưởng bữa sáng được đánh giá cao trong kỳ nghỉ của họ (điểm đánh giá của khách: 8.0)\n\nLựa chọn bữa sáng bao gồm: Gọi món (à la carte)', 'Royal Palace có những loại phòng nào?': 'Lựa chọn phòng tại Royal Palace bao gồm: Phòng giường đôi, Phòng 3 người, Phòng gia đình, Suite', 'Royal Palace cách trung tâm Đà Lạt bao xa?': 'Royal Palace cách trung tâm Đà Lạt 950 m.\nTất cả khoảng cách được đo theo đường thẳng. Khoảng cách di chuyển thực sự có thể khác.', 'Chi phí nghỉ tại Royal Palace là bao nhiêu?': 'Giá tại Royal Palace có thể khác nhau tùy vào kỳ nghỉ của bạn (ví dụ: ngày bạn chọn, chính sách khách sạn,v.v.). Vui lòng xem giá bằng cách nhập ngày của bạn.', 'Tôi có thể làm gì ở Royal Palace?': 'Royal Palace có những hoạt động/dịch vụ sau (có thể áp dụng phí): Tour đi bộ, Phòng xông hơi ướt, Tour/lớp về văn hóa địa phương, Tour đi xe đạp, Cưỡi ngựa'}"
https://www.booking.com/hotel/vn/dalat-wind.vi.html,"{'Dalat Wind Hotel có nhà hàng trong khuôn viên không?': 'Dalat Wind Hotel có 1 nhà hàng: Nhà hàng', 'Chi phí nghỉ tại Dalat Wind Hotel là bao nhiêu?': 'Giá tại Dalat Wind Hotel có thể khác nhau tùy vào kỳ nghỉ của bạn (ví dụ: ngày bạn chọn, chính sách khách sạn,v.v.). Vui lòng xem giá bằng cách nhập ngày của bạn.', 'Dalat Wind Hotel có giờ nhận và trả phòng như thế nào?': 'Dalat Wind Hotel có giờ nhận phòng từ 14:00 và giờ trả phòng trước 12:00.', 'Dalat Wind Hotel cách trung tâm Đà Lạt bao xa?': 'Dalat Wind Hotel cách trung tâm Đà Lạt 750 m.\nTất cả khoảng cách được đo theo đường thẳng. Khoảng cách di chuyển thực sự có thể khác.', 'Tôi có thể làm gì ở Dalat Wind Hotel?': 'Dalat Wind Hotel có những hoạt động/dịch vụ sau (có thể áp dụng phí):', 'Dalat Wind Hotel có phổ biến với các gia đình không?': 'Có, Dalat Wind Hotel khá phổ biến đối với khách đặt kỳ nghỉ gia đình.', 'Dalat Wind Hotel có những loại phòng nào?': 'Lựa chọn phòng tại Dalat Wind Hotel bao gồm: Phòng giường đôi, Phòng 4 người'}"
https://www.booking.com/hotel/vn/cloud-river-homestay.vi.html,"{'Chi phí nghỉ tại Cloud River Homestay là bao nhiêu?': 'Giá tại Cloud River Homestay có thể khác nhau tùy vào kỳ nghỉ của bạn (ví dụ: ngày bạn chọn, chính sách khách sạn,v.v.). Vui lòng xem giá bằng cách nhập ngày của bạn.', 'Tôi có thể làm gì ở Cloud River Homestay?': 'Cloud River Homestay có những hoạt động/dịch vụ sau (có thể áp dụng phí):', 'Cloud River Homestay cách trung tâm Đà Lạt bao xa?': 'Cloud River Homestay cách trung tâm Đà Lạt 1,6 km.\nTất cả khoảng cách được đo theo đường thẳng. Khoảng cách di chuyển thực sự có thể khác.', 'Cloud River Homestay có giờ nhận và trả phòng như thế nào?': 'Cloud River Homestay có giờ nhận phòng từ 13:30 và giờ trả phòng trước 11:30.', 'Cloud River Homestay có những loại phòng nào?': 'Lựa chọn phòng tại Cloud River Homestay bao gồm: Phòng giường đôi, Phòng 4 người, Phòng gia đình', 'Cloud River Homestay có phổ biến với các gia đình không?': 'Có, Cloud River Homestay khá phổ biến đối với khách đặt kỳ nghỉ gia đình.'}"
https://www.booking.com/hotel/vn/doc-nha-tay-homecafe.vi.html,"{'Tôi có thể làm gì ở Dốc Nhà Tây?': 'Dốc Nhà Tây có những hoạt động/dịch vụ sau (có thể áp dụng phí):', 'Dốc Nhà Tây có giờ nhận và trả phòng như thế nào?': 'Dốc Nhà Tây có giờ nhận phòng từ 14:00 và giờ trả phòng trước 12:00.', 'Chi phí nghỉ tại Dốc Nhà Tây là bao nhiêu?': 'Giá tại Dốc Nhà Tây có thể khác nhau tùy vào kỳ nghỉ của bạn (ví dụ: ngày bạn chọn, chính sách khách sạn,v.v.). Vui lòng xem giá bằng cách nhập ngày của bạn.', 'Dốc Nhà Tây cách trung tâm Đà Lạt bao xa?': 'Dốc Nhà Tây cách trung tâm Đà Lạt 1,8 km.\nTất cả khoảng cách được đo theo đường thẳng. Khoảng cách di chuyển thực sự có thể khác.', 'Dốc Nhà Tây có phổ biến với các gia đình không?': 'Có, Dốc Nhà Tây khá phổ biến đối với khách đặt kỳ nghỉ gia đình.'}"
https://www.booking.com/hotel/vn/nam-home.vi.html,"{'Tôi có thể làm gì ở Nấm Home?': 'Nấm Home có những hoạt động/dịch vụ sau (có thể áp dụng phí):', 'Chi phí nghỉ tại Nấm Home là bao nhiêu?': 'Giá tại Nấm Home có thể khác nhau tùy vào kỳ nghỉ của bạn (ví dụ: ngày bạn chọn, chính sách khách sạn,v.v.). Vui lòng xem giá bằng cách nhập ngày của bạn.', 'Nấm Home có giờ nhận và trả phòng như thế nào?': 'Nấm Home có giờ nhận phòng từ 13:30 và giờ trả phòng trước 11:00.', 'Nấm Home có những loại phòng nào?': 'Lựa chọn phòng tại Nấm Home bao gồm: Phòng giường đôi, Studio, Phòng gia đình', 'Nấm Home cách trung tâm Đà Lạt bao xa?': 'Nấm Home cách trung tâm Đà Lạt 1,1 km.\nTất cả khoảng cách được đo theo đường thẳng. Khoảng cách di chuyển thực sự có thể khác.'}"
https://www.booking.com/hotel/vn/the-morris-da-lat.vi.html,"{'The Morris Hotel - Central Hotel Đà Lạt cách trung tâm Đà Lạt bao xa?': 'The Morris Hotel - Central Hotel Đà Lạt cách trung tâm Đà Lạt 1,4 km.\nTất cả khoảng cách được đo theo đường thẳng. Khoảng cách di chuyển thực sự có thể khác.', 'The Morris Hotel - Central Hotel Đà Lạt có phổ biến với các gia đình không?': 'Có, The Morris Hotel - Central Hotel Đà Lạt khá phổ biến đối với khách đặt kỳ nghỉ gia đình.', 'Chi phí nghỉ tại The Morris Hotel - Central Hotel Đà Lạt là bao nhiêu?': 'Giá tại The Morris Hotel - Central Hotel Đà Lạt có thể khác nhau tùy vào kỳ nghỉ của bạn (ví dụ: ngày bạn chọn, chính sách khách sạn,v.v.). Vui lòng xem giá bằng cách nhập ngày của bạn.', 'The Morris Hotel - Central Hotel Đà Lạt có những loại phòng nào?': 'Lựa chọn phòng tại The Morris Hotel - Central Hotel Đà Lạt bao gồm: Phòng giường đôi, Phòng gia đình', 'The Morris Hotel - Central Hotel Đà Lạt có giờ nhận và trả phòng như thế nào?': 'The Morris Hotel - Central Hotel Đà Lạt có giờ nhận phòng từ 13:30 và giờ trả phòng trước 12:00.', 'Tôi có thể làm gì ở The Morris Hotel - Central Hotel Đà Lạt?': 'The Morris Hotel - Central Hotel Đà Lạt có những hoạt động/dịch vụ sau (có thể áp dụng phí): Tour đi xe đạp, Tour/lớp về văn hóa địa phương'}"
https://www.booking.com/hotel/vn/sol-valley-hideaway-station.vi.html,"{'Tôi có thể làm gì ở Sol Valley - Hideaway Station?': 'Sol Valley - Hideaway Station có những hoạt động/dịch vụ sau (có thể áp dụng phí):', 'Sol Valley - Hideaway Station có những loại phòng nào?': 'Lựa chọn phòng tại Sol Valley - Hideaway Station bao gồm: Phòng giường đôi, Phòng gia đình, Bungalow', 'Sol Valley - Hideaway Station cách trung tâm Blao Srê bao xa?': 'Sol Valley - Hideaway Station cách trung tâm Blao Srê 700 m.\nTất cả khoảng cách được đo theo đường thẳng. Khoảng cách di chuyển thực sự có thể khác.', 'Sol Valley - Hideaway Station có giờ nhận và trả phòng như thế nào?': 'Sol Valley - Hideaway Station có giờ nhận phòng từ 14:00 và giờ trả phòng trước 12:00.', 'Chi phí nghỉ tại Sol Valley - Hideaway Station là bao nhiêu?': 'Giá tại Sol Valley - Hideaway Station có thể khác nhau tùy vào kỳ nghỉ của bạn (ví dụ: ngày bạn chọn, chính sách khách sạn,v.v.). Vui lòng xem giá bằng cách nhập ngày của bạn.'}"
https://www.booking.com/hotel/vn/dalat-holiday-seconds-hill.vi.html,"{'VILLA ROMANCE Lữ Gia có bao nhiêu phòng ngủ?': 'Bạn có thể chọn từ nhiều lựa chọn chỗ nghỉ tại V, I, L, L, A R, O, M, A, N, C, E Lữ Gia (tùy vào tình trạng có sẵn). Những chỗ này có: 1 phòng ngủ6 phòng ngủ\n\nĐể biết thêm thông tin, vui lòng kiểm tra chi tiết (các) lựa chọn chỗ nghỉ ở trang này.', 'VILLA ROMANCE Lữ Gia có giờ nhận và trả phòng như thế nào?': 'V, I, L, L, A R, O, M, A, N, C, E Lữ Gia có giờ nhận phòng từ 12:00 và giờ trả phòng trước 11:00.', 'Tôi có thể làm gì ở VILLA ROMANCE Lữ Gia?': 'V, I, L, L, A R, O, M, A, N, C, E Lữ Gia có những hoạt động/dịch vụ sau (có thể áp dụng phí): Cho thuê xe đạp', 'Bao nhiêu khách có thể lưu trú tại VILLA ROMANCE Lữ Gia?': 'Bạn có thể chọn từ nhiều lựa chọn chỗ nghỉ tại V, I, L, L, A R, O, M, A, N, C, E Lữ Gia (tùy vào tình trạng có sẵn). Những chỗ này có thể tiếp đón: 12 khách2 khách\n\nĐể biết thêm thông tin, vui lòng kiểm tra chi tiết (các) lựa chọn chỗ nghỉ ở trang này.', 'VILLA ROMANCE Lữ Gia có ban công không?': 'Có, nhiều lựa chọn tại chỗ nghỉ này có ban công. Bạn có thể tìm hiểu thêm về điều này và các tiện nghi khác tại V, I, L, L, A R, O, M, A, N, C, E Lữ Gia trên trang này.', 'VILLA ROMANCE Lữ Gia có phổ biến với các gia đình không?': 'Có, V, I, L, L, A R, O, M, A, N, C, E Lữ Gia khá phổ biến đối với khách đặt kỳ nghỉ gia đình.', 'VILLA ROMANCE Lữ Gia cách trung tâm Đà Lạt bao xa?': 'V, I, L, L, A R, O, M, A, N, C, E Lữ Gia cách trung tâm Đà Lạt 2,9 km.\nTất cả khoảng cách được đo theo đường thẳng. Khoảng cách di chuyển thực sự có thể khác.', 'VILLA ROMANCE Lữ Gia có sân hiên không?': 'Có, nhiều lựa chọn tại chỗ nghỉ này có sân hiên. Bạn có thể tìm hiểu thêm về điều này và các tiện nghi khác tại V, I, L, L, A R, O, M, A, N, C, E Lữ Gia trên trang này.', 'Chi phí nghỉ tại VILLA ROMANCE Lữ Gia là bao nhiêu?': 'Giá tại V, I, L, L, A R, O, M, A, N, C, E Lữ Gia có thể khác nhau tùy vào kỳ nghỉ của bạn (ví dụ: ngày bạn chọn, chính sách khách sạn,v.v.). Vui lòng xem giá bằng cách nhập ngày của bạn.'}"
https://www.booking.com/hotel/vn/pansy.vi.html,"{'Hotel Pansy có những loại phòng nào?': 'Lựa chọn phòng tại Hotel Pansy bao gồm: Phòng giường đôi, Phòng 4 người, Phòng gia đình', 'Hotel Pansy cách trung tâm Đà Lạt bao xa?': 'Hotel Pansy cách trung tâm Đà Lạt 350 m.\nTất cả khoảng cách được đo theo đường thẳng. Khoảng cách di chuyển thực sự có thể khác.', 'Hotel Pansy có phổ biến với các gia đình không?': 'Có, Hotel Pansy khá phổ biến đối với khách đặt kỳ nghỉ gia đình.', 'Chi phí nghỉ tại Hotel Pansy là bao nhiêu?': 'Giá tại Hotel Pansy có thể khác nhau tùy vào kỳ nghỉ của bạn (ví dụ: ngày bạn chọn, chính sách khách sạn,v.v.). Vui lòng xem giá bằng cách nhập ngày của bạn.', 'Tôi có thể làm gì ở Hotel Pansy?': 'Hotel Pansy có những hoạt động/dịch vụ sau (có thể áp dụng phí): Đi bộ đường dài, Tour đi bộ, Tour đi xe đạp, Tour/lớp về văn hóa địa phương', 'Hotel Pansy có giờ nhận và trả phòng như thế nào?': 'Hotel Pansy có giờ nhận phòng từ 14:00 và giờ trả phòng trước 12:00.'}"
https://www.booking.com/hotel/vn/lhasa.vi.html,"{'LHASA có phục vụ dạng bữa sáng nào?': 'Khách lưu trú tại L, H, A, S, A có thể tận hưởng bữa sáng được đánh giá cao trong kỳ nghỉ của họ (điểm đánh giá của khách: 10.0)\n\nLựa chọn bữa sáng bao gồm: Kiểu Á, Bữa sáng mang đi', 'LHASA cách trung tâm Đà Lạt bao xa?': 'L, H, A, S, A cách trung tâm Đà Lạt 450 m.\nTất cả khoảng cách được đo theo đường thẳng. Khoảng cách di chuyển thực sự có thể khác.', 'Tôi có thể làm gì ở LHASA?': 'L, H, A, S, A có những hoạt động/dịch vụ sau (có thể áp dụng phí): Bồn tắm nóng/bể sục (Jacuzzi)Xe đạp, Sân gôn (trong vòng 3km)Cho thuê xe đạp', 'LHASA có phổ biến với các gia đình không?': 'Có, L, H, A, S, A khá phổ biến đối với khách đặt kỳ nghỉ gia đình.', 'LHASA có bể sục cho khách không?': 'Chỗ nghỉ có bể sục. Bạn có thể tìm hiểu thêm về điều này và các tiện nghi khác tại L, H, A, S, A trên trang này.', 'Chi phí nghỉ tại LHASA là bao nhiêu?': 'Giá tại L, H, A, S, A có thể khác nhau tùy vào kỳ nghỉ của bạn (ví dụ: ngày bạn chọn, chính sách khách sạn,v.v.). Vui lòng xem giá bằng cách nhập ngày của bạn.', 'LHASA có giờ nhận và trả phòng như thế nào?': 'L, H, A, S, A có giờ nhận phòng từ 14:00 và giờ trả phòng trước 12:00.', 'LHASA có những loại phòng nào?': 'Lựa chọn phòng tại L, H, A, S, A bao gồm: Suite, Phòng giường đôi, Phòng 4 người, Phòng gia đình'}"
https://www.booking.com/hotel/vn/maison-du-ciel-dalat.vi.html,"{'Tôi có thể làm gì ở MAISON DU CIEL DALAT?': 'M, A, I, S, O, N D, U C, I, E, L D, A, L, A, T có những hoạt động/dịch vụ sau (có thể áp dụng phí):', 'MAISON DU CIEL DALAT có giờ nhận và trả phòng như thế nào?': 'M, A, I, S, O, N D, U C, I, E, L D, A, L, A, T có giờ nhận phòng từ 14:00 và giờ trả phòng trước 12:00.', 'Chi phí nghỉ tại MAISON DU CIEL DALAT là bao nhiêu?': 'Giá tại M, A, I, S, O, N D, U C, I, E, L D, A, L, A, T có thể khác nhau tùy vào kỳ nghỉ của bạn (ví dụ: ngày bạn chọn, chính sách khách sạn,v.v.). Vui lòng xem giá bằng cách nhập ngày của bạn.', 'MAISON DU CIEL DALAT có những loại phòng nào?': 'Lựa chọn phòng tại M, A, I, S, O, N D, U C, I, E, L D, A, L, A, T bao gồm: Phòng giường đôi, Phòng 3 người', 'MAISON DU CIEL DALAT cách trung tâm Đà Lạt bao xa?': 'M, A, I, S, O, N D, U C, I, E, L D, A, L, A, T cách trung tâm Đà Lạt 450 m.\nTất cả khoảng cách được đo theo đường thẳng. Khoảng cách di chuyển thực sự có thể khác.'}"
https://www.booking.com/hotel/vn/vuong-tran-diamond-thanh-pho-da-lat1.vi.html,"{'Vuong Tran Diamond có những loại phòng nào?': 'Lựa chọn phòng tại Vuong Tran Diamond bao gồm: Phòng giường đôi, Phòng 4 người', 'Vuong Tran Diamond có phổ biến với các gia đình không?': 'Có, Vuong Tran Diamond khá phổ biến đối với khách đặt kỳ nghỉ gia đình.', 'Tôi có thể làm gì ở Vuong Tran Diamond?': 'Vuong Tran Diamond có những hoạt động/dịch vụ sau (có thể áp dụng phí):', 'Vuong Tran Diamond có giờ nhận và trả phòng như thế nào?': 'Vuong Tran Diamond có giờ nhận phòng từ 14:00 và giờ trả phòng trước 12:00.', 'Vuong Tran Diamond cách trung tâm Đà Lạt bao xa?': 'Vuong Tran Diamond cách trung tâm Đà Lạt 2 km.\nTất cả khoảng cách được đo theo đường thẳng. Khoảng cách di chuyển thực sự có thể khác.', 'Chi phí nghỉ tại Vuong Tran Diamond là bao nhiêu?': 'Giá tại Vuong Tran Diamond có thể khác nhau tùy vào kỳ nghỉ của bạn (ví dụ: ngày bạn chọn, chính sách khách sạn,v.v.). Vui lòng xem giá bằng cách nhập ngày của bạn.'}"
https://www.booking.com/hotel/vn/homestay-dalat-thanh-pho-da-lat5.vi.html,"{'Thiên Trang Hotel Đà Lạt cách trung tâm Đà Lạt bao xa?': 'Thiên Trang Hotel Đà Lạt cách trung tâm Đà Lạt 2,1 km.\nTất cả khoảng cách được đo theo đường thẳng. Khoảng cách di chuyển thực sự có thể khác.', 'Chi phí nghỉ tại Thiên Trang Hotel Đà Lạt là bao nhiêu?': 'Giá tại Thiên Trang Hotel Đà Lạt có thể khác nhau tùy vào kỳ nghỉ của bạn (ví dụ: ngày bạn chọn, chính sách khách sạn,v.v.). Vui lòng xem giá bằng cách nhập ngày của bạn.', 'Thiên Trang Hotel Đà Lạt có phổ biến với các gia đình không?': 'Có, Thiên Trang Hotel Đà Lạt khá phổ biến đối với khách đặt kỳ nghỉ gia đình.', 'Tôi có thể làm gì ở Thiên Trang Hotel Đà Lạt?': 'Thiên Trang Hotel Đà Lạt có những hoạt động/dịch vụ sau (có thể áp dụng phí):', 'Thiên Trang Hotel Đà Lạt có giờ nhận và trả phòng như thế nào?': 'Thiên Trang Hotel Đà Lạt có giờ nhận phòng từ 14:00 và giờ trả phòng trước 12:00.'}"
https://www.booking.com/hotel/vn/pins-house.vi.html,"{""Pin's House cách trung tâm Bảo Lộc bao xa?"": ""Pin's House cách trung tâm Bảo Lộc 2,5 km.\nTất cả khoảng cách được đo theo đường thẳng. Khoảng cách di chuyển thực sự có thể khác."", ""Pin's House có bao nhiêu phòng ngủ?"": ""Pin's House có số lượng phòng ngủ như sau: 3 phòng ngủ\n\nĐể biết thêm thông tin, vui lòng kiểm tra chi tiết (các) lựa chọn chỗ nghỉ ở trang này."", ""Pin's House có phổ biến với các gia đình không?"": ""Có, Pin's House khá phổ biến đối với khách đặt kỳ nghỉ gia đình."", ""Pin's House có giờ nhận và trả phòng như thế nào?"": ""Pin's House có giờ nhận phòng từ 14:00 và giờ trả phòng trước 12:00."", ""Chi phí nghỉ tại Pin's House là bao nhiêu?"": ""Giá tại Pin's House có thể khác nhau tùy vào kỳ nghỉ của bạn (ví dụ: ngày bạn chọn, chính sách khách sạn,v.v.). Vui lòng xem giá bằng cách nhập ngày của bạn."", ""Bao nhiêu khách có thể lưu trú tại Pin's House?"": ""Pin's House có thể tiếp đón nhóm có số lượng như sau: 12 khách\n\nĐể biết thêm thông tin, vui lòng kiểm tra chi tiết (các) lựa chọn chỗ nghỉ ở trang này."", ""Pin's House có sân hiên không?"": ""Có, nhiều lựa chọn tại chỗ nghỉ này có sân hiên. Bạn có thể tìm hiểu thêm về điều này và các tiện nghi khác tại Pin's House trên trang này."", ""Tôi có thể làm gì ở Pin's House?"": ""Pin's House có những hoạt động/dịch vụ sau (có thể áp dụng phí): Xe đạp, Đi bộ đường dài, Cho thuê xe đạp""}"
https://www.booking.com/hotel/vn/gia-khang-thanh-pho-da-lat1.vi.html,"{'Chi phí nghỉ tại Gia Khang là bao nhiêu?': 'Giá tại Gia Khang có thể khác nhau tùy vào kỳ nghỉ của bạn (ví dụ: ngày bạn chọn, chính sách khách sạn,v.v.). Vui lòng xem giá bằng cách nhập ngày của bạn.', 'Gia Khang cách trung tâm Đà Lạt bao xa?': 'Gia Khang cách trung tâm Đà Lạt 750 m.\nTất cả khoảng cách được đo theo đường thẳng. Khoảng cách di chuyển thực sự có thể khác.', 'Gia Khang có những loại phòng nào?': 'Lựa chọn phòng tại Gia Khang bao gồm: Phòng giường đôi, Phòng 4 người, Phòng gia đình', 'Tôi có thể làm gì ở Gia Khang?': 'Gia Khang có những hoạt động/dịch vụ sau (có thể áp dụng phí):', 'Gia Khang có phổ biến với các gia đình không?': 'Có, Gia Khang khá phổ biến đối với khách đặt kỳ nghỉ gia đình.', 'Gia Khang có giờ nhận và trả phòng như thế nào?': 'Gia Khang có giờ nhận phòng từ 13:30 và giờ trả phòng trước 12:00.'}"
https://www.booking.com/hotel/vn/cherry-da-lat-thanh-pho-da-lat1.vi.html,"{'Cherry Hotel 2 Da Lat cách trung tâm Đà Lạt bao xa?': 'Cherry Hotel 2 Da Lat cách trung tâm Đà Lạt 600 m.\nTất cả khoảng cách được đo theo đường thẳng. Khoảng cách di chuyển thực sự có thể khác.', 'Chi phí nghỉ tại Cherry Hotel 2 Da Lat là bao nhiêu?': 'Giá tại Cherry Hotel 2 Da Lat có thể khác nhau tùy vào kỳ nghỉ của bạn (ví dụ: ngày bạn chọn, chính sách khách sạn,v.v.). Vui lòng xem giá bằng cách nhập ngày của bạn.', 'Tôi có thể làm gì ở Cherry Hotel 2 Da Lat?': 'Cherry Hotel 2 Da Lat có những hoạt động/dịch vụ sau (có thể áp dụng phí): Tour/lớp về văn hóa địa phương, Cho thuê xe đạp', 'Cherry Hotel 2 Da Lat có những loại phòng nào?': 'Lựa chọn phòng tại Cherry Hotel 2 Da Lat bao gồm: Phòng giường đôi, Phòng gia đình, Căn hộ', 'Cherry Hotel 2 Da Lat có giờ nhận và trả phòng như thế nào?': 'Cherry Hotel 2 Da Lat có giờ nhận phòng từ 14:00 và giờ trả phòng trước 12:00.'}"
https://www.booking.com/hotel/vn/kamy-phuong-house-and-spa.vi.html,"{'Chi phí nghỉ tại Kamy Phương House and Spa là bao nhiêu?': 'Giá tại Kamy Phương House and Spa có thể khác nhau tùy vào kỳ nghỉ của bạn (ví dụ: ngày bạn chọn, chính sách khách sạn,v.v.). Vui lòng xem giá bằng cách nhập ngày của bạn.', 'Kamy Phương House and Spa cách trung tâm Đà Lạt bao xa?': 'Kamy Phương House and Spa cách trung tâm Đà Lạt 400 m.\nTất cả khoảng cách được đo theo đường thẳng. Khoảng cách di chuyển thực sự có thể khác.', 'Kamy Phương House and Spa có giờ nhận và trả phòng như thế nào?': 'Kamy Phương House and Spa có giờ nhận phòng từ 00:00 và giờ trả phòng trước 11:30.', 'Tôi có thể làm gì ở Kamy Phương House and Spa?': 'Kamy Phương House and Spa có những hoạt động/dịch vụ sau (có thể áp dụng phí): Tour đi bộ, Tour đi xe đạp', 'Kamy Phương House and Spa có những loại phòng nào?': 'Lựa chọn phòng tại Kamy Phương House and Spa bao gồm: Phòng 4 người, Phòng giường đôi, Phòng gia đình'}"
https://www.booking.com/hotel/vn/dalat-memories-pho-suong-mo-da-lat.vi.html,"{'Dalat Memories Homestay - Phố Sương Mờ Đà Lạt có giờ nhận và trả phòng như thế nào?': 'Dalat Memories Homestay - Phố Sương Mờ Đà Lạt có giờ nhận phòng từ 14:00 và giờ trả phòng trước 12:00.', 'Dalat Memories Homestay - Phố Sương Mờ Đà Lạt cách trung tâm Đà Lạt bao xa?': 'Dalat Memories Homestay - Phố Sương Mờ Đà Lạt cách trung tâm Đà Lạt 2,9 km.\nTất cả khoảng cách được đo theo đường thẳng. Khoảng cách di chuyển thực sự có thể khác.', 'Chi phí nghỉ tại Dalat Memories Homestay - Phố Sương Mờ Đà Lạt là bao nhiêu?': 'Giá tại Dalat Memories Homestay - Phố Sương Mờ Đà Lạt có thể khác nhau tùy vào kỳ nghỉ của bạn (ví dụ: ngày bạn chọn, chính sách khách sạn,v.v.). Vui lòng xem giá bằng cách nhập ngày của bạn.', 'Tôi có thể làm gì ở Dalat Memories Homestay - Phố Sương Mờ Đà Lạt?': 'Dalat Memories Homestay - Phố Sương Mờ Đà Lạt có những hoạt động/dịch vụ sau (có thể áp dụng phí): Phòng chơi game, Karaoke, Giải trí buổi tối, Lớp học yoga, Tour đi bộ, Cho thuê xe đạp, Phòng tắm chung, Đêm phim, Tour đi xe đạp'}"
https://www.booking.com/hotel/vn/quy-tai-premium-da-lat1.vi.html,"{'Quy Tai Premium Hotel có bể sục cho khách không?': 'Chỗ nghỉ có bể sục. Bạn có thể tìm hiểu thêm về điều này và các tiện nghi khác tại Quy Tai Premium Hotel trên trang này.', 'Quy Tai Premium Hotel có phổ biến với các gia đình không?': 'Có, Quy Tai Premium Hotel khá phổ biến đối với khách đặt kỳ nghỉ gia đình.', 'Quy Tai Premium Hotel có giờ nhận và trả phòng như thế nào?': 'Quy Tai Premium Hotel có giờ nhận phòng từ 14:00 và giờ trả phòng trước 12:00.', 'Quy Tai Premium Hotel có những loại phòng nào?': 'Lựa chọn phòng tại Quy Tai Premium Hotel bao gồm: Phòng giường đôi, Suite, Phòng gia đình', 'Quy Tai Premium Hotel có hồ bơi không?': 'Có, khách sạn này có hồ bơi. Tìm hiểu chi tiết về hồ bơi và các tiện nghi khác trong trang này.', 'Quy Tai Premium Hotel cách trung tâm Đà Lạt bao xa?': 'Quy Tai Premium Hotel cách trung tâm Đà Lạt 750 m.\nTất cả khoảng cách được đo theo đường thẳng. Khoảng cách di chuyển thực sự có thể khác.', 'Chi phí nghỉ tại Quy Tai Premium Hotel là bao nhiêu?': 'Giá tại Quy Tai Premium Hotel có thể khác nhau tùy vào kỳ nghỉ của bạn (ví dụ: ngày bạn chọn, chính sách khách sạn,v.v.). Vui lòng xem giá bằng cách nhập ngày của bạn.', 'Tôi có thể làm gì ở Quy Tai Premium Hotel?': 'Quy Tai Premium Hotel có những hoạt động/dịch vụ sau (có thể áp dụng phí): Bồn tắm nóng/bể sục (Jacuzzi)Phòng xông hơi, Karaoke, Phòng xông hơi ướt, Hồ bơi'}"
https://www.booking.com/hotel/vn/hoa-hong-miyako.vi.html,"{'Hoa Hồng Miyako có giờ nhận và trả phòng như thế nào?': 'Hoa Hồng Miyako có giờ nhận phòng từ 13:00 và giờ trả phòng trước 12:00.', 'Tôi có thể làm gì ở Hoa Hồng Miyako?': 'Hoa Hồng Miyako có những hoạt động/dịch vụ sau (có thể áp dụng phí):', 'Hoa Hồng Miyako có những loại phòng nào?': 'Lựa chọn phòng tại Hoa Hồng Miyako bao gồm: Phòng giường đôi, Phòng 4 người', 'Chi phí nghỉ tại Hoa Hồng Miyako là bao nhiêu?': 'Giá tại Hoa Hồng Miyako có thể khác nhau tùy vào kỳ nghỉ của bạn (ví dụ: ngày bạn chọn, chính sách khách sạn,v.v.). Vui lòng xem giá bằng cách nhập ngày của bạn.', 'Hoa Hồng Miyako cách trung tâm Đà Lạt bao xa?': 'Hoa Hồng Miyako cách trung tâm Đà Lạt 950 m.\nTất cả khoảng cách được đo theo đường thẳng. Khoảng cách di chuyển thực sự có thể khác.'}"
https://www.booking.com/hotel/vn/thi-thao-homestay.vi.html,"{'Tôi có thể làm gì ở Thi Thao Homestay?': 'Thi Thao Homestay có những hoạt động/dịch vụ sau (có thể áp dụng phí):', 'Chi phí nghỉ tại Thi Thao Homestay là bao nhiêu?': 'Giá tại Thi Thao Homestay có thể khác nhau tùy vào kỳ nghỉ của bạn (ví dụ: ngày bạn chọn, chính sách khách sạn,v.v.). Vui lòng xem giá bằng cách nhập ngày của bạn.', 'Thi Thao Homestay cách trung tâm Di Linh bao xa?': 'Thi Thao Homestay cách trung tâm Di Linh 3,7 km.\nTất cả khoảng cách được đo theo đường thẳng. Khoảng cách di chuyển thực sự có thể khác.', 'Thi Thao Homestay có giờ nhận và trả phòng như thế nào?': 'Thi Thao Homestay có giờ nhận phòng từ 07:00 và giờ trả phòng trước 12:00.'}"
https://www.booking.com/hotel/vn/ngoc-nguyen-homestay.vi.html,"{'Bao nhiêu khách có thể lưu trú tại Ngọc Nguyên Homestay?': 'Bạn có thể chọn từ nhiều lựa chọn chỗ nghỉ tại Ngọc Nguyên Homestay (tùy vào tình trạng có sẵn). Những chỗ này có thể tiếp đón: 15 khách5 khách\n\nĐể biết thêm thông tin, vui lòng kiểm tra chi tiết (các) lựa chọn chỗ nghỉ ở trang này.', 'Ngọc Nguyên Homestay có sân hiên không?': 'Có, nhiều lựa chọn tại chỗ nghỉ này có sân hiên. Bạn có thể tìm hiểu thêm về điều này và các tiện nghi khác tại Ngọc Nguyên Homestay trên trang này.', 'Ngọc Nguyên Homestay có giờ nhận và trả phòng như thế nào?': 'Ngọc Nguyên Homestay có giờ nhận phòng từ 10:00 và giờ trả phòng trước 14:00.', 'Ngọc Nguyên Homestay có bao nhiêu phòng ngủ?': 'Bạn có thể chọn từ nhiều lựa chọn chỗ nghỉ tại Ngọc Nguyên Homestay (tùy vào tình trạng có sẵn). Những chỗ này có: 2 phòng ngủ4 phòng ngủ\n\nĐể biết thêm thông tin, vui lòng kiểm tra chi tiết (các) lựa chọn chỗ nghỉ ở trang này.', 'Ngọc Nguyên Homestay cách trung tâm Đà Lạt bao xa?': 'Ngọc Nguyên Homestay cách trung tâm Đà Lạt 1,6 km.\nTất cả khoảng cách được đo theo đường thẳng. Khoảng cách di chuyển thực sự có thể khác.', 'Tôi có thể làm gì ở Ngọc Nguyên Homestay?': 'Ngọc Nguyên Homestay có những hoạt động/dịch vụ sau (có thể áp dụng phí): Phòng chơi game, Karaoke, Giải trí buổi tối', 'Chi phí nghỉ tại Ngọc Nguyên Homestay là bao nhiêu?': 'Giá tại Ngọc Nguyên Homestay có thể khác nhau tùy vào kỳ nghỉ của bạn (ví dụ: ngày bạn chọn, chính sách khách sạn,v.v.). Vui lòng xem giá bằng cách nhập ngày của bạn.', 'Ngọc Nguyên Homestay có ban công không?': 'Có, nhiều lựa chọn tại chỗ nghỉ này có ban công. Bạn có thể tìm hiểu thêm về điều này và các tiện nghi khác tại Ngọc Nguyên Homestay trên trang này.', 'Ngọc Nguyên Homestay có phổ biến với các gia đình không?': 'Có, Ngọc Nguyên Homestay khá phổ biến đối với khách đặt kỳ nghỉ gia đình.'}"
https://www.booking.com/hotel/vn/tommy-khe-sanh-dalat.vi.html,"{'Tôi có thể làm gì ở Tommy hotel khe sanh dalat?': 'Tommy hotel khe sanh dalat có những hoạt động/dịch vụ sau (có thể áp dụng phí):', 'Tommy hotel khe sanh dalat có giờ nhận và trả phòng như thế nào?': 'Tommy hotel khe sanh dalat có giờ nhận phòng từ 14:00 và giờ trả phòng trước 12:30.', 'Chi phí nghỉ tại Tommy hotel khe sanh dalat là bao nhiêu?': 'Giá tại Tommy hotel khe sanh dalat có thể khác nhau tùy vào kỳ nghỉ của bạn (ví dụ: ngày bạn chọn, chính sách khách sạn,v.v.). Vui lòng xem giá bằng cách nhập ngày của bạn.', 'Tommy hotel khe sanh dalat có những loại phòng nào?': 'Lựa chọn phòng tại Tommy hotel khe sanh dalat bao gồm: Phòng giường đôi, Phòng 4 người', 'Tommy hotel khe sanh dalat cách trung tâm Đà Lạt bao xa?': 'Tommy hotel khe sanh dalat cách trung tâm Đà Lạt 2,7 km.\nTất cả khoảng cách được đo theo đường thẳng. Khoảng cách di chuyển thực sự có thể khác.'}"
https://www.booking.com/hotel/vn/belle-amour.vi.html,"{'Tôi có thể làm gì ở Belle Amour Hotel?': 'Belle Amour Hotel có những hoạt động/dịch vụ sau (có thể áp dụng phí):', 'Belle Amour Hotel có giờ nhận và trả phòng như thế nào?': 'Belle Amour Hotel có giờ nhận phòng từ 14:00 và giờ trả phòng trước 12:00.', 'Chi phí nghỉ tại Belle Amour Hotel là bao nhiêu?': 'Giá tại Belle Amour Hotel có thể khác nhau tùy vào kỳ nghỉ của bạn (ví dụ: ngày bạn chọn, chính sách khách sạn,v.v.). Vui lòng xem giá bằng cách nhập ngày của bạn.', 'Belle Amour Hotel có phổ biến với các gia đình không?': 'Có, Belle Amour Hotel khá phổ biến đối với khách đặt kỳ nghỉ gia đình.', 'Belle Amour Hotel cách trung tâm Đà Lạt bao xa?': 'Belle Amour Hotel cách trung tâm Đà Lạt 600 m.\nTất cả khoảng cách được đo theo đường thẳng. Khoảng cách di chuyển thực sự có thể khác.', 'Belle Amour Hotel có những loại phòng nào?': 'Lựa chọn phòng tại Belle Amour Hotel bao gồm: Studio, Phòng giường đôi, Phòng 2 giường đơn '}"
https://www.booking.com/hotel/vn/happy-amp-apartment-thanh-pho-da-lat.vi.html,"{'Happy Dalat Hotel & Apartment có phổ biến với các gia đình không?': 'Có, Happy Dalat Hotel & Apartment khá phổ biến đối với khách đặt kỳ nghỉ gia đình.', 'Happy Dalat Hotel & Apartment có ban công không?': 'Có, nhiều lựa chọn tại chỗ nghỉ này có ban công. Bạn có thể tìm hiểu thêm về điều này và các tiện nghi khác tại Happy Dalat Hotel & Apartment trên trang này.', 'Happy Dalat Hotel & Apartment có bao nhiêu phòng ngủ?': 'Bạn có thể chọn từ nhiều lựa chọn chỗ nghỉ tại Happy Dalat Hotel & Apartment (tùy vào tình trạng có sẵn). Những chỗ này có: 1 phòng ngủ2 phòng ngủ\n\nĐể biết thêm thông tin, vui lòng kiểm tra chi tiết (các) lựa chọn chỗ nghỉ ở trang này.', 'Bao nhiêu khách có thể lưu trú tại Happy Dalat Hotel & Apartment?': 'Bạn có thể chọn từ nhiều lựa chọn chỗ nghỉ tại Happy Dalat Hotel & Apartment (tùy vào tình trạng có sẵn). Những chỗ này có thể tiếp đón: 2 khách4 khách\n\nĐể biết thêm thông tin, vui lòng kiểm tra chi tiết (các) lựa chọn chỗ nghỉ ở trang này.', 'Happy Dalat Hotel & Apartment cách trung tâm Đà Lạt bao xa?': 'Happy Dalat Hotel & Apartment cách trung tâm Đà Lạt 1,5 km.\nTất cả khoảng cách được đo theo đường thẳng. Khoảng cách di chuyển thực sự có thể khác.', 'Happy Dalat Hotel & Apartment có giờ nhận và trả phòng như thế nào?': 'Happy Dalat Hotel & Apartment có giờ nhận phòng từ 14:00 và giờ trả phòng trước 12:00.', 'Tôi có thể làm gì ở Happy Dalat Hotel & Apartment?': 'Happy Dalat Hotel & Apartment có những hoạt động/dịch vụ sau (có thể áp dụng phí): Gói spa/chăm sóc sức khỏe', 'Happy Dalat Hotel & Apartment có sân hiên không?': 'Có, nhiều lựa chọn tại chỗ nghỉ này có sân hiên. Bạn có thể tìm hiểu thêm về điều này và các tiện nghi khác tại Happy Dalat Hotel & Apartment trên trang này.', 'Chi phí nghỉ tại Happy Dalat Hotel & Apartment là bao nhiêu?': 'Giá tại Happy Dalat Hotel & Apartment có thể khác nhau tùy vào kỳ nghỉ của bạn (ví dụ: ngày bạn chọn, chính sách khách sạn,v.v.). Vui lòng xem giá bằng cách nhập ngày của bạn.'}"
https://www.booking.com/hotel/vn/qa-the-top-of-view.vi.html,"{'QA Hotel Dalat - City Centre có những loại phòng nào?': 'Lựa chọn phòng tại Q, A Hotel Dalat - City Centre bao gồm: Căn hộPhòng giường đôi, Phòng gia đình, Phòng 2 giường đơn Suite', 'Chi phí nghỉ tại QA Hotel Dalat - City Centre là bao nhiêu?': 'Giá tại Q, A Hotel Dalat - City Centre có thể khác nhau tùy vào kỳ nghỉ của bạn (ví dụ: ngày bạn chọn, chính sách khách sạn,v.v.). Vui lòng xem giá bằng cách nhập ngày của bạn.', 'QA Hotel Dalat - City Centre cách trung tâm Đà Lạt bao xa?': 'Q, A Hotel Dalat - City Centre cách trung tâm Đà Lạt 200 m.\nTất cả khoảng cách được đo theo đường thẳng. Khoảng cách di chuyển thực sự có thể khác.', 'Tôi có thể làm gì ở QA Hotel Dalat - City Centre?': 'Q, A Hotel Dalat - City Centre có những hoạt động/dịch vụ sau (có thể áp dụng phí): Tour đi bộ', 'QA Hotel Dalat - City Centre có giờ nhận và trả phòng như thế nào?': 'Q, A Hotel Dalat - City Centre có giờ nhận phòng từ 14:00 và giờ trả phòng trước 12:00.'}"
https://www.booking.com/hotel/vn/my-kim.vi.html,"{'Mỹ Kim Villa có giờ nhận và trả phòng như thế nào?': 'Mỹ Kim Villa có giờ nhận phòng từ 12:00 và giờ trả phòng trước 12:00.', 'Chi phí nghỉ tại Mỹ Kim Villa là bao nhiêu?': 'Giá tại Mỹ Kim Villa có thể khác nhau tùy vào kỳ nghỉ của bạn (ví dụ: ngày bạn chọn, chính sách khách sạn,v.v.). Vui lòng xem giá bằng cách nhập ngày của bạn.', 'Mỹ Kim Villa cách trung tâm Đà Lạt bao xa?': 'Mỹ Kim Villa cách trung tâm Đà Lạt 1,4 km.\nTất cả khoảng cách được đo theo đường thẳng. Khoảng cách di chuyển thực sự có thể khác.', 'Tôi có thể làm gì ở Mỹ Kim Villa?': 'Mỹ Kim Villa có những hoạt động/dịch vụ sau (có thể áp dụng phí):'}"
https://www.booking.com/hotel/vn/m-amp-g.vi.html,"{'Chi phí nghỉ tại Nhà M&G là bao nhiêu?': 'Giá tại Nhà M&G có thể khác nhau tùy vào kỳ nghỉ của bạn (ví dụ: ngày bạn chọn, chính sách khách sạn,v.v.). Vui lòng xem giá bằng cách nhập ngày của bạn.', 'Nhà M&G có giờ nhận và trả phòng như thế nào?': 'Nhà M&G có giờ nhận phòng từ 00:00 và giờ trả phòng trước 16:00.', 'Tôi có thể làm gì ở Nhà M&G?': 'Nhà M&G có những hoạt động/dịch vụ sau (có thể áp dụng phí):', 'Nhà M&G cách trung tâm Đà Lạt bao xa?': 'Nhà M&G cách trung tâm Đà Lạt 3,7 km.\nTất cả khoảng cách được đo theo đường thẳng. Khoảng cách di chuyển thực sự có thể khác.'}"
https://www.booking.com/hotel/vn/biet-thu-khoi-nghia-bac-son-tp-da-lat-gan-cho-va-ho-xuan-huong.vi.html,"{'Biệt Thự Khởi Nghĩa Bắc Sơn TP Đà Lạt - Gần Chợ và Hồ Xuân Hương có bao nhiêu phòng ngủ?': 'Bạn có thể chọn từ nhiều lựa chọn chỗ nghỉ tại Biệt Thự Khởi Nghĩa Bắc Sơn T, P Đà Lạt - Gần Chợ và Hồ Xuân Hương (tùy vào tình trạng có sẵn). Những chỗ này có: 1 phòng ngủ4 phòng ngủ5 phòng ngủ6 phòng ngủ\n\nĐể biết thêm thông tin, vui lòng kiểm tra chi tiết (các) lựa chọn chỗ nghỉ ở trang này.', 'Biệt Thự Khởi Nghĩa Bắc Sơn TP Đà Lạt - Gần Chợ và Hồ Xuân Hương cách trung tâm Ấp Xuân An bao xa?': 'Biệt Thự Khởi Nghĩa Bắc Sơn T, P Đà Lạt - Gần Chợ và Hồ Xuân Hương cách trung tâm Ấp Xuân An 350 m.\nTất cả khoảng cách được đo theo đường thẳng. Khoảng cách di chuyển thực sự có thể khác.', 'Bao nhiêu khách có thể lưu trú tại Biệt Thự Khởi Nghĩa Bắc Sơn TP Đà Lạt - Gần Chợ và Hồ Xuân Hương?': 'Bạn có thể chọn từ nhiều lựa chọn chỗ nghỉ tại Biệt Thự Khởi Nghĩa Bắc Sơn T, P Đà Lạt - Gần Chợ và Hồ Xuân Hương (tùy vào tình trạng có sẵn). Những chỗ này có thể tiếp đón: 10 khách12 khách2 khách8 khách9 khách\n\nĐể biết thêm thông tin, vui lòng kiểm tra chi tiết (các) lựa chọn chỗ nghỉ ở trang này.', 'Biệt Thự Khởi Nghĩa Bắc Sơn TP Đà Lạt - Gần Chợ và Hồ Xuân Hương có ban công không?': 'Có, nhiều lựa chọn tại chỗ nghỉ này có ban công. Bạn có thể tìm hiểu thêm về điều này và các tiện nghi khác tại Biệt Thự Khởi Nghĩa Bắc Sơn T, P Đà Lạt - Gần Chợ và Hồ Xuân Hương trên trang này.', 'Tôi có thể làm gì ở Biệt Thự Khởi Nghĩa Bắc Sơn TP Đà Lạt - Gần Chợ và Hồ Xuân Hương?': 'Biệt Thự Khởi Nghĩa Bắc Sơn T, P Đà Lạt - Gần Chợ và Hồ Xuân Hương có những hoạt động/dịch vụ sau (có thể áp dụng phí): Tour đi bộ', 'Biệt Thự Khởi Nghĩa Bắc Sơn TP Đà Lạt - Gần Chợ và Hồ Xuân Hương có giờ nhận và trả phòng như thế nào?': 'Biệt Thự Khởi Nghĩa Bắc Sơn T, P Đà Lạt - Gần Chợ và Hồ Xuân Hương có giờ nhận phòng từ 14:00 và giờ trả phòng trước 12:00.', 'Chi phí nghỉ tại Biệt Thự Khởi Nghĩa Bắc Sơn TP Đà Lạt - Gần Chợ và Hồ Xuân Hương là bao nhiêu?': 'Giá tại Biệt Thự Khởi Nghĩa Bắc Sơn T, P Đà Lạt - Gần Chợ và Hồ Xuân Hương có thể khác nhau tùy vào kỳ nghỉ của bạn (ví dụ: ngày bạn chọn, chính sách khách sạn,v.v.). Vui lòng xem giá bằng cách nhập ngày của bạn.'}"
https://www.booking.com/hotel/vn/truc-house-giao-nguyen-can-day-du-tien-nghi.vi.html,"{'Bao nhiêu khách có thể lưu trú tại Trúc House - Giao nguyên căn đầy đủ tiện nghi?': 'Trúc House - Giao nguyên căn đầy đủ tiện nghi có thể tiếp đón nhóm có số lượng như sau: 11 khách\n\nĐể biết thêm thông tin, vui lòng kiểm tra chi tiết (các) lựa chọn chỗ nghỉ ở trang này.', 'Trúc House - Giao nguyên căn đầy đủ tiện nghi có phổ biến với các gia đình không?': 'Có, Trúc House - Giao nguyên căn đầy đủ tiện nghi khá phổ biến đối với khách đặt kỳ nghỉ gia đình.', 'Trúc House - Giao nguyên căn đầy đủ tiện nghi có bao nhiêu phòng ngủ?': 'Trúc House - Giao nguyên căn đầy đủ tiện nghi có số lượng phòng ngủ như sau: 4 phòng ngủ\n\nĐể biết thêm thông tin, vui lòng kiểm tra chi tiết (các) lựa chọn chỗ nghỉ ở trang này.', 'Trúc House - Giao nguyên căn đầy đủ tiện nghi cách trung tâm Đà Lạt bao xa?': 'Trúc House - Giao nguyên căn đầy đủ tiện nghi cách trung tâm Đà Lạt 2,1 km.\nTất cả khoảng cách được đo theo đường thẳng. Khoảng cách di chuyển thực sự có thể khác.', 'Chi phí nghỉ tại Trúc House - Giao nguyên căn đầy đủ tiện nghi là bao nhiêu?': 'Giá tại Trúc House - Giao nguyên căn đầy đủ tiện nghi có thể khác nhau tùy vào kỳ nghỉ của bạn (ví dụ: ngày bạn chọn, chính sách khách sạn,v.v.). Vui lòng xem giá bằng cách nhập ngày của bạn.', 'Trúc House - Giao nguyên căn đầy đủ tiện nghi có giờ nhận và trả phòng như thế nào?': 'Trúc House - Giao nguyên căn đầy đủ tiện nghi có giờ nhận phòng từ 14:00 và giờ trả phòng trước 12:00.', 'Tôi có thể làm gì ở Trúc House - Giao nguyên căn đầy đủ tiện nghi?': 'Trúc House - Giao nguyên căn đầy đủ tiện nghi có những hoạt động/dịch vụ sau (có thể áp dụng phí):'}"
https://www.booking.com/hotel/vn/han-hoan.vi.html,"{'Hân Hoan Hotel cách trung tâm Đà Lạt bao xa?': 'Hân Hoan Hotel cách trung tâm Đà Lạt 650 m.\nTất cả khoảng cách được đo theo đường thẳng. Khoảng cách di chuyển thực sự có thể khác.', 'Hân Hoan Hotel có phổ biến với các gia đình không?': 'Có, Hân Hoan Hotel khá phổ biến đối với khách đặt kỳ nghỉ gia đình.', 'Tôi có thể làm gì ở Hân Hoan Hotel?': 'Hân Hoan Hotel có những hoạt động/dịch vụ sau (có thể áp dụng phí):', 'Chi phí nghỉ tại Hân Hoan Hotel là bao nhiêu?': 'Giá tại Hân Hoan Hotel có thể khác nhau tùy vào kỳ nghỉ của bạn (ví dụ: ngày bạn chọn, chính sách khách sạn,v.v.). Vui lòng xem giá bằng cách nhập ngày của bạn.', 'Hân Hoan Hotel có giờ nhận và trả phòng như thế nào?': 'Hân Hoan Hotel có giờ nhận phòng từ 14:00 và giờ trả phòng trước 12:00.', 'Hân Hoan Hotel có những loại phòng nào?': 'Lựa chọn phòng tại Hân Hoan Hotel bao gồm: Phòng giường đôi, Phòng 4 người, Phòng gia đình'}"
https://www.booking.com/hotel/vn/summer-stay-dalat.vi.html,"{'Chi phí nghỉ tại Summer Stay Dalat là bao nhiêu?': 'Giá tại Summer Stay Dalat có thể khác nhau tùy vào kỳ nghỉ của bạn (ví dụ: ngày bạn chọn, chính sách khách sạn,v.v.). Vui lòng xem giá bằng cách nhập ngày của bạn.', 'Summer Stay Dalat cách trung tâm Ấp Xuân An bao xa?': 'Summer Stay Dalat cách trung tâm Ấp Xuân An 1,1 km.\nTất cả khoảng cách được đo theo đường thẳng. Khoảng cách di chuyển thực sự có thể khác.', 'Summer Stay Dalat có giờ nhận và trả phòng như thế nào?': 'Summer Stay Dalat có giờ nhận phòng từ 14:00 và giờ trả phòng trước 23:00.', 'Tôi có thể làm gì ở Summer Stay Dalat?': 'Summer Stay Dalat có những hoạt động/dịch vụ sau (có thể áp dụng phí):'}"
https://www.booking.com/hotel/vn/hometa-homestay-bao-loc-thanh-pho-bao-loc.vi.html,"{'HomeTa Homestay cách trung tâm Bảo Lộc bao xa?': 'Home, Ta Homestay cách trung tâm Bảo Lộc 1,8 km.\nTất cả khoảng cách được đo theo đường thẳng. Khoảng cách di chuyển thực sự có thể khác.', 'HomeTa Homestay có giờ nhận và trả phòng như thế nào?': 'Home, Ta Homestay có giờ nhận phòng từ 14:00 và giờ trả phòng trước 12:00.', 'Chi phí nghỉ tại HomeTa Homestay là bao nhiêu?': 'Giá tại Home, Ta Homestay có thể khác nhau tùy vào kỳ nghỉ của bạn (ví dụ: ngày bạn chọn, chính sách khách sạn,v.v.). Vui lòng xem giá bằng cách nhập ngày của bạn.', 'HomeTa Homestay có những loại phòng nào?': 'Lựa chọn phòng tại Home, Ta Homestay bao gồm: Biệt thự, Phòng gia đình, Bungalow', 'Tôi có thể làm gì ở HomeTa Homestay?': 'Home, Ta Homestay có những hoạt động/dịch vụ sau (có thể áp dụng phí): Câu cáCho thuê xe đạp'}"
https://www.booking.com/hotel/vn/nha-an-da-lat.vi.html,"{'Nhà An Đà Lạt có giờ nhận và trả phòng như thế nào?': 'Nhà An Đà Lạt có giờ nhận phòng từ 14:00 và giờ trả phòng trước 11:30.', 'Tôi có thể làm gì ở Nhà An Đà Lạt?': 'Nhà An Đà Lạt có những hoạt động/dịch vụ sau (có thể áp dụng phí):', 'Nhà An Đà Lạt cách trung tâm Đà Lạt bao xa?': 'Nhà An Đà Lạt cách trung tâm Đà Lạt 800 m.\nTất cả khoảng cách được đo theo đường thẳng. Khoảng cách di chuyển thực sự có thể khác.', 'Chi phí nghỉ tại Nhà An Đà Lạt là bao nhiêu?': 'Giá tại Nhà An Đà Lạt có thể khác nhau tùy vào kỳ nghỉ của bạn (ví dụ: ngày bạn chọn, chính sách khách sạn,v.v.). Vui lòng xem giá bằng cách nhập ngày của bạn.'}"
https://www.booking.com/hotel/vn/de-la-sol-villa-dalat.vi.html,"{'De La Sol Villa Dalat có phổ biến với các gia đình không?': 'Có, De La Sol Villa Dalat khá phổ biến đối với khách đặt kỳ nghỉ gia đình.', 'Tôi có thể làm gì ở De La Sol Villa Dalat?': 'De La Sol Villa Dalat có những hoạt động/dịch vụ sau (có thể áp dụng phí):', 'De La Sol Villa Dalat có giờ nhận và trả phòng như thế nào?': 'De La Sol Villa Dalat có giờ nhận phòng từ 14:00 và giờ trả phòng trước 12:00.', 'De La Sol Villa Dalat có phục vụ dạng bữa sáng nào?': 'Khách lưu trú tại De La Sol Villa Dalat có thể tận hưởng bữa sáng được đánh giá cao trong kỳ nghỉ của họ (điểm đánh giá của khách: 10.0)\n\nLựa chọn bữa sáng bao gồm: Kiểu Á, Gọi món (à la carte)', 'Chi phí nghỉ tại De La Sol Villa Dalat là bao nhiêu?': 'Giá tại De La Sol Villa Dalat có thể khác nhau tùy vào kỳ nghỉ của bạn (ví dụ: ngày bạn chọn, chính sách khách sạn,v.v.). Vui lòng xem giá bằng cách nhập ngày của bạn.', 'De La Sol Villa Dalat có những loại phòng nào?': 'Lựa chọn phòng tại De La Sol Villa Dalat bao gồm: Phòng giường đôi, Suite, Phòng 3 người', 'De La Sol Villa Dalat cách trung tâm Đà Lạt bao xa?': 'De La Sol Villa Dalat cách trung tâm Đà Lạt 4,7 km.\nTất cả khoảng cách được đo theo đường thẳng. Khoảng cách di chuyển thực sự có thể khác.'}"
https://www.booking.com/hotel/vn/cozynook-3-boutique-apartments.vi.html,"{'CozyNook Boutique Apartments - 3 thang 2 Street cách trung tâm Đà Lạt bao xa?': 'Cozy, Nook Boutique Apartments - 3 thang 2 Street cách trung tâm Đà Lạt 300 m.\nTất cả khoảng cách được đo theo đường thẳng. Khoảng cách di chuyển thực sự có thể khác.', 'Bao nhiêu khách có thể lưu trú tại CozyNook Boutique Apartments - 3 thang 2 Street?': 'Bạn có thể chọn từ nhiều lựa chọn chỗ nghỉ tại Cozy, Nook Boutique Apartments - 3 thang 2 Street (tùy vào tình trạng có sẵn). Những chỗ này có thể tiếp đón: 2 khách4 khách\n\nĐể biết thêm thông tin, vui lòng kiểm tra chi tiết (các) lựa chọn chỗ nghỉ ở trang này.', 'CozyNook Boutique Apartments - 3 thang 2 Street có ban công không?': 'Có, nhiều lựa chọn tại chỗ nghỉ này có ban công. Bạn có thể tìm hiểu thêm về điều này và các tiện nghi khác tại Cozy, Nook Boutique Apartments - 3 thang 2 Street trên trang này.', 'CozyNook Boutique Apartments - 3 thang 2 Street có giờ nhận và trả phòng như thế nào?': 'Cozy, Nook Boutique Apartments - 3 thang 2 Street có giờ nhận phòng từ 14:00 và giờ trả phòng trước 12:00.', 'Chi phí nghỉ tại CozyNook Boutique Apartments - 3 thang 2 Street là bao nhiêu?': 'Giá tại Cozy, Nook Boutique Apartments - 3 thang 2 Street có thể khác nhau tùy vào kỳ nghỉ của bạn (ví dụ: ngày bạn chọn, chính sách khách sạn,v.v.). Vui lòng xem giá bằng cách nhập ngày của bạn.', 'CozyNook Boutique Apartments - 3 thang 2 Street có bao nhiêu phòng ngủ?': 'Bạn có thể chọn từ nhiều lựa chọn chỗ nghỉ tại Cozy, Nook Boutique Apartments - 3 thang 2 Street (tùy vào tình trạng có sẵn). Những chỗ này có: 1 phòng ngủ2 phòng ngủ\n\nĐể biết thêm thông tin, vui lòng kiểm tra chi tiết (các) lựa chọn chỗ nghỉ ở trang này.', 'Tôi có thể làm gì ở CozyNook Boutique Apartments - 3 thang 2 Street?': 'Cozy, Nook Boutique Apartments - 3 thang 2 Street có những hoạt động/dịch vụ sau (có thể áp dụng phí): Cho thuê xe đạp', 'CozyNook Boutique Apartments - 3 thang 2 Street có phổ biến với các gia đình không?': 'Có, Cozy, Nook Boutique Apartments - 3 thang 2 Street khá phổ biến đối với khách đặt kỳ nghỉ gia đình.'}"
https://www.booking.com/hotel/vn/flora-home-dalat.vi.html,"{'FLORA HOME DALAT có những loại phòng nào?': 'Lựa chọn phòng tại F, L, O, R, A H, O, M, E D, A, L, A, T bao gồm: Phòng giường đôi, Phòng 4 người, Phòng đơn, Phòng gia đình', 'FLORA HOME DALAT có giờ nhận và trả phòng như thế nào?': 'F, L, O, R, A H, O, M, E D, A, L, A, T có giờ nhận phòng từ 14:00 và giờ trả phòng trước 11:30.', 'Tôi có thể làm gì ở FLORA HOME DALAT?': 'F, L, O, R, A H, O, M, E D, A, L, A, T có những hoạt động/dịch vụ sau (có thể áp dụng phí): Xe đạp, Phòng chơi game, Sân gôn (trong vòng 3km)Tour đi xe đạp, Lớp dạy nấu ăn, Tour đi bộ, Cho thuê xe đạp, Tour/lớp về văn hóa địa phương', 'FLORA HOME DALAT cách trung tâm Đà Lạt bao xa?': 'F, L, O, R, A H, O, M, E D, A, L, A, T cách trung tâm Đà Lạt 1,4 km.\nTất cả khoảng cách được đo theo đường thẳng. Khoảng cách di chuyển thực sự có thể khác.', 'Chi phí nghỉ tại FLORA HOME DALAT là bao nhiêu?': 'Giá tại F, L, O, R, A H, O, M, E D, A, L, A, T có thể khác nhau tùy vào kỳ nghỉ của bạn (ví dụ: ngày bạn chọn, chính sách khách sạn,v.v.). Vui lòng xem giá bằng cách nhập ngày của bạn.'}"
https://www.booking.com/hotel/vn/len-39-s-thanh-pho-da-lat1.vi.html,"{""Len's Hotel có nhà hàng trong khuôn viên không?"": ""Len's Hotel có 1 nhà hàng: Restaurant #1"", ""Len's Hotel có phục vụ dạng bữa sáng nào?"": ""Khách lưu trú tại Len's Hotel có thể tận hưởng bữa sáng được đánh giá cao trong kỳ nghỉ của họ (điểm đánh giá của khách: 9.0)\n\nLựa chọn bữa sáng bao gồm: Tự chọn"", ""Len's Hotel có những loại phòng nào?"": ""Lựa chọn phòng tại Len's Hotel bao gồm: Phòng giường đôi, Phòng 2 giường đơn Phòng gia đình, Căn hộ"", ""Len's Hotel có phổ biến với các gia đình không?"": ""Có, Len's Hotel khá phổ biến đối với khách đặt kỳ nghỉ gia đình."", ""Tôi có thể làm gì ở Len's Hotel?"": ""Len's Hotel có những hoạt động/dịch vụ sau (có thể áp dụng phí):"", ""Chi phí nghỉ tại Len's Hotel là bao nhiêu?"": ""Giá tại Len's Hotel có thể khác nhau tùy vào kỳ nghỉ của bạn (ví dụ: ngày bạn chọn, chính sách khách sạn,v.v.). Vui lòng xem giá bằng cách nhập ngày của bạn."", ""Len's Hotel cách trung tâm Đà Lạt bao xa?"": ""Len's Hotel cách trung tâm Đà Lạt 650 m.\nTất cả khoảng cách được đo theo đường thẳng. Khoảng cách di chuyển thực sự có thể khác."", ""Len's Hotel có giờ nhận và trả phòng như thế nào?"": ""Len's Hotel có giờ nhận phòng từ 14:00 và giờ trả phòng trước 12:00.""}"
https://www.booking.com/hotel/vn/the-palette-dalat-thanh-pho-da-lat.vi.html,"{'The Palette Dalat có những loại phòng nào?': 'Lựa chọn phòng tại The Palette Dalat bao gồm: Phòng giường đôi, Phòng gia đình', 'Tôi có thể làm gì ở The Palette Dalat?': 'The Palette Dalat có những hoạt động/dịch vụ sau (có thể áp dụng phí):', 'The Palette Dalat cách trung tâm Đà Lạt bao xa?': 'The Palette Dalat cách trung tâm Đà Lạt 2,2 km.\nTất cả khoảng cách được đo theo đường thẳng. Khoảng cách di chuyển thực sự có thể khác.', 'Chi phí nghỉ tại The Palette Dalat là bao nhiêu?': 'Giá tại The Palette Dalat có thể khác nhau tùy vào kỳ nghỉ của bạn (ví dụ: ngày bạn chọn, chính sách khách sạn,v.v.). Vui lòng xem giá bằng cách nhập ngày của bạn.', 'The Palette Dalat có phổ biến với các gia đình không?': 'Có, The Palette Dalat khá phổ biến đối với khách đặt kỳ nghỉ gia đình.', 'The Palette Dalat có giờ nhận và trả phòng như thế nào?': 'The Palette Dalat có giờ nhận phòng từ 14:00 và giờ trả phòng trước 12:00.'}"
https://www.booking.com/hotel/vn/bo-house-thanh-pho-da-lat1.vi.html,"{'Tôi có thể làm gì ở Bơ House hotel?': 'Bơ House hotel có những hoạt động/dịch vụ sau (có thể áp dụng phí): Cho thuê xe đạp', 'Chi phí nghỉ tại Bơ House hotel là bao nhiêu?': 'Giá tại Bơ House hotel có thể khác nhau tùy vào kỳ nghỉ của bạn (ví dụ: ngày bạn chọn, chính sách khách sạn,v.v.). Vui lòng xem giá bằng cách nhập ngày của bạn.', 'Bơ House hotel có giờ nhận và trả phòng như thế nào?': 'Bơ House hotel có giờ nhận phòng từ 12:00 và giờ trả phòng trước 10:00.', 'Bơ House hotel cách trung tâm Đà Lạt bao xa?': 'Bơ House hotel cách trung tâm Đà Lạt 250 m.\nTất cả khoảng cách được đo theo đường thẳng. Khoảng cách di chuyển thực sự có thể khác.', 'Bơ House hotel có phổ biến với các gia đình không?': 'Có, Bơ House hotel khá phổ biến đối với khách đặt kỳ nghỉ gia đình.', 'Bơ House hotel có những loại phòng nào?': 'Lựa chọn phòng tại Bơ House hotel bao gồm: Phòng giường đôi, Phòng gia đình, Phòng giường đôi/2 giường đơn'}"
https://www.booking.com/hotel/vn/khach-san-da-lat-view.vi.html,"{'Chi phí nghỉ tại Khách sạn Đà Lạt View - Villa Đà Lạt là bao nhiêu?': 'Giá tại Khách sạn Đà Lạt View - Villa Đà Lạt có thể khác nhau tùy vào kỳ nghỉ của bạn (ví dụ: ngày bạn chọn, chính sách khách sạn,v.v.). Vui lòng xem giá bằng cách nhập ngày của bạn.', 'Khách sạn Đà Lạt View - Villa Đà Lạt có phổ biến với các gia đình không?': 'Có, Khách sạn Đà Lạt View - Villa Đà Lạt khá phổ biến đối với khách đặt kỳ nghỉ gia đình.', 'Khách sạn Đà Lạt View - Villa Đà Lạt cách trung tâm Đà Lạt bao xa?': 'Khách sạn Đà Lạt View - Villa Đà Lạt cách trung tâm Đà Lạt 350 m.\nTất cả khoảng cách được đo theo đường thẳng. Khoảng cách di chuyển thực sự có thể khác.', 'Tôi có thể làm gì ở Khách sạn Đà Lạt View - Villa Đà Lạt?': 'Khách sạn Đà Lạt View - Villa Đà Lạt có những hoạt động/dịch vụ sau (có thể áp dụng phí): Đi bộ đường dài, Bida, Sân gôn (trong vòng 3km)', 'Khách sạn Đà Lạt View - Villa Đà Lạt có giờ nhận và trả phòng như thế nào?': 'Khách sạn Đà Lạt View - Villa Đà Lạt có giờ nhận phòng từ 14:00 và giờ trả phòng trước 12:00.', 'Khách sạn Đà Lạt View - Villa Đà Lạt có những loại phòng nào?': 'Lựa chọn phòng tại Khách sạn Đà Lạt View - Villa Đà Lạt bao gồm: Phòng giường đôi'}"
https://www.booking.com/hotel/vn/guest-house-thai-ha.vi.html,"{'Khách Sạn Thái Hà có những loại phòng nào?': 'Lựa chọn phòng tại Khách Sạn Thái Hà bao gồm: Phòng giường đôi, Phòng 4 người, Phòng đơn, Phòng gia đình', 'Tôi có thể làm gì ở Khách Sạn Thái Hà?': 'Khách Sạn Thái Hà có những hoạt động/dịch vụ sau (có thể áp dụng phí):', 'Khách Sạn Thái Hà có giờ nhận và trả phòng như thế nào?': 'Khách Sạn Thái Hà có giờ nhận phòng từ 14:00 và giờ trả phòng trước 12:00.', 'Khách Sạn Thái Hà cách trung tâm Đà Lạt bao xa?': 'Khách Sạn Thái Hà cách trung tâm Đà Lạt 850 m.\nTất cả khoảng cách được đo theo đường thẳng. Khoảng cách di chuyển thực sự có thể khác.', 'Chi phí nghỉ tại Khách Sạn Thái Hà là bao nhiêu?': 'Giá tại Khách Sạn Thái Hà có thể khác nhau tùy vào kỳ nghỉ của bạn (ví dụ: ngày bạn chọn, chính sách khách sạn,v.v.). Vui lòng xem giá bằng cách nhập ngày của bạn.'}"
https://www.booking.com/hotel/vn/khach-san-chuong.vi.html,"{'Chi phí nghỉ tại HANZ Chuong Hotel Dalat là bao nhiêu?': 'Giá tại H, A, N, Z Chuong Hotel Dalat có thể khác nhau tùy vào kỳ nghỉ của bạn (ví dụ: ngày bạn chọn, chính sách khách sạn,v.v.). Vui lòng xem giá bằng cách nhập ngày của bạn.', 'Tôi có thể làm gì ở HANZ Chuong Hotel Dalat?': 'H, A, N, Z Chuong Hotel Dalat có những hoạt động/dịch vụ sau (có thể áp dụng phí): Tour đi bộ, Lớp dạy nấu ăn', 'HANZ Chuong Hotel Dalat có phổ biến với các gia đình không?': 'Có, H, A, N, Z Chuong Hotel Dalat khá phổ biến đối với khách đặt kỳ nghỉ gia đình.', 'HANZ Chuong Hotel Dalat có giờ nhận và trả phòng như thế nào?': 'H, A, N, Z Chuong Hotel Dalat có giờ nhận phòng từ 13:00 và giờ trả phòng trước 12:00.', 'HANZ Chuong Hotel Dalat cách trung tâm Đà Lạt bao xa?': 'H, A, N, Z Chuong Hotel Dalat cách trung tâm Đà Lạt 950 m.\nTất cả khoảng cách được đo theo đường thẳng. Khoảng cách di chuyển thực sự có thể khác.', 'HANZ Chuong Hotel Dalat có những loại phòng nào?': 'Lựa chọn phòng tại H, A, N, Z Chuong Hotel Dalat bao gồm: Phòng 4 người, Phòng giường đôi'}"
https://www.booking.com/hotel/vn/raon-villa-da-lat.vi.html,"{'AN Boutique Hotel - STAY 24H cách trung tâm Đà Lạt bao xa?': 'A, N Boutique Hotel - S, T, A, Y 24H cách trung tâm Đà Lạt 700 m.\nTất cả khoảng cách được đo theo đường thẳng. Khoảng cách di chuyển thực sự có thể khác.', 'Chi phí nghỉ tại AN Boutique Hotel - STAY 24H là bao nhiêu?': 'Giá tại A, N Boutique Hotel - S, T, A, Y 24H có thể khác nhau tùy vào kỳ nghỉ của bạn (ví dụ: ngày bạn chọn, chính sách khách sạn,v.v.). Vui lòng xem giá bằng cách nhập ngày của bạn.', 'AN Boutique Hotel - STAY 24H có những loại phòng nào?': 'Lựa chọn phòng tại A, N Boutique Hotel - S, T, A, Y 24H bao gồm: Phòng giường đôi, Phòng gia đình, Phòng giường đôi/2 giường đơn', 'Tôi có thể làm gì ở AN Boutique Hotel - STAY 24H?': 'A, N Boutique Hotel - S, T, A, Y 24H có những hoạt động/dịch vụ sau (có thể áp dụng phí): Xe đạp, Đi bộ đường dài, Tour đi bộ', 'AN Boutique Hotel - STAY 24H có phục vụ dạng bữa sáng nào?': 'Khách lưu trú tại A, N Boutique Hotel - S, T, A, Y 24H có thể tận hưởng bữa sáng được đánh giá cao trong kỳ nghỉ của họ (điểm đánh giá của khách: 10.0)\n\nLựa chọn bữa sáng bao gồm: Kiểu lục địa, Kiểu Á, Gọi món (à la carte)Bữa sáng mang đi', 'AN Boutique Hotel - STAY 24H có giờ nhận và trả phòng như thế nào?': 'A, N Boutique Hotel - S, T, A, Y 24H có giờ nhận phòng từ 14:00 và giờ trả phòng trước 12:00.'}"
https://www.booking.com/hotel/vn/pine-peak-bao-loc-thanh-pho-bao-loc.vi.html,"{'Pine Peak Bao Loc có nhà hàng trong khuôn viên không?': 'Pine Peak Bao Loc có 1 nhà hàng: Pine Peak Restaurant', 'Pine Peak Bao Loc có những loại phòng nào?': 'Lựa chọn phòng tại Pine Peak Bao Loc bao gồm: Phòng giường đôi, Phòng gia đình', 'Pine Peak Bao Loc cách trung tâm Ấp Thánh Hương bao xa?': 'Pine Peak Bao Loc cách trung tâm Ấp Thánh Hương 1,6 km.\nTất cả khoảng cách được đo theo đường thẳng. Khoảng cách di chuyển thực sự có thể khác.', 'Pine Peak Bao Loc có giờ nhận và trả phòng như thế nào?': 'Pine Peak Bao Loc có giờ nhận phòng từ 14:00 và giờ trả phòng trước 12:00.', 'Chi phí nghỉ tại Pine Peak Bao Loc là bao nhiêu?': 'Giá tại Pine Peak Bao Loc có thể khác nhau tùy vào kỳ nghỉ của bạn (ví dụ: ngày bạn chọn, chính sách khách sạn,v.v.). Vui lòng xem giá bằng cách nhập ngày của bạn.', 'Tôi có thể làm gì ở Pine Peak Bao Loc?': 'Pine Peak Bao Loc có những hoạt động/dịch vụ sau (có thể áp dụng phí): Đêm phim'}"
https://www.booking.com/hotel/vn/an-nhien-thanh-pho-da-lat12.vi.html,"{'An Nhien Hotel có những loại phòng nào?': 'Lựa chọn phòng tại An Nhien Hotel bao gồm: Phòng giường đôi, Phòng 4 người, Phòng gia đình', 'An Nhien Hotel cách trung tâm Đà Lạt bao xa?': 'An Nhien Hotel cách trung tâm Đà Lạt 1,9 km.\nTất cả khoảng cách được đo theo đường thẳng. Khoảng cách di chuyển thực sự có thể khác.', 'Tôi có thể làm gì ở An Nhien Hotel?': 'An Nhien Hotel có những hoạt động/dịch vụ sau (có thể áp dụng phí):', 'An Nhien Hotel có giờ nhận và trả phòng như thế nào?': 'An Nhien Hotel có giờ nhận phòng từ 14:00 và giờ trả phòng trước 12:00.', 'An Nhien Hotel có phổ biến với các gia đình không?': 'Có, An Nhien Hotel khá phổ biến đối với khách đặt kỳ nghỉ gia đình.', 'Chi phí nghỉ tại An Nhien Hotel là bao nhiêu?': 'Giá tại An Nhien Hotel có thể khác nhau tùy vào kỳ nghỉ của bạn (ví dụ: ngày bạn chọn, chính sách khách sạn,v.v.). Vui lòng xem giá bằng cách nhập ngày của bạn.'}"
https://www.booking.com/hotel/vn/himori-homestay-amp-coffee.vi.html,"{'Tôi có thể làm gì ở Himori Homestay & Coffee?': 'Himori Homestay & Coffee có những hoạt động/dịch vụ sau (có thể áp dụng phí):', 'Himori Homestay & Coffee có giờ nhận và trả phòng như thế nào?': 'Himori Homestay & Coffee có giờ nhận phòng từ 13:00 và giờ trả phòng trước 11:00.', 'Himori Homestay & Coffee có những loại phòng nào?': 'Lựa chọn phòng tại Himori Homestay & Coffee bao gồm: Phòng 4 người, Phòng giường đôi', 'Himori Homestay & Coffee cách trung tâm Ấp Kim Thạch bao xa?': 'Himori Homestay & Coffee cách trung tâm Ấp Kim Thạch 1,3 km.\nTất cả khoảng cách được đo theo đường thẳng. Khoảng cách di chuyển thực sự có thể khác.', 'Chi phí nghỉ tại Himori Homestay & Coffee là bao nhiêu?': 'Giá tại Himori Homestay & Coffee có thể khác nhau tùy vào kỳ nghỉ của bạn (ví dụ: ngày bạn chọn, chính sách khách sạn,v.v.). Vui lòng xem giá bằng cách nhập ngày của bạn.'}"
https://www.booking.com/hotel/vn/bach-an-lac-lam-dong.vi.html,"{'BÁCH AN LẠC HOTEL cách trung tâm Đà Lạt bao xa?': 'BÁ, C, H A, N LẠC H, O, T, E, L cách trung tâm Đà Lạt 1,6 km.\nTất cả khoảng cách được đo theo đường thẳng. Khoảng cách di chuyển thực sự có thể khác.', 'BÁCH AN LẠC HOTEL có giờ nhận và trả phòng như thế nào?': 'BÁ, C, H A, N LẠC H, O, T, E, L có giờ nhận phòng từ 14:00 và giờ trả phòng trước 12:00.', 'BÁCH AN LẠC HOTEL có phổ biến với các gia đình không?': 'Có, BÁ, C, H A, N LẠC H, O, T, E, L khá phổ biến đối với khách đặt kỳ nghỉ gia đình.', 'Tôi có thể làm gì ở BÁCH AN LẠC HOTEL?': 'BÁ, C, H A, N LẠC H, O, T, E, L có những hoạt động/dịch vụ sau (có thể áp dụng phí):', 'BÁCH AN LẠC HOTEL có những loại phòng nào?': 'Lựa chọn phòng tại BÁ, C, H A, N LẠC H, O, T, E, L bao gồm: Phòng giường đôi, Phòng 4 người, Phòng gia đình', 'Chi phí nghỉ tại BÁCH AN LẠC HOTEL là bao nhiêu?': 'Giá tại BÁ, C, H A, N LẠC H, O, T, E, L có thể khác nhau tùy vào kỳ nghỉ của bạn (ví dụ: ngày bạn chọn, chính sách khách sạn,v.v.). Vui lòng xem giá bằng cách nhập ngày của bạn.'}"
https://www.booking.com/hotel/vn/tan-villa-2.vi.html,"{'Tôi có thể làm gì ở Tân Villa 2 Đà Lạt?': 'Tân Villa 2 Đà Lạt có những hoạt động/dịch vụ sau (có thể áp dụng phí):', 'Tân Villa 2 Đà Lạt có giờ nhận và trả phòng như thế nào?': 'Tân Villa 2 Đà Lạt có giờ nhận phòng từ 14:00 và giờ trả phòng trước 12:00.', 'Chi phí nghỉ tại Tân Villa 2 Đà Lạt là bao nhiêu?': 'Giá tại Tân Villa 2 Đà Lạt có thể khác nhau tùy vào kỳ nghỉ của bạn (ví dụ: ngày bạn chọn, chính sách khách sạn,v.v.). Vui lòng xem giá bằng cách nhập ngày của bạn.', 'Tân Villa 2 Đà Lạt cách trung tâm Đà Lạt bao xa?': 'Tân Villa 2 Đà Lạt cách trung tâm Đà Lạt 1,1 km.\nTất cả khoảng cách được đo theo đường thẳng. Khoảng cách di chuyển thực sự có thể khác.'}"
https://www.booking.com/hotel/vn/the-la-fleur-apartment-dalat.vi.html,"{'La Fleur Premium Central Apartment Hotel có sân hiên không?': 'Có, nhiều lựa chọn tại chỗ nghỉ này có sân hiên. Bạn có thể tìm hiểu thêm về điều này và các tiện nghi khác tại La Fleur Premium Central Apartment Hotel trên trang này.', 'La Fleur Premium Central Apartment Hotel có giờ nhận và trả phòng như thế nào?': 'La Fleur Premium Central Apartment Hotel có giờ nhận phòng từ 14:00 và giờ trả phòng trước 11:00.', 'La Fleur Premium Central Apartment Hotel có phục vụ dạng bữa sáng nào?': 'Khách lưu trú tại La Fleur Premium Central Apartment Hotel có thể tận hưởng bữa sáng được đánh giá cao trong kỳ nghỉ của họ (điểm đánh giá của khách: 8.5)\n\nLựa chọn bữa sáng bao gồm: Kiểu lục địa, Kiểu Ý, Kiểu Anh/ Ai Len, Thực đơn chay, Thực đơn chay không trứng, sữa, Kiểu Á, Kiểu Mỹ, Gọi món (à la carte)', 'Bao nhiêu khách có thể lưu trú tại La Fleur Premium Central Apartment Hotel?': 'Bạn có thể chọn từ nhiều lựa chọn chỗ nghỉ tại La Fleur Premium Central Apartment Hotel (tùy vào tình trạng có sẵn). Những chỗ này có thể tiếp đón: 10 khách4 khách6 khách\n\nĐể biết thêm thông tin, vui lòng kiểm tra chi tiết (các) lựa chọn chỗ nghỉ ở trang này.', 'La Fleur Premium Central Apartment Hotel có nhà hàng trong khuôn viên không?': 'La Fleur Premium Central Apartment Hotel có 1 nhà hàng: La Fleur Premium Coffee', 'La Fleur Premium Central Apartment Hotel có phổ biến với các gia đình không?': 'Có, La Fleur Premium Central Apartment Hotel khá phổ biến đối với khách đặt kỳ nghỉ gia đình.', 'La Fleur Premium Central Apartment Hotel có bể sục cho khách không?': 'Chỗ nghỉ có bể sục. Bạn có thể tìm hiểu thêm về điều này và các tiện nghi khác tại La Fleur Premium Central Apartment Hotel trên trang này.', 'La Fleur Premium Central Apartment Hotel cách trung tâm Đà Lạt bao xa?': 'La Fleur Premium Central Apartment Hotel cách trung tâm Đà Lạt 750 m.\nTất cả khoảng cách được đo theo đường thẳng. Khoảng cách di chuyển thực sự có thể khác.', 'Tôi có thể làm gì ở La Fleur Premium Central Apartment Hotel?': 'La Fleur Premium Central Apartment Hotel có những hoạt động/dịch vụ sau (có thể áp dụng phí): Trung tâm Spa & chăm sóc sức khoẻTrung tâm thể dục, Bồn tắm nóng/bể sục (Jacuzzi)Phòng xông hơi, Sân chơi trẻ em, Phòng chơi game, Sân gôn mini, Sân gôn (trong vòng 3km)Giải trí buổi tối, Phòng tắm nắng, Triển lãm tranh đương đại, Tour/lớp về văn hóa địa phương, Bữa tối theo chủ đề, Dịch Vụ Làm Đẹp, Phòng gửi đồ ở spa/gym, Sự kiện thể thao (truyền hình trực tiếp)Tour đi bộ, Cho thuê xe đạp, Nhảy/khám phá bar, Bingo, Giờ vàng, Chăm sóc da mặt, Đêm phim, Dịch vụ triệt lông, Tour đi xe đạp, Dịch vụ trang điểm, Chăm sóc tóc, Dịch vụ làm móng tay, Dịch vụ làm móng chân, Cắt tóc, Nhuộm tóc, Tạo kiểu tóc, Trị Liệu Cơ Thể, Tẩy tế bào chết toàn thân, Quấn toàn thân, Liệu pháp ánh sáng, Tiện Nghi Spa, Khu vực thư giãn/spa lounge, Dịch vụ ngâm chân, Gói spa/chăm sóc sức khỏe, Nhân viên Giải trí, Phòng gym', 'La Fleur Premium Central Apartment Hotel có bao nhiêu phòng ngủ?': 'Bạn có thể chọn từ nhiều lựa chọn chỗ nghỉ tại La Fleur Premium Central Apartment Hotel (tùy vào tình trạng có sẵn). Những chỗ này có: 2 phòng ngủ3 phòng ngủ4 phòng ngủ\n\nĐể biết thêm thông tin, vui lòng kiểm tra chi tiết (các) lựa chọn chỗ nghỉ ở trang này.', 'La Fleur Premium Central Apartment Hotel có ban công không?': 'Có, nhiều lựa chọn tại chỗ nghỉ này có ban công. Bạn có thể tìm hiểu thêm về điều này và các tiện nghi khác tại La Fleur Premium Central Apartment Hotel trên trang này.', 'Chi phí nghỉ tại La Fleur Premium Central Apartment Hotel là bao nhiêu?': 'Giá tại La Fleur Premium Central Apartment Hotel có thể khác nhau tùy vào kỳ nghỉ của bạn (ví dụ: ngày bạn chọn, chính sách khách sạn,v.v.). Vui lòng xem giá bằng cách nhập ngày của bạn.'}"
https://www.booking.com/hotel/vn/dona-dalat.vi.html,"{'Tôi có thể làm gì ở Dona Dalat Hotel?': 'Dona Dalat Hotel có những hoạt động/dịch vụ sau (có thể áp dụng phí):', 'Chi phí nghỉ tại Dona Dalat Hotel là bao nhiêu?': 'Giá tại Dona Dalat Hotel có thể khác nhau tùy vào kỳ nghỉ của bạn (ví dụ: ngày bạn chọn, chính sách khách sạn,v.v.). Vui lòng xem giá bằng cách nhập ngày của bạn.', 'Dona Dalat Hotel cách trung tâm Đà Lạt bao xa?': 'Dona Dalat Hotel cách trung tâm Đà Lạt 650 m.\nTất cả khoảng cách được đo theo đường thẳng. Khoảng cách di chuyển thực sự có thể khác.', 'Dona Dalat Hotel có những loại phòng nào?': 'Lựa chọn phòng tại Dona Dalat Hotel bao gồm: Phòng giường đôi, Phòng 4 người, Phòng gia đình', 'Dona Dalat Hotel có giờ nhận và trả phòng như thế nào?': 'Dona Dalat Hotel có giờ nhận phòng từ 14:00 và giờ trả phòng trước 12:00.'}"
https://www.booking.com/hotel/vn/stop-and-go-boutique.vi.html,"{'Stop and Go Boutique Hotel có giờ nhận và trả phòng như thế nào?': 'Stop and Go Boutique Hotel có giờ nhận phòng từ 14:00 và giờ trả phòng trước 12:00.', 'Tôi có thể làm gì ở Stop and Go Boutique Hotel?': 'Stop and Go Boutique Hotel có những hoạt động/dịch vụ sau (có thể áp dụng phí): Sân chơi trẻ em, Cho thuê xe đạp', 'Stop and Go Boutique Hotel có những loại phòng nào?': 'Lựa chọn phòng tại Stop and Go Boutique Hotel bao gồm: Phòng giường đôi, Phòng 2 giường đơn Căn hộ', 'Chi phí nghỉ tại Stop and Go Boutique Hotel là bao nhiêu?': 'Giá tại Stop and Go Boutique Hotel có thể khác nhau tùy vào kỳ nghỉ của bạn (ví dụ: ngày bạn chọn, chính sách khách sạn,v.v.). Vui lòng xem giá bằng cách nhập ngày của bạn.', 'Stop and Go Boutique Hotel cách trung tâm Đà Lạt bao xa?': 'Stop and Go Boutique Hotel cách trung tâm Đà Lạt 450 m.\nTất cả khoảng cách được đo theo đường thẳng. Khoảng cách di chuyển thực sự có thể khác.'}"
https://www.booking.com/hotel/vn/dreamers-home-amp-coffee-da-lat3.vi.html,"{'Dreamers: home & coffee có giờ nhận và trả phòng như thế nào?': 'Dreamers: home & coffee có giờ nhận phòng từ 14:00 và giờ trả phòng trước 12:00.', 'Dreamers: home & coffee cách trung tâm Ấp Xuân An bao xa?': 'Dreamers: home & coffee cách trung tâm Ấp Xuân An 500 m.\nTất cả khoảng cách được đo theo đường thẳng. Khoảng cách di chuyển thực sự có thể khác.', 'Chi phí nghỉ tại Dreamers: home & coffee là bao nhiêu?': 'Giá tại Dreamers: home & coffee có thể khác nhau tùy vào kỳ nghỉ của bạn (ví dụ: ngày bạn chọn, chính sách khách sạn,v.v.). Vui lòng xem giá bằng cách nhập ngày của bạn.', 'Tôi có thể làm gì ở Dreamers: home & coffee?': 'Dreamers: home & coffee có những hoạt động/dịch vụ sau (có thể áp dụng phí):'}"
https://www.booking.com/hotel/vn/mala-home-amp-coffee-thanh-pho-da-lat1.vi.html,"{'Malá home & coffee có sân hiên không?': 'Có, nhiều lựa chọn tại chỗ nghỉ này có sân hiên. Bạn có thể tìm hiểu thêm về điều này và các tiện nghi khác tại Malá home & coffee trên trang này.', 'Bao nhiêu khách có thể lưu trú tại Malá home & coffee?': 'Malá home & coffee có thể tiếp đón nhóm có số lượng như sau: 12 khách\n\nĐể biết thêm thông tin, vui lòng kiểm tra chi tiết (các) lựa chọn chỗ nghỉ ở trang này.', 'Malá home & coffee có giờ nhận và trả phòng như thế nào?': 'Malá home & coffee có giờ nhận phòng từ 14:00 và giờ trả phòng trước 12:00.', 'Chi phí nghỉ tại Malá home & coffee là bao nhiêu?': 'Giá tại Malá home & coffee có thể khác nhau tùy vào kỳ nghỉ của bạn (ví dụ: ngày bạn chọn, chính sách khách sạn,v.v.). Vui lòng xem giá bằng cách nhập ngày của bạn.', 'Malá home & coffee có phổ biến với các gia đình không?': 'Có, Malá home & coffee khá phổ biến đối với khách đặt kỳ nghỉ gia đình.', 'Malá home & coffee cách trung tâm Đà Lạt bao xa?': 'Malá home & coffee cách trung tâm Đà Lạt 2,5 km.\nTất cả khoảng cách được đo theo đường thẳng. Khoảng cách di chuyển thực sự có thể khác.', 'Tôi có thể làm gì ở Malá home & coffee?': 'Malá home & coffee có những hoạt động/dịch vụ sau (có thể áp dụng phí): Đi bộ đường dài, Sân chơi trẻ em, Karaoke, Giải trí buổi tối, Cho thuê xe đạp, Thiết bị dành cho cầu lông, Biểu diễn/nhạc sống, Nhảy/khám phá bar, Bữa tối theo chủ đề', 'Malá home & coffee có bao nhiêu phòng ngủ?': 'Malá home & coffee có số lượng phòng ngủ như sau: 5 phòng ngủ\n\nĐể biết thêm thông tin, vui lòng kiểm tra chi tiết (các) lựa chọn chỗ nghỉ ở trang này.', 'Malá home & coffee có ban công không?': 'Có, nhiều lựa chọn tại chỗ nghỉ này có ban công. Bạn có thể tìm hiểu thêm về điều này và các tiện nghi khác tại Malá home & coffee trên trang này.'}"
https://www.booking.com/hotel/vn/amikaje-farm.vi.html,"{'Tôi có thể làm gì ở Amikaje Farm?': 'Amikaje Farm có những hoạt động/dịch vụ sau (có thể áp dụng phí): Câu cáKaraoke, Giải trí buổi tối, Phòng tắm chung, Bữa tối theo chủ đề, Sự kiện thể thao (truyền hình trực tiếp)', 'Chi phí nghỉ tại Amikaje Farm là bao nhiêu?': 'Giá tại Amikaje Farm có thể khác nhau tùy vào kỳ nghỉ của bạn (ví dụ: ngày bạn chọn, chính sách khách sạn,v.v.). Vui lòng xem giá bằng cách nhập ngày của bạn.', 'Amikaje Farm có giờ nhận và trả phòng như thế nào?': 'Amikaje Farm có giờ nhận phòng từ 15:00 và giờ trả phòng trước 12:00.', 'Amikaje Farm cách trung tâm Ấp Xuân An bao xa?': 'Amikaje Farm cách trung tâm Ấp Xuân An 3,5 km.\nTất cả khoảng cách được đo theo đường thẳng. Khoảng cách di chuyển thực sự có thể khác.'}"
https://www.booking.com/hotel/vn/vanda-villa-aa-lao-t.vi.html,"{'Chi phí nghỉ tại Vanda villa là bao nhiêu?': 'Giá tại Vanda villa có thể khác nhau tùy vào kỳ nghỉ của bạn (ví dụ: ngày bạn chọn, chính sách khách sạn,v.v.). Vui lòng xem giá bằng cách nhập ngày của bạn.', 'Bao nhiêu khách có thể lưu trú tại Vanda villa?': 'Vanda villa có thể tiếp đón nhóm có số lượng như sau: 20 khách\n\nĐể biết thêm thông tin, vui lòng kiểm tra chi tiết (các) lựa chọn chỗ nghỉ ở trang này.', 'Vanda villa có phổ biến với các gia đình không?': 'Có, Vanda villa khá phổ biến đối với khách đặt kỳ nghỉ gia đình.', 'Vanda villa có sân hiên không?': 'Có, nhiều lựa chọn tại chỗ nghỉ này có sân hiên. Bạn có thể tìm hiểu thêm về điều này và các tiện nghi khác tại Vanda villa trên trang này.', 'Tôi có thể làm gì ở Vanda villa?': 'Vanda villa có những hoạt động/dịch vụ sau (có thể áp dụng phí): Sân chơi trẻ em, Karaoke, Câu lạc bộ trẻ em', 'Vanda villa cách trung tâm Đà Lạt bao xa?': 'Vanda villa cách trung tâm Đà Lạt 1,3 km.\nTất cả khoảng cách được đo theo đường thẳng. Khoảng cách di chuyển thực sự có thể khác.', 'Vanda villa có bao nhiêu phòng ngủ?': 'Vanda villa có số lượng phòng ngủ như sau: 5 phòng ngủ\n\nĐể biết thêm thông tin, vui lòng kiểm tra chi tiết (các) lựa chọn chỗ nghỉ ở trang này.', 'Vanda villa có giờ nhận và trả phòng như thế nào?': 'Vanda villa có giờ nhận phòng từ 14:00 và giờ trả phòng trước 12:00.', 'Vanda villa có ban công không?': 'Có, nhiều lựa chọn tại chỗ nghỉ này có ban công. Bạn có thể tìm hiểu thêm về điều này và các tiện nghi khác tại Vanda villa trên trang này.'}"
https://www.booking.com/hotel/vn/le-house-dalat-thanh-pho-da-lat.vi.html,"{'Le House DaLat cách trung tâm Đà Lạt bao xa?': 'Le House Da, Lat cách trung tâm Đà Lạt 700 m.\nTất cả khoảng cách được đo theo đường thẳng. Khoảng cách di chuyển thực sự có thể khác.', 'Le House DaLat có nhà hàng trong khuôn viên không?': 'Le House Da, Lat có 1 nhà hàng: Nhà hàng #2', 'Le House DaLat có những loại phòng nào?': 'Lựa chọn phòng tại Le House Da, Lat bao gồm: Phòng giường đôi, Phòng gia đình', 'Chi phí nghỉ tại Le House DaLat là bao nhiêu?': 'Giá tại Le House Da, Lat có thể khác nhau tùy vào kỳ nghỉ của bạn (ví dụ: ngày bạn chọn, chính sách khách sạn,v.v.). Vui lòng xem giá bằng cách nhập ngày của bạn.', 'Tôi có thể làm gì ở Le House DaLat?': 'Le House Da, Lat có những hoạt động/dịch vụ sau (có thể áp dụng phí): Massage, Tour/lớp về văn hóa địa phương, Sự kiện thể thao (truyền hình trực tiếp)Mát-xa chân', 'Le House DaLat có giờ nhận và trả phòng như thế nào?': 'Le House Da, Lat có giờ nhận phòng từ 14:00 và giờ trả phòng trước 12:00.', 'Le House DaLat có phục vụ dạng bữa sáng nào?': 'Khách lưu trú tại Le House Da, Lat có thể tận hưởng bữa sáng được đánh giá cao trong kỳ nghỉ của họ (điểm đánh giá của khách: 9.3)\n\nLựa chọn bữa sáng bao gồm: Kiểu lục địa, Tự chọn, Gọi món (à la carte)'}"
https://www.booking.com/hotel/vn/s-villa-thanh-pho-da-lat1.vi.html,"{'S Villa Hotel có nhà hàng trong khuôn viên không?': 'S Villa Hotel có 1 nhà hàng: Nhà hàng #1', 'Chi phí nghỉ tại S Villa Hotel là bao nhiêu?': 'Giá tại S Villa Hotel có thể khác nhau tùy vào kỳ nghỉ của bạn (ví dụ: ngày bạn chọn, chính sách khách sạn,v.v.). Vui lòng xem giá bằng cách nhập ngày của bạn.', 'S Villa Hotel cách trung tâm Ấp Ða Thành bao xa?': 'S Villa Hotel cách trung tâm Ấp Ða Thành 1 km.\nTất cả khoảng cách được đo theo đường thẳng. Khoảng cách di chuyển thực sự có thể khác.', 'S Villa Hotel có giờ nhận và trả phòng như thế nào?': 'S Villa Hotel có giờ nhận phòng từ 14:00 và giờ trả phòng trước 12:00.', 'S Villa Hotel có những loại phòng nào?': 'Lựa chọn phòng tại S Villa Hotel bao gồm: Căn hộ', 'Tôi có thể làm gì ở S Villa Hotel?': 'S Villa Hotel có những hoạt động/dịch vụ sau (có thể áp dụng phí):'}"
https://www.booking.com/hotel/vn/phu-gia-bao-loc-thanh-pho-bao-loc.vi.html,"{'Chi phí nghỉ tại Phú Gia Hotel Bảo Lộc là bao nhiêu?': 'Giá tại Phú Gia Hotel Bảo Lộc có thể khác nhau tùy vào kỳ nghỉ của bạn (ví dụ: ngày bạn chọn, chính sách khách sạn,v.v.). Vui lòng xem giá bằng cách nhập ngày của bạn.', 'Phú Gia Hotel Bảo Lộc cách trung tâm Bảo Lộc bao xa?': 'Phú Gia Hotel Bảo Lộc cách trung tâm Bảo Lộc 4 km.\nTất cả khoảng cách được đo theo đường thẳng. Khoảng cách di chuyển thực sự có thể khác.', 'Phú Gia Hotel Bảo Lộc có những loại phòng nào?': 'Lựa chọn phòng tại Phú Gia Hotel Bảo Lộc bao gồm: Phòng giường đôi, Phòng 4 người', 'Tôi có thể làm gì ở Phú Gia Hotel Bảo Lộc?': 'Phú Gia Hotel Bảo Lộc có những hoạt động/dịch vụ sau (có thể áp dụng phí):', 'Phú Gia Hotel Bảo Lộc có phổ biến với các gia đình không?': 'Có, Phú Gia Hotel Bảo Lộc khá phổ biến đối với khách đặt kỳ nghỉ gia đình.', 'Phú Gia Hotel Bảo Lộc có giờ nhận và trả phòng như thế nào?': 'Phú Gia Hotel Bảo Lộc có giờ nhận phòng từ 14:00 và giờ trả phòng trước 12:00.'}"
https://www.booking.com/hotel/vn/khach-san-trong-thiem-2.vi.html,"{'Tôi có thể làm gì ở Khách sạn Trọng Thiêm 2?': 'Khách sạn Trọng Thiêm 2 có những hoạt động/dịch vụ sau (có thể áp dụng phí):', 'Chi phí nghỉ tại Khách sạn Trọng Thiêm 2 là bao nhiêu?': 'Giá tại Khách sạn Trọng Thiêm 2 có thể khác nhau tùy vào kỳ nghỉ của bạn (ví dụ: ngày bạn chọn, chính sách khách sạn,v.v.). Vui lòng xem giá bằng cách nhập ngày của bạn.', 'Khách sạn Trọng Thiêm 2 cách trung tâm Bảo Lộc bao xa?': 'Khách sạn Trọng Thiêm 2 cách trung tâm Bảo Lộc 1,4 km.\nTất cả khoảng cách được đo theo đường thẳng. Khoảng cách di chuyển thực sự có thể khác.', 'Khách sạn Trọng Thiêm 2 có giờ nhận và trả phòng như thế nào?': 'Khách sạn Trọng Thiêm 2 có giờ nhận phòng từ 12:00 và giờ trả phòng trước 12:00.', 'Khách sạn Trọng Thiêm 2 có những loại phòng nào?': 'Lựa chọn phòng tại Khách sạn Trọng Thiêm 2 bao gồm: Phòng giường đôi, Phòng 4 người, Phòng gia đình'}"
https://www.booking.com/hotel/vn/khach-san-villa-nam-khang-2.vi.html,"{'Villa - Hotel Nam Khang 2 Dalat có bể sục cho khách không?': 'Chỗ nghỉ có bể sục. Bạn có thể tìm hiểu thêm về điều này và các tiện nghi khác tại Villa - Hotel Nam Khang 2 Dalat trên trang này.', 'Villa - Hotel Nam Khang 2 Dalat cách trung tâm Đà Lạt bao xa?': 'Villa - Hotel Nam Khang 2 Dalat cách trung tâm Đà Lạt 450 m.\nTất cả khoảng cách được đo theo đường thẳng. Khoảng cách di chuyển thực sự có thể khác.', 'Chi phí nghỉ tại Villa - Hotel Nam Khang 2 Dalat là bao nhiêu?': 'Giá tại Villa - Hotel Nam Khang 2 Dalat có thể khác nhau tùy vào kỳ nghỉ của bạn (ví dụ: ngày bạn chọn, chính sách khách sạn,v.v.). Vui lòng xem giá bằng cách nhập ngày của bạn.', 'Villa - Hotel Nam Khang 2 Dalat có giờ nhận và trả phòng như thế nào?': 'Villa - Hotel Nam Khang 2 Dalat có giờ nhận phòng từ 14:00 và giờ trả phòng trước 12:00.', 'Villa - Hotel Nam Khang 2 Dalat có những loại phòng nào?': 'Lựa chọn phòng tại Villa - Hotel Nam Khang 2 Dalat bao gồm: Phòng giường đôi, Phòng 4 người, Phòng gia đình, Phòng 3 người', 'Tôi có thể làm gì ở Villa - Hotel Nam Khang 2 Dalat?': 'Villa - Hotel Nam Khang 2 Dalat có những hoạt động/dịch vụ sau (có thể áp dụng phí): Bồn tắm nóng/bể sục (Jacuzzi)'}"
https://www.booking.com/hotel/vn/centro-da-lat.vi.html,"{'Chi phí nghỉ tại Centro Hotel Da Lat là bao nhiêu?': 'Giá tại Centro Hotel Da Lat có thể khác nhau tùy vào kỳ nghỉ của bạn (ví dụ: ngày bạn chọn, chính sách khách sạn,v.v.). Vui lòng xem giá bằng cách nhập ngày của bạn.', 'Centro Hotel Da Lat có giờ nhận và trả phòng như thế nào?': 'Centro Hotel Da Lat có giờ nhận phòng từ 14:00 và giờ trả phòng trước 12:00.', 'Centro Hotel Da Lat cách trung tâm Đà Lạt bao xa?': 'Centro Hotel Da Lat cách trung tâm Đà Lạt 250 m.\nTất cả khoảng cách được đo theo đường thẳng. Khoảng cách di chuyển thực sự có thể khác.', 'Tôi có thể làm gì ở Centro Hotel Da Lat?': 'Centro Hotel Da Lat có những hoạt động/dịch vụ sau (có thể áp dụng phí):', 'Centro Hotel Da Lat có phổ biến với các gia đình không?': 'Có, Centro Hotel Da Lat khá phổ biến đối với khách đặt kỳ nghỉ gia đình.', 'Centro Hotel Da Lat có những loại phòng nào?': 'Lựa chọn phòng tại Centro Hotel Da Lat bao gồm: Phòng giường đôi, Phòng 4 người, Căn hộPhòng 2 giường đơn '}"
https://www.booking.com/hotel/vn/hanz-premium-mai-vang-2-dalat.vi.html,"{'HANZ Premium Mai Vang 2 Hotel Dalat có phổ biến với các gia đình không?': 'Có, H, A, N, Z Premium Mai Vang 2 Hotel Dalat khá phổ biến đối với khách đặt kỳ nghỉ gia đình.', 'HANZ Premium Mai Vang 2 Hotel Dalat cách trung tâm Đà Lạt bao xa?': 'H, A, N, Z Premium Mai Vang 2 Hotel Dalat cách trung tâm Đà Lạt 650 m.\nTất cả khoảng cách được đo theo đường thẳng. Khoảng cách di chuyển thực sự có thể khác.', 'Tôi có thể làm gì ở HANZ Premium Mai Vang 2 Hotel Dalat?': 'H, A, N, Z Premium Mai Vang 2 Hotel Dalat có những hoạt động/dịch vụ sau (có thể áp dụng phí): Cho thuê xe đạp', 'HANZ Premium Mai Vang 2 Hotel Dalat có những loại phòng nào?': 'Lựa chọn phòng tại H, A, N, Z Premium Mai Vang 2 Hotel Dalat bao gồm: Phòng giường đôi/2 giường đơn, Phòng 3 người, Phòng giường đôi, Suite', 'HANZ Premium Mai Vang 2 Hotel Dalat có giờ nhận và trả phòng như thế nào?': 'H, A, N, Z Premium Mai Vang 2 Hotel Dalat có giờ nhận phòng từ 19:00 và giờ trả phòng trước 12:00.', 'Chi phí nghỉ tại HANZ Premium Mai Vang 2 Hotel Dalat là bao nhiêu?': 'Giá tại H, A, N, Z Premium Mai Vang 2 Hotel Dalat có thể khác nhau tùy vào kỳ nghỉ của bạn (ví dụ: ngày bạn chọn, chính sách khách sạn,v.v.). Vui lòng xem giá bằng cách nhập ngày của bạn.'}"
https://www.booking.com/hotel/vn/lac-duong-tien-canh-bulgalow.vi.html,"{'Tôi có thể làm gì ở LẠC DƯƠNG TIÊN CẢNH (BULGALOW)?': 'LẠC DƯƠN, G T, IÊ, N CẢN, H (B, U, L, G, A, L, O, W) có những hoạt động/dịch vụ sau (có thể áp dụng phí): Bida, Câu lạc bộ trẻ em, Giờ vàng, Ghế mát-xa, Tour đi xe đạp, Lớp dạy nấu ăn, Tour/lớp về văn hóa địa phương, Biểu diễn/nhạc sống, Tour đi bộ, Bắn cung, Bữa tối theo chủ đề', 'Chi phí nghỉ tại LẠC DƯƠNG TIÊN CẢNH (BULGALOW) là bao nhiêu?': 'Giá tại LẠC DƯƠN, G T, IÊ, N CẢN, H (B, U, L, G, A, L, O, W) có thể khác nhau tùy vào kỳ nghỉ của bạn (ví dụ: ngày bạn chọn, chính sách khách sạn,v.v.). Vui lòng xem giá bằng cách nhập ngày của bạn.', 'LẠC DƯƠNG TIÊN CẢNH (BULGALOW) có nhà hàng trong khuôn viên không?': 'LẠC DƯƠN, G T, IÊ, N CẢN, H (B, U, L, G, A, L, O, W) có 3 nhà hàng: SÂ, N VƯỜN B, B, Q, Nhà hàng Ba Miền, Nhà hàng Quỷ Núi', 'LẠC DƯƠNG TIÊN CẢNH (BULGALOW) cách trung tâm Ấp Xuân An bao xa?': 'LẠC DƯƠN, G T, IÊ, N CẢN, H (B, U, L, G, A, L, O, W) cách trung tâm Ấp Xuân An 13 km.\nTất cả khoảng cách được đo theo đường thẳng. Khoảng cách di chuyển thực sự có thể khác.', 'LẠC DƯƠNG TIÊN CẢNH (BULGALOW) có giờ nhận và trả phòng như thế nào?': 'LẠC DƯƠN, G T, IÊ, N CẢN, H (B, U, L, G, A, L, O, W) có giờ nhận phòng từ 14:00 và giờ trả phòng trước 12:00.', 'LẠC DƯƠNG TIÊN CẢNH (BULGALOW) có những loại phòng nào?': 'Lựa chọn phòng tại LẠC DƯƠN, G T, IÊ, N CẢN, H (B, U, L, G, A, L, O, W) bao gồm: Phòng 4 người, Phòng giường đôi'}"
https://www.booking.com/hotel/vn/torino-dalat.vi.html,"{'Torino Hotel Dalat có những loại phòng nào?': 'Lựa chọn phòng tại Torino Hotel Dalat bao gồm: Phòng giường đôi, Phòng 4 người, Suite, Studio, Căn hộ', 'Torino Hotel Dalat cách trung tâm Đà Lạt bao xa?': 'Torino Hotel Dalat cách trung tâm Đà Lạt 550 m.\nTất cả khoảng cách được đo theo đường thẳng. Khoảng cách di chuyển thực sự có thể khác.', 'Chi phí nghỉ tại Torino Hotel Dalat là bao nhiêu?': 'Giá tại Torino Hotel Dalat có thể khác nhau tùy vào kỳ nghỉ của bạn (ví dụ: ngày bạn chọn, chính sách khách sạn,v.v.). Vui lòng xem giá bằng cách nhập ngày của bạn.', 'Torino Hotel Dalat có giờ nhận và trả phòng như thế nào?': 'Torino Hotel Dalat có giờ nhận phòng từ 13:30 và giờ trả phòng trước 12:00.', 'Tôi có thể làm gì ở Torino Hotel Dalat?': 'Torino Hotel Dalat có những hoạt động/dịch vụ sau (có thể áp dụng phí): Xe đạp, Giải trí buổi tối, Bữa tối theo chủ đề, Tour/lớp về văn hóa địa phương, Tour đi bộ, Biểu diễn/nhạc sống, Giờ vàng, Cho thuê xe đạp, Nhảy/khám phá bar, Tour đi xe đạp', 'Torino Hotel Dalat có phục vụ dạng bữa sáng nào?': 'Khách lưu trú tại Torino Hotel Dalat có thể tận hưởng bữa sáng được đánh giá cao trong kỳ nghỉ của họ (điểm đánh giá của khách: 10.0)\n\nLựa chọn bữa sáng bao gồm: Kiểu Á, Kiểu Mỹ, Tự chọn, Gọi món (à la carte)Bữa sáng mang đi'}"
https://www.booking.com/hotel/vn/hoang-minh-chau.vi.html,"{'Chi phí nghỉ tại Hotel Hoang Minh Chau là bao nhiêu?': 'Giá tại Hotel Hoang Minh Chau có thể khác nhau tùy vào kỳ nghỉ của bạn (ví dụ: ngày bạn chọn, chính sách khách sạn,v.v.). Vui lòng xem giá bằng cách nhập ngày của bạn.', 'Hotel Hoang Minh Chau cách trung tâm Đà Lạt bao xa?': 'Hotel Hoang Minh Chau cách trung tâm Đà Lạt 150 m.\nTất cả khoảng cách được đo theo đường thẳng. Khoảng cách di chuyển thực sự có thể khác.', 'Hotel Hoang Minh Chau có giờ nhận và trả phòng như thế nào?': 'Hotel Hoang Minh Chau có giờ nhận phòng từ 14:00 và giờ trả phòng trước 12:00.', 'Tôi có thể làm gì ở Hotel Hoang Minh Chau?': 'Hotel Hoang Minh Chau có những hoạt động/dịch vụ sau (có thể áp dụng phí): Sân gôn (trong vòng 3km)', 'Hotel Hoang Minh Chau có những loại phòng nào?': 'Lựa chọn phòng tại Hotel Hoang Minh Chau bao gồm: Phòng giường đôi, Phòng 4 người, Phòng 3 người'}"
https://www.booking.com/hotel/vn/peony.vi.html,"{'Tôi có thể làm gì ở Peony Hotel?': 'Peony Hotel có những hoạt động/dịch vụ sau (có thể áp dụng phí): Sân gôn (trong vòng 3km)', 'Chi phí nghỉ tại Peony Hotel là bao nhiêu?': 'Giá tại Peony Hotel có thể khác nhau tùy vào kỳ nghỉ của bạn (ví dụ: ngày bạn chọn, chính sách khách sạn,v.v.). Vui lòng xem giá bằng cách nhập ngày của bạn.', 'Peony Hotel có giờ nhận và trả phòng như thế nào?': 'Peony Hotel có giờ nhận phòng từ 14:00 và giờ trả phòng trước 12:00.', 'Peony Hotel có những loại phòng nào?': 'Lựa chọn phòng tại Peony Hotel bao gồm: Phòng giường đôi, Phòng 4 người', 'Peony Hotel cách trung tâm Đà Lạt bao xa?': 'Peony Hotel cách trung tâm Đà Lạt 600 m.\nTất cả khoảng cách được đo theo đường thẳng. Khoảng cách di chuyển thực sự có thể khác.'}"
https://www.booking.com/hotel/vn/mien-suong-khoi-homestay-da-lat.vi.html,"{'Chi phí nghỉ tại Miền Sương Khói Homestay Đà Lạt là bao nhiêu?': 'Giá tại Miền Sương Khói Homestay Đà Lạt có thể khác nhau tùy vào kỳ nghỉ của bạn (ví dụ: ngày bạn chọn, chính sách khách sạn,v.v.). Vui lòng xem giá bằng cách nhập ngày của bạn.', 'Miền Sương Khói Homestay Đà Lạt cách trung tâm Đà Lạt bao xa?': 'Miền Sương Khói Homestay Đà Lạt cách trung tâm Đà Lạt 1,9 km.\nTất cả khoảng cách được đo theo đường thẳng. Khoảng cách di chuyển thực sự có thể khác.', 'Miền Sương Khói Homestay Đà Lạt có những loại phòng nào?': 'Lựa chọn phòng tại Miền Sương Khói Homestay Đà Lạt bao gồm: Phòng giường đôi, Phòng 4 người', 'Tôi có thể làm gì ở Miền Sương Khói Homestay Đà Lạt?': 'Miền Sương Khói Homestay Đà Lạt có những hoạt động/dịch vụ sau (có thể áp dụng phí):'}"
https://www.booking.com/hotel/vn/the-one-homestay.vi.html,"{'The One Home Đà Lạt cách trung tâm Đà Lạt bao xa?': 'The One Home Đà Lạt cách trung tâm Đà Lạt 1 km.\nTất cả khoảng cách được đo theo đường thẳng. Khoảng cách di chuyển thực sự có thể khác.', 'Chi phí nghỉ tại The One Home Đà Lạt là bao nhiêu?': 'Giá tại The One Home Đà Lạt có thể khác nhau tùy vào kỳ nghỉ của bạn (ví dụ: ngày bạn chọn, chính sách khách sạn,v.v.). Vui lòng xem giá bằng cách nhập ngày của bạn.', 'Tôi có thể làm gì ở The One Home Đà Lạt?': 'The One Home Đà Lạt có những hoạt động/dịch vụ sau (có thể áp dụng phí):', 'The One Home Đà Lạt có giờ nhận và trả phòng như thế nào?': 'The One Home Đà Lạt có giờ nhận phòng từ 12:00 và giờ trả phòng trước 12:00.'}"
https://www.booking.com/hotel/vn/la-cle-39-da-lat.vi.html,"{""La Cle' Đà Lạt có phổ biến với các gia đình không?"": ""Có, La Cle' Đà Lạt khá phổ biến đối với khách đặt kỳ nghỉ gia đình."", ""La Cle' Đà Lạt có giờ nhận và trả phòng như thế nào?"": ""La Cle' Đà Lạt có giờ nhận phòng từ 14:00 và giờ trả phòng trước 12:00."", ""La Cle' Đà Lạt cách trung tâm Đà Lạt bao xa?"": ""La Cle' Đà Lạt cách trung tâm Đà Lạt 1,5 km.\nTất cả khoảng cách được đo theo đường thẳng. Khoảng cách di chuyển thực sự có thể khác."", ""La Cle' Đà Lạt có những loại phòng nào?"": ""Lựa chọn phòng tại La Cle' Đà Lạt bao gồm: Phòng giường đôi, Phòng gia đình, Bungalow"", ""Chi phí nghỉ tại La Cle' Đà Lạt là bao nhiêu?"": ""Giá tại La Cle' Đà Lạt có thể khác nhau tùy vào kỳ nghỉ của bạn (ví dụ: ngày bạn chọn, chính sách khách sạn,v.v.). Vui lòng xem giá bằng cách nhập ngày của bạn."", ""Tôi có thể làm gì ở La Cle' Đà Lạt?"": ""La Cle' Đà Lạt có những hoạt động/dịch vụ sau (có thể áp dụng phí):""}"
https://www.booking.com/hotel/vn/sally-villa-thanh-pho-da-lat.vi.html,"{'Sally Villa Homestay có giờ nhận và trả phòng như thế nào?': 'Sally Villa Homestay có giờ nhận phòng từ 14:00 và giờ trả phòng trước 12:00.', 'Tôi có thể làm gì ở Sally Villa Homestay?': 'Sally Villa Homestay có những hoạt động/dịch vụ sau (có thể áp dụng phí):', 'Chi phí nghỉ tại Sally Villa Homestay là bao nhiêu?': 'Giá tại Sally Villa Homestay có thể khác nhau tùy vào kỳ nghỉ của bạn (ví dụ: ngày bạn chọn, chính sách khách sạn,v.v.). Vui lòng xem giá bằng cách nhập ngày của bạn.', 'Sally Villa Homestay cách trung tâm Đà Lạt bao xa?': 'Sally Villa Homestay cách trung tâm Đà Lạt 1,9 km.\nTất cả khoảng cách được đo theo đường thẳng. Khoảng cách di chuyển thực sự có thể khác.'}"
https://www.booking.com/hotel/vn/bao-duy-3.vi.html,"{'Chi phí nghỉ tại Bảo Duy 3 Hotel là bao nhiêu?': 'Giá tại Bảo Duy 3 Hotel có thể khác nhau tùy vào kỳ nghỉ của bạn (ví dụ: ngày bạn chọn, chính sách khách sạn,v.v.). Vui lòng xem giá bằng cách nhập ngày của bạn.', 'Bảo Duy 3 Hotel có những loại phòng nào?': 'Lựa chọn phòng tại Bảo Duy 3 Hotel bao gồm: Phòng giường đôi, Phòng gia đình, Căn hộ', 'Bảo Duy 3 Hotel cách trung tâm Đà Lạt bao xa?': 'Bảo Duy 3 Hotel cách trung tâm Đà Lạt 2,1 km.\nTất cả khoảng cách được đo theo đường thẳng. Khoảng cách di chuyển thực sự có thể khác.', 'Bảo Duy 3 Hotel có giờ nhận và trả phòng như thế nào?': 'Bảo Duy 3 Hotel có giờ nhận phòng từ 14:00 và giờ trả phòng trước 12:00.', 'Tôi có thể làm gì ở Bảo Duy 3 Hotel?': 'Bảo Duy 3 Hotel có những hoạt động/dịch vụ sau (có thể áp dụng phí): Tour/lớp về văn hóa địa phương, Sự kiện thể thao (truyền hình trực tiếp)'}"
https://www.booking.com/hotel/vn/sunflower-amp-resort.vi.html,"{'Chi phí nghỉ tại Sunflower Hotel & Resort là bao nhiêu?': 'Giá tại Sunflower Hotel & Resort có thể khác nhau tùy vào kỳ nghỉ của bạn (ví dụ: ngày bạn chọn, chính sách khách sạn,v.v.). Vui lòng xem giá bằng cách nhập ngày của bạn.', 'Sunflower Hotel & Resort có nhà hàng trong khuôn viên không?': 'Sunflower Hotel & Resort có 1 nhà hàng: Nhà hàng mango', 'Sunflower Hotel & Resort có những loại phòng nào?': 'Lựa chọn phòng tại Sunflower Hotel & Resort bao gồm: Phòng giường đôi, Phòng 2 giường đơn Studio', 'Sunflower Hotel & Resort có giờ nhận và trả phòng như thế nào?': 'Sunflower Hotel & Resort có giờ nhận phòng từ 14:00 và giờ trả phòng trước 12:00.', 'Sunflower Hotel & Resort cách trung tâm Bảo Lộc bao xa?': 'Sunflower Hotel & Resort cách trung tâm Bảo Lộc 1,4 km.\nTất cả khoảng cách được đo theo đường thẳng. Khoảng cách di chuyển thực sự có thể khác.', 'Sunflower Hotel & Resort có phổ biến với các gia đình không?': 'Có, Sunflower Hotel & Resort khá phổ biến đối với khách đặt kỳ nghỉ gia đình.', 'Tôi có thể làm gì ở Sunflower Hotel & Resort?': 'Sunflower Hotel & Resort có những hoạt động/dịch vụ sau (có thể áp dụng phí):'}"
https://www.booking.com/hotel/vn/sup-lo-house-broccolis-house-01.vi.html,"{""Súp Lơ House (Broccoli's House) có giờ nhận và trả phòng như thế nào?"": ""Súp Lơ House (Broccoli's House) có giờ nhận phòng từ 14:00 và giờ trả phòng trước 12:00."", ""Tôi có thể làm gì ở Súp Lơ House (Broccoli's House)?"": ""Súp Lơ House (Broccoli's House) có những hoạt động/dịch vụ sau (có thể áp dụng phí): Bồn tắm nóng/bể sục (Jacuzzi)Cho thuê xe đạp"", ""Chi phí nghỉ tại Súp Lơ House (Broccoli's House) là bao nhiêu?"": ""Giá tại Súp Lơ House (Broccoli's House) có thể khác nhau tùy vào kỳ nghỉ của bạn (ví dụ: ngày bạn chọn, chính sách khách sạn,v.v.). Vui lòng xem giá bằng cách nhập ngày của bạn."", ""Súp Lơ House (Broccoli's House) cách trung tâm Đà Lạt bao xa?"": ""Súp Lơ House (Broccoli's House) cách trung tâm Đà Lạt 2,5 km.\nTất cả khoảng cách được đo theo đường thẳng. Khoảng cách di chuyển thực sự có thể khác."", ""Súp Lơ House (Broccoli's House) có bể sục cho khách không?"": ""Chỗ nghỉ có bể sục. Bạn có thể tìm hiểu thêm về điều này và các tiện nghi khác tại Súp Lơ House (Broccoli's House) trên trang này.""}"
https://www.booking.com/hotel/vn/dua-homestay.vi.html,"{'Dứa Homestay cách trung tâm Bảo Lộc bao xa?': 'Dứa Homestay cách trung tâm Bảo Lộc 5 km.\nTất cả khoảng cách được đo theo đường thẳng. Khoảng cách di chuyển thực sự có thể khác.', 'Chi phí nghỉ tại Dứa Homestay là bao nhiêu?': 'Giá tại Dứa Homestay có thể khác nhau tùy vào kỳ nghỉ của bạn (ví dụ: ngày bạn chọn, chính sách khách sạn,v.v.). Vui lòng xem giá bằng cách nhập ngày của bạn.', 'Dứa Homestay có giờ nhận và trả phòng như thế nào?': 'Dứa Homestay có giờ nhận phòng từ 14:00 và giờ trả phòng trước 12:00.', 'Tôi có thể làm gì ở Dứa Homestay?': 'Dứa Homestay có những hoạt động/dịch vụ sau (có thể áp dụng phí):'}"
https://www.booking.com/hotel/vn/thao-nguyen-da-lat.vi.html,"{'Tôi có thể làm gì ở Thảo Nguyên?': 'Thảo Nguyên có những hoạt động/dịch vụ sau (có thể áp dụng phí):', 'Thảo Nguyên có giờ nhận và trả phòng như thế nào?': 'Thảo Nguyên có giờ nhận phòng từ 12:30 và giờ trả phòng trước 12:00.', 'Thảo Nguyên cách trung tâm Đà Lạt bao xa?': 'Thảo Nguyên cách trung tâm Đà Lạt 1 km.\nTất cả khoảng cách được đo theo đường thẳng. Khoảng cách di chuyển thực sự có thể khác.', 'Chi phí nghỉ tại Thảo Nguyên là bao nhiêu?': 'Giá tại Thảo Nguyên có thể khác nhau tùy vào kỳ nghỉ của bạn (ví dụ: ngày bạn chọn, chính sách khách sạn,v.v.). Vui lòng xem giá bằng cách nhập ngày của bạn.', 'Thảo Nguyên có những loại phòng nào?': 'Lựa chọn phòng tại Thảo Nguyên bao gồm: Phòng 4 người, Phòng giường đôi, Phòng đơn'}"
https://www.booking.com/hotel/vn/gia-nguyen-dalat.vi.html,"{'Chi phí nghỉ tại Gia Nguyễn Hotel Dalat là bao nhiêu?': 'Giá tại Gia Nguyễn Hotel Dalat có thể khác nhau tùy vào kỳ nghỉ của bạn (ví dụ: ngày bạn chọn, chính sách khách sạn,v.v.). Vui lòng xem giá bằng cách nhập ngày của bạn.', 'Gia Nguyễn Hotel Dalat có những loại phòng nào?': 'Lựa chọn phòng tại Gia Nguyễn Hotel Dalat bao gồm: Phòng giường đôi, Phòng 2 giường đơn Phòng gia đình', 'Tôi có thể làm gì ở Gia Nguyễn Hotel Dalat?': 'Gia Nguyễn Hotel Dalat có những hoạt động/dịch vụ sau (có thể áp dụng phí): Công viên nước', 'Gia Nguyễn Hotel Dalat có phổ biến với các gia đình không?': 'Có, Gia Nguyễn Hotel Dalat khá phổ biến đối với khách đặt kỳ nghỉ gia đình.', 'Gia Nguyễn Hotel Dalat cách trung tâm Đà Lạt bao xa?': 'Gia Nguyễn Hotel Dalat cách trung tâm Đà Lạt 1,6 km.\nTất cả khoảng cách được đo theo đường thẳng. Khoảng cách di chuyển thực sự có thể khác.', 'Gia Nguyễn Hotel Dalat có giờ nhận và trả phòng như thế nào?': 'Gia Nguyễn Hotel Dalat có giờ nhận phòng từ 14:00 và giờ trả phòng trước 12:00.'}"
https://www.booking.com/hotel/vn/nhu-phuong.vi.html,"{'Tôi có thể làm gì ở Thang Lap Hotel?': 'Thang Lap Hotel có những hoạt động/dịch vụ sau (có thể áp dụng phí): Sân gôn (trong vòng 3km)Cho thuê xe đạp, Tour đi bộ, Tour đi xe đạp, Bữa tối theo chủ đề', 'Chi phí nghỉ tại Thang Lap Hotel là bao nhiêu?': 'Giá tại Thang Lap Hotel có thể khác nhau tùy vào kỳ nghỉ của bạn (ví dụ: ngày bạn chọn, chính sách khách sạn,v.v.). Vui lòng xem giá bằng cách nhập ngày của bạn.', 'Thang Lap Hotel có những loại phòng nào?': 'Lựa chọn phòng tại Thang Lap Hotel bao gồm: Phòng 4 người, Phòng giường đôi, Phòng 2 giường đơn ', 'Thang Lap Hotel có giờ nhận và trả phòng như thế nào?': 'Thang Lap Hotel có giờ nhận phòng từ 13:00 và giờ trả phòng trước 12:00.', 'Thang Lap Hotel cách trung tâm Đà Lạt bao xa?': 'Thang Lap Hotel cách trung tâm Đà Lạt 500 m.\nTất cả khoảng cách được đo theo đường thẳng. Khoảng cách di chuyển thực sự có thể khác.'}"
https://www.booking.com/hotel/vn/gold-house-da-lat.vi.html,"{'Gold House có giờ nhận và trả phòng như thế nào?': 'Gold House có giờ nhận phòng từ 14:00 và giờ trả phòng trước 12:00.', 'Gold House có những loại phòng nào?': 'Lựa chọn phòng tại Gold House bao gồm: Phòng giường đôi, Phòng gia đình', 'Gold House có phổ biến với các gia đình không?': 'Có, Gold House khá phổ biến đối với khách đặt kỳ nghỉ gia đình.', 'Tôi có thể làm gì ở Gold House?': 'Gold House có những hoạt động/dịch vụ sau (có thể áp dụng phí):', 'Chi phí nghỉ tại Gold House là bao nhiêu?': 'Giá tại Gold House có thể khác nhau tùy vào kỳ nghỉ của bạn (ví dụ: ngày bạn chọn, chính sách khách sạn,v.v.). Vui lòng xem giá bằng cách nhập ngày của bạn.', 'Gold House cách trung tâm Đà Lạt bao xa?': 'Gold House cách trung tâm Đà Lạt 500 m.\nTất cả khoảng cách được đo theo đường thẳng. Khoảng cách di chuyển thực sự có thể khác.'}"
https://www.booking.com/hotel/vn/lahom-homestay-nha-go-trung-tam-thanh-pho-thanh-pho-da-lat.vi.html,"{'Lahom Đà Lạt Homestay - Nhà gỗ trung tâm thành phố có bao nhiêu phòng ngủ?': 'Lahom Đà Lạt Homestay - Nhà gỗ trung tâm thành phố có số lượng phòng ngủ như sau: 2 phòng ngủ\n\nĐể biết thêm thông tin, vui lòng kiểm tra chi tiết (các) lựa chọn chỗ nghỉ ở trang này.', 'Lahom Đà Lạt Homestay - Nhà gỗ trung tâm thành phố có ban công không?': 'Có, nhiều lựa chọn tại chỗ nghỉ này có ban công. Bạn có thể tìm hiểu thêm về điều này và các tiện nghi khác tại Lahom Đà Lạt Homestay - Nhà gỗ trung tâm thành phố trên trang này.', 'Bao nhiêu khách có thể lưu trú tại Lahom Đà Lạt Homestay - Nhà gỗ trung tâm thành phố?': 'Lahom Đà Lạt Homestay - Nhà gỗ trung tâm thành phố có thể tiếp đón nhóm có số lượng như sau: 6 khách\n\nĐể biết thêm thông tin, vui lòng kiểm tra chi tiết (các) lựa chọn chỗ nghỉ ở trang này.', 'Lahom Đà Lạt Homestay - Nhà gỗ trung tâm thành phố có phổ biến với các gia đình không?': 'Có, Lahom Đà Lạt Homestay - Nhà gỗ trung tâm thành phố khá phổ biến đối với khách đặt kỳ nghỉ gia đình.', 'Lahom Đà Lạt Homestay - Nhà gỗ trung tâm thành phố cách trung tâm Đà Lạt bao xa?': 'Lahom Đà Lạt Homestay - Nhà gỗ trung tâm thành phố cách trung tâm Đà Lạt 300 m.\nTất cả khoảng cách được đo theo đường thẳng. Khoảng cách di chuyển thực sự có thể khác.', 'Chi phí nghỉ tại Lahom Đà Lạt Homestay - Nhà gỗ trung tâm thành phố là bao nhiêu?': 'Giá tại Lahom Đà Lạt Homestay - Nhà gỗ trung tâm thành phố có thể khác nhau tùy vào kỳ nghỉ của bạn (ví dụ: ngày bạn chọn, chính sách khách sạn,v.v.). Vui lòng xem giá bằng cách nhập ngày của bạn.', 'Lahom Đà Lạt Homestay - Nhà gỗ trung tâm thành phố có sân hiên không?': 'Có, nhiều lựa chọn tại chỗ nghỉ này có sân hiên. Bạn có thể tìm hiểu thêm về điều này và các tiện nghi khác tại Lahom Đà Lạt Homestay - Nhà gỗ trung tâm thành phố trên trang này.', 'Tôi có thể làm gì ở Lahom Đà Lạt Homestay - Nhà gỗ trung tâm thành phố?': 'Lahom Đà Lạt Homestay - Nhà gỗ trung tâm thành phố có những hoạt động/dịch vụ sau (có thể áp dụng phí):', 'Lahom Đà Lạt Homestay - Nhà gỗ trung tâm thành phố có giờ nhận và trả phòng như thế nào?': 'Lahom Đà Lạt Homestay - Nhà gỗ trung tâm thành phố có giờ nhận phòng từ 14:00 và giờ trả phòng trước 12:00.'}"
https://www.booking.com/hotel/vn/faru-villa-dalat-8-bedrooms-with-bbq-outdoor.vi.html,"{'Faru Villa Dalat - 8 bedrooms with BBQ outdoor có giờ nhận và trả phòng như thế nào?': 'Faru Villa Dalat - 8 bedrooms with B, B, Q outdoor có giờ nhận phòng từ 14:00 và giờ trả phòng trước 12:00.', 'Faru Villa Dalat - 8 bedrooms with BBQ outdoor có sân hiên không?': 'Có, nhiều lựa chọn tại chỗ nghỉ này có sân hiên. Bạn có thể tìm hiểu thêm về điều này và các tiện nghi khác tại Faru Villa Dalat - 8 bedrooms with B, B, Q outdoor trên trang này.', 'Bao nhiêu khách có thể lưu trú tại Faru Villa Dalat - 8 bedrooms with BBQ outdoor?': 'Faru Villa Dalat - 8 bedrooms with B, B, Q outdoor có thể tiếp đón nhóm có số lượng như sau: 22 khách\n\nĐể biết thêm thông tin, vui lòng kiểm tra chi tiết (các) lựa chọn chỗ nghỉ ở trang này.', 'Faru Villa Dalat - 8 bedrooms with BBQ outdoor cách trung tâm Đà Lạt bao xa?': 'Faru Villa Dalat - 8 bedrooms with B, B, Q outdoor cách trung tâm Đà Lạt 1,6 km.\nTất cả khoảng cách được đo theo đường thẳng. Khoảng cách di chuyển thực sự có thể khác.', 'Faru Villa Dalat - 8 bedrooms with BBQ outdoor có ban công không?': 'Có, nhiều lựa chọn tại chỗ nghỉ này có ban công. Bạn có thể tìm hiểu thêm về điều này và các tiện nghi khác tại Faru Villa Dalat - 8 bedrooms with B, B, Q outdoor trên trang này.', 'Chi phí nghỉ tại Faru Villa Dalat - 8 bedrooms with BBQ outdoor là bao nhiêu?': 'Giá tại Faru Villa Dalat - 8 bedrooms with B, B, Q outdoor có thể khác nhau tùy vào kỳ nghỉ của bạn (ví dụ: ngày bạn chọn, chính sách khách sạn,v.v.). Vui lòng xem giá bằng cách nhập ngày của bạn.', 'Faru Villa Dalat - 8 bedrooms with BBQ outdoor có bao nhiêu phòng ngủ?': 'Faru Villa Dalat - 8 bedrooms with B, B, Q outdoor có số lượng phòng ngủ như sau: 8 phòng ngủ\n\nĐể biết thêm thông tin, vui lòng kiểm tra chi tiết (các) lựa chọn chỗ nghỉ ở trang này.', 'Tôi có thể làm gì ở Faru Villa Dalat - 8 bedrooms with BBQ outdoor?': 'Faru Villa Dalat - 8 bedrooms with B, B, Q outdoor có những hoạt động/dịch vụ sau (có thể áp dụng phí): Karaoke, Bữa tối theo chủ đề', 'Faru Villa Dalat - 8 bedrooms with BBQ outdoor có phổ biến với các gia đình không?': 'Có, Faru Villa Dalat - 8 bedrooms with B, B, Q outdoor khá phổ biến đối với khách đặt kỳ nghỉ gia đình.'}"
https://www.booking.com/hotel/vn/the-western-hill-hotel.vi.html,"{'Chi phí nghỉ tại The Western Hill Dalat Hotel là bao nhiêu?': 'Giá tại The Western Hill Dalat Hotel có thể khác nhau tùy vào kỳ nghỉ của bạn (ví dụ: ngày bạn chọn, chính sách khách sạn,v.v.). Vui lòng xem giá bằng cách nhập ngày của bạn.', 'The Western Hill Dalat Hotel có những loại phòng nào?': 'Lựa chọn phòng tại The Western Hill Dalat Hotel bao gồm: Suite, Phòng giường đôi, Phòng 4 người, Phòng 2 giường đơn ', 'Tôi có thể làm gì ở The Western Hill Dalat Hotel?': 'The Western Hill Dalat Hotel có những hoạt động/dịch vụ sau (có thể áp dụng phí): Trung tâm thể dục, Sân gôn (trong vòng 3km)', 'The Western Hill Dalat Hotel cách trung tâm Đà Lạt bao xa?': 'The Western Hill Dalat Hotel cách trung tâm Đà Lạt 450 m.\nTất cả khoảng cách được đo theo đường thẳng. Khoảng cách di chuyển thực sự có thể khác.', 'The Western Hill Dalat Hotel có nhà hàng trong khuôn viên không?': 'The Western Hill Dalat Hotel có 1 nhà hàng: Restaurant #1', 'The Western Hill Dalat Hotel có phục vụ dạng bữa sáng nào?': 'Khách lưu trú tại The Western Hill Dalat Hotel có thể tận hưởng bữa sáng được đánh giá cao trong kỳ nghỉ của họ (điểm đánh giá của khách: 8.3)\n\nLựa chọn bữa sáng bao gồm: Tự chọn', 'The Western Hill Dalat Hotel có phổ biến với các gia đình không?': 'Có, The Western Hill Dalat Hotel khá phổ biến đối với khách đặt kỳ nghỉ gia đình.', 'The Western Hill Dalat Hotel có giờ nhận và trả phòng như thế nào?': 'The Western Hill Dalat Hotel có giờ nhận phòng từ 14:00 và giờ trả phòng trước 12:00.'}"
https://www.booking.com/hotel/vn/chill-villa-da-lat.vi.html,"{'CHILL VILLA and COFFE DA LAT có giờ nhận và trả phòng như thế nào?': 'C, H, I, L, L V, I, L, L, A and C, O, F, F, E D, A L, A, T có giờ nhận phòng từ 14:00 và giờ trả phòng trước 14:00.', 'Tôi có thể làm gì ở CHILL VILLA and COFFE DA LAT?': 'C, H, I, L, L V, I, L, L, A and C, O, F, F, E D, A L, A, T có những hoạt động/dịch vụ sau (có thể áp dụng phí): Bồn tắm nóng/bể sục (Jacuzzi)', 'CHILL VILLA and COFFE DA LAT cách trung tâm Khu Chi Lăng bao xa?': 'C, H, I, L, L V, I, L, L, A and C, O, F, F, E D, A L, A, T cách trung tâm Khu Chi Lăng 1,6 km.\nTất cả khoảng cách được đo theo đường thẳng. Khoảng cách di chuyển thực sự có thể khác.', 'CHILL VILLA and COFFE DA LAT có bể sục cho khách không?': 'Chỗ nghỉ có bể sục. Bạn có thể tìm hiểu thêm về điều này và các tiện nghi khác tại C, H, I, L, L V, I, L, L, A and C, O, F, F, E D, A L, A, T trên trang này.', 'CHILL VILLA and COFFE DA LAT có những loại phòng nào?': 'Lựa chọn phòng tại C, H, I, L, L V, I, L, L, A and C, O, F, F, E D, A L, A, T bao gồm: Phòng giường đôi, Phòng 2 giường đơn ', 'Chi phí nghỉ tại CHILL VILLA and COFFE DA LAT là bao nhiêu?': 'Giá tại C, H, I, L, L V, I, L, L, A and C, O, F, F, E D, A L, A, T có thể khác nhau tùy vào kỳ nghỉ của bạn (ví dụ: ngày bạn chọn, chính sách khách sạn,v.v.). Vui lòng xem giá bằng cách nhập ngày của bạn.'}"
https://www.booking.com/hotel/vn/2bis-home-dalat.vi.html,"{'2Bi’S HOME DALAT có bao nhiêu phòng ngủ?': '2Bi’S H, O, M, E D, A, L, A, T có số lượng phòng ngủ như sau: 5 phòng ngủ\n\nĐể biết thêm thông tin, vui lòng kiểm tra chi tiết (các) lựa chọn chỗ nghỉ ở trang này.', 'Bao nhiêu khách có thể lưu trú tại 2Bi’S HOME DALAT?': '2Bi’S H, O, M, E D, A, L, A, T có thể tiếp đón nhóm có số lượng như sau: 12 khách\n\nĐể biết thêm thông tin, vui lòng kiểm tra chi tiết (các) lựa chọn chỗ nghỉ ở trang này.', 'Tôi có thể làm gì ở 2Bi’S HOME DALAT?': '2Bi’S H, O, M, E D, A, L, A, T có những hoạt động/dịch vụ sau (có thể áp dụng phí):', '2Bi’S HOME DALAT cách trung tâm Đà Lạt bao xa?': '2Bi’S H, O, M, E D, A, L, A, T cách trung tâm Đà Lạt 1,5 km.\nTất cả khoảng cách được đo theo đường thẳng. Khoảng cách di chuyển thực sự có thể khác.', '2Bi’S HOME DALAT có ban công không?': 'Có, nhiều lựa chọn tại chỗ nghỉ này có ban công. Bạn có thể tìm hiểu thêm về điều này và các tiện nghi khác tại 2Bi’S H, O, M, E D, A, L, A, T trên trang này.', '2Bi’S HOME DALAT có phổ biến với các gia đình không?': 'Có, 2Bi’S H, O, M, E D, A, L, A, T khá phổ biến đối với khách đặt kỳ nghỉ gia đình.', '2Bi’S HOME DALAT có sân hiên không?': 'Có, nhiều lựa chọn tại chỗ nghỉ này có sân hiên. Bạn có thể tìm hiểu thêm về điều này và các tiện nghi khác tại 2Bi’S H, O, M, E D, A, L, A, T trên trang này.', '2Bi’S HOME DALAT có giờ nhận và trả phòng như thế nào?': '2Bi’S H, O, M, E D, A, L, A, T có giờ nhận phòng từ 14:00 và giờ trả phòng trước 12:00.', 'Chi phí nghỉ tại 2Bi’S HOME DALAT là bao nhiêu?': 'Giá tại 2Bi’S H, O, M, E D, A, L, A, T có thể khác nhau tùy vào kỳ nghỉ của bạn (ví dụ: ngày bạn chọn, chính sách khách sạn,v.v.). Vui lòng xem giá bằng cách nhập ngày của bạn.'}"
https://www.booking.com/hotel/vn/tuyet-son.vi.html,"{'Tôi có thể làm gì ở Tuyet Son Hotel?': 'Tuyet Son Hotel có những hoạt động/dịch vụ sau (có thể áp dụng phí):', 'Chi phí nghỉ tại Tuyet Son Hotel là bao nhiêu?': 'Giá tại Tuyet Son Hotel có thể khác nhau tùy vào kỳ nghỉ của bạn (ví dụ: ngày bạn chọn, chính sách khách sạn,v.v.). Vui lòng xem giá bằng cách nhập ngày của bạn.', 'Tuyet Son Hotel cách trung tâm Đà Lạt bao xa?': 'Tuyet Son Hotel cách trung tâm Đà Lạt 400 m.\nTất cả khoảng cách được đo theo đường thẳng. Khoảng cách di chuyển thực sự có thể khác.', 'Tuyet Son Hotel có những loại phòng nào?': 'Lựa chọn phòng tại Tuyet Son Hotel bao gồm: Phòng giường đôi, Phòng 4 người', 'Tuyet Son Hotel có giờ nhận và trả phòng như thế nào?': 'Tuyet Son Hotel có giờ nhận phòng từ 12:00 và giờ trả phòng trước 12:00.'}"
https://www.booking.com/hotel/vn/ivy-coffee-farm-garden-house.vi.html,"{'Ivy Coffee Farm - Garden House cách trung tâm Ðưc Trọng bao xa?': 'Ivy Coffee Farm - Garden House cách trung tâm Ðưc Trọng 2,3 km.\nTất cả khoảng cách được đo theo đường thẳng. Khoảng cách di chuyển thực sự có thể khác.', 'Ivy Coffee Farm - Garden House có sân hiên không?': 'Có, nhiều lựa chọn tại chỗ nghỉ này có sân hiên. Bạn có thể tìm hiểu thêm về điều này và các tiện nghi khác tại Ivy Coffee Farm - Garden House trên trang này.', 'Ivy Coffee Farm - Garden House có bao nhiêu phòng ngủ?': 'Ivy Coffee Farm - Garden House có số lượng phòng ngủ như sau: 1 phòng ngủ\n\nĐể biết thêm thông tin, vui lòng kiểm tra chi tiết (các) lựa chọn chỗ nghỉ ở trang này.', 'Tôi có thể làm gì ở Ivy Coffee Farm - Garden House?': 'Ivy Coffee Farm - Garden House có những hoạt động/dịch vụ sau (có thể áp dụng phí): Xe đạp, Đi bộ đường dài, Câu cáTour/lớp về văn hóa địa phương, Cho thuê xe đạp, Tour đi xe đạp, Lớp dạy nấu ăn, Tour đi bộ, Bữa tối theo chủ đề', 'Ivy Coffee Farm - Garden House có giờ nhận và trả phòng như thế nào?': 'Ivy Coffee Farm - Garden House có giờ nhận phòng từ 14:00 và giờ trả phòng trước 12:00.', 'Bao nhiêu khách có thể lưu trú tại Ivy Coffee Farm - Garden House?': 'Ivy Coffee Farm - Garden House có thể tiếp đón nhóm có số lượng như sau: 4 khách\n\nĐể biết thêm thông tin, vui lòng kiểm tra chi tiết (các) lựa chọn chỗ nghỉ ở trang này.', 'Chi phí nghỉ tại Ivy Coffee Farm - Garden House là bao nhiêu?': 'Giá tại Ivy Coffee Farm - Garden House có thể khác nhau tùy vào kỳ nghỉ của bạn (ví dụ: ngày bạn chọn, chính sách khách sạn,v.v.). Vui lòng xem giá bằng cách nhập ngày của bạn.', 'Ivy Coffee Farm - Garden House có phổ biến với các gia đình không?': 'Có, Ivy Coffee Farm - Garden House khá phổ biến đối với khách đặt kỳ nghỉ gia đình.'}"
https://www.booking.com/hotel/vn/nha-nguyen-can-gan-cho-da-lat.vi.html,"{'Tôi có thể làm gì ở Căn hộ số 9 - Di House Đà Lạt?': 'Căn hộ số 9 - Di House Đà Lạt có những hoạt động/dịch vụ sau (có thể áp dụng phí):', 'Căn hộ số 9 - Di House Đà Lạt có giờ nhận và trả phòng như thế nào?': 'Căn hộ số 9 - Di House Đà Lạt có giờ nhận phòng từ 14:00 và giờ trả phòng trước 12:00.', 'Căn hộ số 9 - Di House Đà Lạt cách trung tâm Đà Lạt bao xa?': 'Căn hộ số 9 - Di House Đà Lạt cách trung tâm Đà Lạt 450 m.\nTất cả khoảng cách được đo theo đường thẳng. Khoảng cách di chuyển thực sự có thể khác.', 'Chi phí nghỉ tại Căn hộ số 9 - Di House Đà Lạt là bao nhiêu?': 'Giá tại Căn hộ số 9 - Di House Đà Lạt có thể khác nhau tùy vào kỳ nghỉ của bạn (ví dụ: ngày bạn chọn, chính sách khách sạn,v.v.). Vui lòng xem giá bằng cách nhập ngày của bạn.', 'Căn hộ số 9 - Di House Đà Lạt có bao nhiêu phòng ngủ?': 'Căn hộ số 9 - Di House Đà Lạt có số lượng phòng ngủ như sau: 1 phòng ngủ\n\nĐể biết thêm thông tin, vui lòng kiểm tra chi tiết (các) lựa chọn chỗ nghỉ ở trang này.', 'Bao nhiêu khách có thể lưu trú tại Căn hộ số 9 - Di House Đà Lạt?': 'Căn hộ số 9 - Di House Đà Lạt có thể tiếp đón nhóm có số lượng như sau: 5 khách\n\nĐể biết thêm thông tin, vui lòng kiểm tra chi tiết (các) lựa chọn chỗ nghỉ ở trang này.', 'Căn hộ số 9 - Di House Đà Lạt có phổ biến với các gia đình không?': 'Có, Căn hộ số 9 - Di House Đà Lạt khá phổ biến đối với khách đặt kỳ nghỉ gia đình.'}"
https://www.booking.com/hotel/vn/gold-home.vi.html,"{'Gold Home có sân hiên không?': 'Có, nhiều lựa chọn tại chỗ nghỉ này có sân hiên. Bạn có thể tìm hiểu thêm về điều này và các tiện nghi khác tại Gold Home trên trang này.', 'Bao nhiêu khách có thể lưu trú tại Gold Home?': 'Gold Home có thể tiếp đón nhóm có số lượng như sau: 6 khách\n\nĐể biết thêm thông tin, vui lòng kiểm tra chi tiết (các) lựa chọn chỗ nghỉ ở trang này.', 'Gold Home có ban công không?': 'Có, nhiều lựa chọn tại chỗ nghỉ này có ban công. Bạn có thể tìm hiểu thêm về điều này và các tiện nghi khác tại Gold Home trên trang này.', 'Tôi có thể làm gì ở Gold Home?': 'Gold Home có những hoạt động/dịch vụ sau (có thể áp dụng phí):', 'Gold Home có giờ nhận và trả phòng như thế nào?': 'Gold Home có giờ nhận phòng từ 14:00 và giờ trả phòng trước 00:00.', 'Gold Home cách trung tâm Ấp Xuân An bao xa?': 'Gold Home cách trung tâm Ấp Xuân An 1 km.\nTất cả khoảng cách được đo theo đường thẳng. Khoảng cách di chuyển thực sự có thể khác.', 'Chi phí nghỉ tại Gold Home là bao nhiêu?': 'Giá tại Gold Home có thể khác nhau tùy vào kỳ nghỉ của bạn (ví dụ: ngày bạn chọn, chính sách khách sạn,v.v.). Vui lòng xem giá bằng cách nhập ngày của bạn.', 'Gold Home có bao nhiêu phòng ngủ?': 'Gold Home có số lượng phòng ngủ như sau: 2 phòng ngủ\n\nĐể biết thêm thông tin, vui lòng kiểm tra chi tiết (các) lựa chọn chỗ nghỉ ở trang này.'}"
https://www.booking.com/hotel/vn/can-ho-chubby-house-dalat.vi.html,"{'Căn Hộ - Chubby House Dalat có ban công không?': 'Có, nhiều lựa chọn tại chỗ nghỉ này có ban công. Bạn có thể tìm hiểu thêm về điều này và các tiện nghi khác tại Căn Hộ - Chubby House Dalat trên trang này.', 'Căn Hộ - Chubby House Dalat cách trung tâm Ấp Xuân An bao xa?': 'Căn Hộ - Chubby House Dalat cách trung tâm Ấp Xuân An 650 m.\nTất cả khoảng cách được đo theo đường thẳng. Khoảng cách di chuyển thực sự có thể khác.', 'Tôi có thể làm gì ở Căn Hộ - Chubby House Dalat?': 'Căn Hộ - Chubby House Dalat có những hoạt động/dịch vụ sau (có thể áp dụng phí): Cho thuê xe đạp', 'Bao nhiêu khách có thể lưu trú tại Căn Hộ - Chubby House Dalat?': 'Bạn có thể chọn từ nhiều lựa chọn chỗ nghỉ tại Căn Hộ - Chubby House Dalat (tùy vào tình trạng có sẵn). Những chỗ này có thể tiếp đón: 2 khách6 khách8 khách\n\nĐể biết thêm thông tin, vui lòng kiểm tra chi tiết (các) lựa chọn chỗ nghỉ ở trang này.', 'Chi phí nghỉ tại Căn Hộ - Chubby House Dalat là bao nhiêu?': 'Giá tại Căn Hộ - Chubby House Dalat có thể khác nhau tùy vào kỳ nghỉ của bạn (ví dụ: ngày bạn chọn, chính sách khách sạn,v.v.). Vui lòng xem giá bằng cách nhập ngày của bạn.', 'Căn Hộ - Chubby House Dalat có giờ nhận và trả phòng như thế nào?': 'Căn Hộ - Chubby House Dalat có giờ nhận phòng từ 14:00 và giờ trả phòng trước 12:00.', 'Căn Hộ - Chubby House Dalat có bao nhiêu phòng ngủ?': 'Bạn có thể chọn từ nhiều lựa chọn chỗ nghỉ tại Căn Hộ - Chubby House Dalat (tùy vào tình trạng có sẵn). Những chỗ này có: 1 phòng ngủ2 phòng ngủ3 phòng ngủ\n\nĐể biết thêm thông tin, vui lòng kiểm tra chi tiết (các) lựa chọn chỗ nghỉ ở trang này.'}"
https://www.booking.com/hotel/vn/khanh-uyen-3.vi.html,"{'Khanh Uyen 3 Hotel & Apartment có giờ nhận và trả phòng như thế nào?': 'Khanh Uyen 3 Hotel & Apartment có giờ nhận phòng từ 14:00 và giờ trả phòng trước 12:00.', 'Khanh Uyen 3 Hotel & Apartment có phổ biến với các gia đình không?': 'Có, Khanh Uyen 3 Hotel & Apartment khá phổ biến đối với khách đặt kỳ nghỉ gia đình.', 'Tôi có thể làm gì ở Khanh Uyen 3 Hotel & Apartment?': 'Khanh Uyen 3 Hotel & Apartment có những hoạt động/dịch vụ sau (có thể áp dụng phí): Tour/lớp về văn hóa địa phương, Cho thuê xe đạp', 'Khanh Uyen 3 Hotel & Apartment có những loại phòng nào?': 'Lựa chọn phòng tại Khanh Uyen 3 Hotel & Apartment bao gồm: Phòng giường đôi, Phòng 4 người, Căn hộ', 'Chi phí nghỉ tại Khanh Uyen 3 Hotel & Apartment là bao nhiêu?': 'Giá tại Khanh Uyen 3 Hotel & Apartment có thể khác nhau tùy vào kỳ nghỉ của bạn (ví dụ: ngày bạn chọn, chính sách khách sạn,v.v.). Vui lòng xem giá bằng cách nhập ngày của bạn.', 'Khanh Uyen 3 Hotel & Apartment cách trung tâm Đà Lạt bao xa?': 'Khanh Uyen 3 Hotel & Apartment cách trung tâm Đà Lạt 300 m.\nTất cả khoảng cách được đo theo đường thẳng. Khoảng cách di chuyển thực sự có thể khác.'}"
https://www.booking.com/hotel/vn/le-marais-dalat.vi.html,"{'Chi phí nghỉ tại Le Marais Hotel Dalat là bao nhiêu?': 'Giá tại Le Marais Hotel Dalat có thể khác nhau tùy vào kỳ nghỉ của bạn (ví dụ: ngày bạn chọn, chính sách khách sạn,v.v.). Vui lòng xem giá bằng cách nhập ngày của bạn.', 'Le Marais Hotel Dalat có phục vụ dạng bữa sáng nào?': 'Khách lưu trú tại Le Marais Hotel Dalat có thể tận hưởng bữa sáng được đánh giá cao trong kỳ nghỉ của họ (điểm đánh giá của khách: 6.9)\n\nLựa chọn bữa sáng bao gồm: Tự chọn, Gọi món (à la carte)', 'Le Marais Hotel Dalat cách trung tâm Đà Lạt bao xa?': 'Le Marais Hotel Dalat cách trung tâm Đà Lạt 2,5 km.\nTất cả khoảng cách được đo theo đường thẳng. Khoảng cách di chuyển thực sự có thể khác.', 'Le Marais Hotel Dalat có những loại phòng nào?': 'Lựa chọn phòng tại Le Marais Hotel Dalat bao gồm: Phòng giường đôi, Suite, Phòng 2 giường đơn Phòng giường đôi/2 giường đơn', 'Le Marais Hotel Dalat có phổ biến với các gia đình không?': 'Có, Le Marais Hotel Dalat khá phổ biến đối với khách đặt kỳ nghỉ gia đình.', 'Le Marais Hotel Dalat có giờ nhận và trả phòng như thế nào?': 'Le Marais Hotel Dalat có giờ nhận phòng từ 14:00 và giờ trả phòng trước 12:00.', 'Tôi có thể làm gì ở Le Marais Hotel Dalat?': 'Le Marais Hotel Dalat có những hoạt động/dịch vụ sau (có thể áp dụng phí):', 'Le Marais Hotel Dalat có nhà hàng trong khuôn viên không?': 'Le Marais Hotel Dalat có 1 nhà hàng: Nhà hàng #1'}"
https://www.booking.com/hotel/vn/rung-la-kim-resort.vi.html,"{'Kim Resort - Khu Nghĩ Dưỡng Rừng Lá Kim có nhà hàng trong khuôn viên không?': 'Kim Resort - Khu Nghĩ Dưỡng Rừng Lá Kim có 1 nhà hàng: Nhà hàng #1', 'Chi phí nghỉ tại Kim Resort - Khu Nghĩ Dưỡng Rừng Lá Kim là bao nhiêu?': 'Giá tại Kim Resort - Khu Nghĩ Dưỡng Rừng Lá Kim có thể khác nhau tùy vào kỳ nghỉ của bạn (ví dụ: ngày bạn chọn, chính sách khách sạn,v.v.). Vui lòng xem giá bằng cách nhập ngày của bạn.', 'Kim Resort - Khu Nghĩ Dưỡng Rừng Lá Kim có phổ biến với các gia đình không?': 'Có, Kim Resort - Khu Nghĩ Dưỡng Rừng Lá Kim khá phổ biến đối với khách đặt kỳ nghỉ gia đình.', 'Tôi có thể làm gì ở Kim Resort - Khu Nghĩ Dưỡng Rừng Lá Kim?': 'Kim Resort - Khu Nghĩ Dưỡng Rừng Lá Kim có những hoạt động/dịch vụ sau (có thể áp dụng phí): Xe đạp, Sân chơi trẻ em, Sân gôn (trong vòng 3km)Cho thuê xe đạp, Bữa tối theo chủ đề, Bắn cung', 'Kim Resort - Khu Nghĩ Dưỡng Rừng Lá Kim có những loại phòng nào?': 'Lựa chọn phòng tại Kim Resort - Khu Nghĩ Dưỡng Rừng Lá Kim bao gồm: Phòng giường đôi, Phòng 2 giường đơn Suite, Phòng gia đình, Biệt thự, Bungalow, Phòng 3 người', 'Kim Resort - Khu Nghĩ Dưỡng Rừng Lá Kim có phục vụ dạng bữa sáng nào?': 'Khách lưu trú tại Kim Resort - Khu Nghĩ Dưỡng Rừng Lá Kim có thể tận hưởng bữa sáng được đánh giá cao trong kỳ nghỉ của họ (điểm đánh giá của khách: 7.5)\n\nLựa chọn bữa sáng bao gồm: Tự chọn', 'Kim Resort - Khu Nghĩ Dưỡng Rừng Lá Kim cách trung tâm Đà Lạt bao xa?': 'Kim Resort - Khu Nghĩ Dưỡng Rừng Lá Kim cách trung tâm Đà Lạt 4,8 km.\nTất cả khoảng cách được đo theo đường thẳng. Khoảng cách di chuyển thực sự có thể khác.', 'Kim Resort - Khu Nghĩ Dưỡng Rừng Lá Kim có giờ nhận và trả phòng như thế nào?': 'Kim Resort - Khu Nghĩ Dưỡng Rừng Lá Kim có giờ nhận phòng từ 14:00 và giờ trả phòng trước 12:00.'}"
https://www.booking.com/hotel/vn/midori-farm.vi.html,"{'Tôi có thể làm gì ở Midori Coffee Farm?': 'Midori Coffee Farm có những hoạt động/dịch vụ sau (có thể áp dụng phí): Đi bộ đường dài, Thiết bị dành cho tennis, Tour đi bộ, Dịch vụ ngâm chân, Tour/lớp về văn hóa địa phương, Thiết bị dành cho cầu lông, Phòng tắm chung, Lớp học yoga, Bữa tối theo chủ đề, Phòng tắm không gian mở', 'Midori Coffee Farm có giờ nhận và trả phòng như thế nào?': 'Midori Coffee Farm có giờ nhận phòng từ 14:00 và giờ trả phòng trước 12:00.', 'Chi phí nghỉ tại Midori Coffee Farm là bao nhiêu?': 'Giá tại Midori Coffee Farm có thể khác nhau tùy vào kỳ nghỉ của bạn (ví dụ: ngày bạn chọn, chính sách khách sạn,v.v.). Vui lòng xem giá bằng cách nhập ngày của bạn.', 'Midori Coffee Farm có nhà hàng trong khuôn viên không?': 'Midori Coffee Farm có 1 nhà hàng: Nhà hàng #1', 'Midori Coffee Farm cách trung tâm Đà Lạt bao xa?': 'Midori Coffee Farm cách trung tâm Đà Lạt 10 km.\nTất cả khoảng cách được đo theo đường thẳng. Khoảng cách di chuyển thực sự có thể khác.', 'Midori Coffee Farm có những loại phòng nào?': 'Lựa chọn phòng tại Midori Coffee Farm bao gồm: Phòng gia đình, Phòng giường đôi, Nhà nghỉ dưỡng'}"
https://www.booking.com/hotel/vn/villa-city.vi.html,"{'Villa City có phổ biến với các gia đình không?': 'Có, Villa City khá phổ biến đối với khách đặt kỳ nghỉ gia đình.', 'Villa City có giờ nhận và trả phòng như thế nào?': 'Villa City có giờ nhận phòng từ 12:00 và giờ trả phòng trước 12:00.', 'Villa City có ban công không?': 'Có, nhiều lựa chọn tại chỗ nghỉ này có ban công. Bạn có thể tìm hiểu thêm về điều này và các tiện nghi khác tại Villa City trên trang này.', 'Tôi có thể làm gì ở Villa City?': 'Villa City có những hoạt động/dịch vụ sau (có thể áp dụng phí):', 'Bao nhiêu khách có thể lưu trú tại Villa City?': 'Villa City có thể tiếp đón nhóm có số lượng như sau: 6 khách\n\nĐể biết thêm thông tin, vui lòng kiểm tra chi tiết (các) lựa chọn chỗ nghỉ ở trang này.', 'Chi phí nghỉ tại Villa City là bao nhiêu?': 'Giá tại Villa City có thể khác nhau tùy vào kỳ nghỉ của bạn (ví dụ: ngày bạn chọn, chính sách khách sạn,v.v.). Vui lòng xem giá bằng cách nhập ngày của bạn.', 'Villa City có bao nhiêu phòng ngủ?': 'Villa City có số lượng phòng ngủ như sau: 1 phòng ngủ\n\nĐể biết thêm thông tin, vui lòng kiểm tra chi tiết (các) lựa chọn chỗ nghỉ ở trang này.', 'Villa City cách trung tâm Đà Lạt bao xa?': 'Villa City cách trung tâm Đà Lạt 2,5 km.\nTất cả khoảng cách được đo theo đường thẳng. Khoảng cách di chuyển thực sự có thể khác.'}"
https://www.booking.com/hotel/vn/free-style-dalat-thanh-pho-da-lat.vi.html,"{'Chi phí nghỉ tại Free Style Hotel Dalat là bao nhiêu?': 'Giá tại Free Style Hotel Dalat có thể khác nhau tùy vào kỳ nghỉ của bạn (ví dụ: ngày bạn chọn, chính sách khách sạn,v.v.). Vui lòng xem giá bằng cách nhập ngày của bạn.', 'Free Style Hotel Dalat cách trung tâm Đà Lạt bao xa?': 'Free Style Hotel Dalat cách trung tâm Đà Lạt 900 m.\nTất cả khoảng cách được đo theo đường thẳng. Khoảng cách di chuyển thực sự có thể khác.', 'Free Style Hotel Dalat có những loại phòng nào?': 'Lựa chọn phòng tại Free Style Hotel Dalat bao gồm: Phòng giường đôi, Phòng gia đình', 'Free Style Hotel Dalat có giờ nhận và trả phòng như thế nào?': 'Free Style Hotel Dalat có giờ nhận phòng từ 14:00 và giờ trả phòng trước 12:00.', 'Tôi có thể làm gì ở Free Style Hotel Dalat?': 'Free Style Hotel Dalat có những hoạt động/dịch vụ sau (có thể áp dụng phí): Tour đi bộ, Tour/lớp về văn hóa địa phương, Tour đi xe đạp, Sự kiện thể thao (truyền hình trực tiếp)'}"
https://www.booking.com/hotel/vn/melody.vi.html,"{'Melody Hotel cách trung tâm Đà Lạt bao xa?': 'Melody Hotel cách trung tâm Đà Lạt 2,1 km.\nTất cả khoảng cách được đo theo đường thẳng. Khoảng cách di chuyển thực sự có thể khác.', 'Chi phí nghỉ tại Melody Hotel là bao nhiêu?': 'Giá tại Melody Hotel có thể khác nhau tùy vào kỳ nghỉ của bạn (ví dụ: ngày bạn chọn, chính sách khách sạn,v.v.). Vui lòng xem giá bằng cách nhập ngày của bạn.', 'Tôi có thể làm gì ở Melody Hotel?': 'Melody Hotel có những hoạt động/dịch vụ sau (có thể áp dụng phí):', 'Melody Hotel có giờ nhận và trả phòng như thế nào?': 'Melody Hotel có giờ nhận phòng từ 14:00 và giờ trả phòng trước 11:30.', 'Melody Hotel có những loại phòng nào?': 'Lựa chọn phòng tại Melody Hotel bao gồm: Phòng giường đôi, Phòng 3 người, Phòng 4 người', 'Melody Hotel có nhà hàng trong khuôn viên không?': 'Melody Hotel có 1 nhà hàng: Melody'}"
https://www.booking.com/hotel/vn/khach-san-tri-duc-lam-dong12.vi.html,"{'Khách sạn Trí Đức có giờ nhận và trả phòng như thế nào?': 'Khách sạn Trí Đức có giờ nhận phòng từ 12:30 và giờ trả phòng trước 12:00.', 'Chi phí nghỉ tại Khách sạn Trí Đức là bao nhiêu?': 'Giá tại Khách sạn Trí Đức có thể khác nhau tùy vào kỳ nghỉ của bạn (ví dụ: ngày bạn chọn, chính sách khách sạn,v.v.). Vui lòng xem giá bằng cách nhập ngày của bạn.', 'Tôi có thể làm gì ở Khách sạn Trí Đức?': 'Khách sạn Trí Đức có những hoạt động/dịch vụ sau (có thể áp dụng phí):', 'Khách sạn Trí Đức cách trung tâm Đà Lạt bao xa?': 'Khách sạn Trí Đức cách trung tâm Đà Lạt 750 m.\nTất cả khoảng cách được đo theo đường thẳng. Khoảng cách di chuyển thực sự có thể khác.', 'Khách sạn Trí Đức có những loại phòng nào?': 'Lựa chọn phòng tại Khách sạn Trí Đức bao gồm: Phòng giường đôi, Phòng 4 người'}"
https://www.booking.com/hotel/vn/nk-dalat-apartment.vi.html,"{'Bao nhiêu khách có thể lưu trú tại NK-Dalat Apartment?': 'Bạn có thể chọn từ nhiều lựa chọn chỗ nghỉ tại N, K-Dalat Apartment (tùy vào tình trạng có sẵn). Những chỗ này có thể tiếp đón: 12 khách8 khách\n\nĐể biết thêm thông tin, vui lòng kiểm tra chi tiết (các) lựa chọn chỗ nghỉ ở trang này.', 'NK-Dalat Apartment có giờ nhận và trả phòng như thế nào?': 'N, K-Dalat Apartment có giờ nhận phòng từ 14:00 và giờ trả phòng trước 11:00.', 'NK-Dalat Apartment có bao nhiêu phòng ngủ?': 'N, K-Dalat Apartment có số lượng phòng ngủ như sau: 1 phòng ngủ\n\nĐể biết thêm thông tin, vui lòng kiểm tra chi tiết (các) lựa chọn chỗ nghỉ ở trang này.', 'NK-Dalat Apartment cách trung tâm Đà Lạt bao xa?': 'N, K-Dalat Apartment cách trung tâm Đà Lạt 1,6 km.\nTất cả khoảng cách được đo theo đường thẳng. Khoảng cách di chuyển thực sự có thể khác.', 'Chi phí nghỉ tại NK-Dalat Apartment là bao nhiêu?': 'Giá tại N, K-Dalat Apartment có thể khác nhau tùy vào kỳ nghỉ của bạn (ví dụ: ngày bạn chọn, chính sách khách sạn,v.v.). Vui lòng xem giá bằng cách nhập ngày của bạn.', 'NK-Dalat Apartment có phổ biến với các gia đình không?': 'Có, N, K-Dalat Apartment khá phổ biến đối với khách đặt kỳ nghỉ gia đình.', 'NK-Dalat Apartment có sân hiên không?': 'Có, nhiều lựa chọn tại chỗ nghỉ này có sân hiên. Bạn có thể tìm hiểu thêm về điều này và các tiện nghi khác tại N, K-Dalat Apartment trên trang này.', 'NK-Dalat Apartment có ban công không?': 'Có, nhiều lựa chọn tại chỗ nghỉ này có ban công. Bạn có thể tìm hiểu thêm về điều này và các tiện nghi khác tại N, K-Dalat Apartment trên trang này.', 'Tôi có thể làm gì ở NK-Dalat Apartment?': 'N, K-Dalat Apartment có những hoạt động/dịch vụ sau (có thể áp dụng phí):'}"
https://www.booking.com/hotel/vn/riverside-garden-dalat.vi.html,"{'Chi phí nghỉ tại Riverside Garden Dalat là bao nhiêu?': 'Giá tại Riverside Garden Dalat có thể khác nhau tùy vào kỳ nghỉ của bạn (ví dụ: ngày bạn chọn, chính sách khách sạn,v.v.). Vui lòng xem giá bằng cách nhập ngày của bạn.', 'Riverside Garden Dalat có sân hiên không?': 'Có, nhiều lựa chọn tại chỗ nghỉ này có sân hiên. Bạn có thể tìm hiểu thêm về điều này và các tiện nghi khác tại Riverside Garden Dalat trên trang này.', 'Riverside Garden Dalat có ban công không?': 'Có, nhiều lựa chọn tại chỗ nghỉ này có ban công. Bạn có thể tìm hiểu thêm về điều này và các tiện nghi khác tại Riverside Garden Dalat trên trang này.', 'Tôi có thể làm gì ở Riverside Garden Dalat?': 'Riverside Garden Dalat có những hoạt động/dịch vụ sau (có thể áp dụng phí): Tour đi bộ', 'Riverside Garden Dalat cách trung tâm Ấp Ðinh An (1) bao xa?': 'Riverside Garden Dalat cách trung tâm Ấp Ðinh An (1) 2 km.\nTất cả khoảng cách được đo theo đường thẳng. Khoảng cách di chuyển thực sự có thể khác.', 'Bao nhiêu khách có thể lưu trú tại Riverside Garden Dalat?': 'Bạn có thể chọn từ nhiều lựa chọn chỗ nghỉ tại Riverside Garden Dalat (tùy vào tình trạng có sẵn). Những chỗ này có thể tiếp đón: 1 khách12 khách\n\nĐể biết thêm thông tin, vui lòng kiểm tra chi tiết (các) lựa chọn chỗ nghỉ ở trang này.', 'Riverside Garden Dalat có giờ nhận và trả phòng như thế nào?': 'Riverside Garden Dalat có giờ nhận phòng từ 14:00 và giờ trả phòng trước 12:30.', 'Riverside Garden Dalat có bao nhiêu phòng ngủ?': 'Riverside Garden Dalat có số lượng phòng ngủ như sau: 6 phòng ngủ\n\nĐể biết thêm thông tin, vui lòng kiểm tra chi tiết (các) lựa chọn chỗ nghỉ ở trang này.'}"
https://www.booking.com/hotel/vn/thanh-thanh-3.vi.html,"{'Thanh Thanh 3 có giờ nhận và trả phòng như thế nào?': 'Thanh Thanh 3 có giờ nhận phòng từ 14:00 và giờ trả phòng trước 12:00.', 'Thanh Thanh 3 có phổ biến với các gia đình không?': 'Có, Thanh Thanh 3 khá phổ biến đối với khách đặt kỳ nghỉ gia đình.', 'Chi phí nghỉ tại Thanh Thanh 3 là bao nhiêu?': 'Giá tại Thanh Thanh 3 có thể khác nhau tùy vào kỳ nghỉ của bạn (ví dụ: ngày bạn chọn, chính sách khách sạn,v.v.). Vui lòng xem giá bằng cách nhập ngày của bạn.', 'Thanh Thanh 3 có những loại phòng nào?': 'Lựa chọn phòng tại Thanh Thanh 3 bao gồm: Phòng giường đôi, Phòng gia đình, Phòng 2 giường đơn Phòng 3 người', 'Thanh Thanh 3 cách trung tâm Đà Lạt bao xa?': 'Thanh Thanh 3 cách trung tâm Đà Lạt 450 m.\nTất cả khoảng cách được đo theo đường thẳng. Khoảng cách di chuyển thực sự có thể khác.', 'Tôi có thể làm gì ở Thanh Thanh 3?': 'Thanh Thanh 3 có những hoạt động/dịch vụ sau (có thể áp dụng phí): Cho thuê xe đạp'}"
https://www.booking.com/hotel/vn/hong-mon-villa.vi.html,"{'Tôi có thể làm gì ở Hong Mon Villa?': 'Hong Mon Villa có những hoạt động/dịch vụ sau (có thể áp dụng phí): Tour đi bộ, Tour/lớp về văn hóa địa phương, Bữa tối theo chủ đề, Cho thuê xe đạp, Tour đi xe đạp, Giờ vàng', 'Chi phí nghỉ tại Hong Mon Villa là bao nhiêu?': 'Giá tại Hong Mon Villa có thể khác nhau tùy vào kỳ nghỉ của bạn (ví dụ: ngày bạn chọn, chính sách khách sạn,v.v.). Vui lòng xem giá bằng cách nhập ngày của bạn.', 'Hong Mon Villa có nhà hàng trong khuôn viên không?': 'Hong Mon Villa có 1 nhà hàng: H, O, N, G\xa0M, O, N R, E, S, T, A, U, R, A, N, T', 'Hong Mon Villa có phục vụ dạng bữa sáng nào?': 'Khách lưu trú tại Hong Mon Villa có thể tận hưởng bữa sáng được đánh giá cao trong kỳ nghỉ của họ (điểm đánh giá của khách: 8.9)\n\nLựa chọn bữa sáng bao gồm: Kiểu lục địa, Kiểu Á, Tự chọn', 'Hong Mon Villa cách trung tâm Đà Lạt bao xa?': 'Hong Mon Villa cách trung tâm Đà Lạt 1,6 km.\nTất cả khoảng cách được đo theo đường thẳng. Khoảng cách di chuyển thực sự có thể khác.', 'Hong Mon Villa có giờ nhận và trả phòng như thế nào?': 'Hong Mon Villa có giờ nhận phòng từ 14:00 và giờ trả phòng trước 12:00.', 'Hong Mon Villa có những loại phòng nào?': 'Lựa chọn phòng tại Hong Mon Villa bao gồm: Phòng giường đôi, Phòng giường đôi/2 giường đơn, Studio, Phòng 2 giường đơn '}"
https://www.booking.com/hotel/vn/chloe-homestay-thanh-pho-da-lat2.vi.html,"{'Tôi có thể làm gì ở Chloe Homestay?': 'Chloe Homestay có những hoạt động/dịch vụ sau (có thể áp dụng phí):', 'Chloe Homestay có những loại phòng nào?': 'Lựa chọn phòng tại Chloe Homestay bao gồm: Phòng giường đôi, Phòng 4 người', 'Chloe Homestay cách trung tâm Đà Lạt bao xa?': 'Chloe Homestay cách trung tâm Đà Lạt 2,1 km.\nTất cả khoảng cách được đo theo đường thẳng. Khoảng cách di chuyển thực sự có thể khác.', 'Chi phí nghỉ tại Chloe Homestay là bao nhiêu?': 'Giá tại Chloe Homestay có thể khác nhau tùy vào kỳ nghỉ của bạn (ví dụ: ngày bạn chọn, chính sách khách sạn,v.v.). Vui lòng xem giá bằng cách nhập ngày của bạn.', 'Chloe Homestay có giờ nhận và trả phòng như thế nào?': 'Chloe Homestay có giờ nhận phòng từ 14:00 và giờ trả phòng trước 12:00.'}"
https://www.booking.com/hotel/vn/hanz-alley-chuong-thanh-pho-da-lat.vi.html,"{'HANZ Chuong Hotel có giờ nhận và trả phòng như thế nào?': 'H, A, N, Z Chuong Hotel có giờ nhận phòng từ 14:30 và giờ trả phòng trước 11:00.', 'Tôi có thể làm gì ở HANZ Chuong Hotel?': 'H, A, N, Z Chuong Hotel có những hoạt động/dịch vụ sau (có thể áp dụng phí):', 'Chi phí nghỉ tại HANZ Chuong Hotel là bao nhiêu?': 'Giá tại H, A, N, Z Chuong Hotel có thể khác nhau tùy vào kỳ nghỉ của bạn (ví dụ: ngày bạn chọn, chính sách khách sạn,v.v.). Vui lòng xem giá bằng cách nhập ngày của bạn.', 'HANZ Chuong Hotel cách trung tâm Đà Lạt bao xa?': 'H, A, N, Z Chuong Hotel cách trung tâm Đà Lạt 1 km.\nTất cả khoảng cách được đo theo đường thẳng. Khoảng cách di chuyển thực sự có thể khác.', 'HANZ Chuong Hotel có những loại phòng nào?': 'Lựa chọn phòng tại H, A, N, Z Chuong Hotel bao gồm: Phòng giường đôi, Phòng 4 người'}"
https://www.booking.com/hotel/vn/an-mai-boutique-thanh-pho-da-lat.vi.html,"{'Tôi có thể làm gì ở An Mai Boutique Hotel?': 'An Mai Boutique Hotel có những hoạt động/dịch vụ sau (có thể áp dụng phí):', 'Chi phí nghỉ tại An Mai Boutique Hotel là bao nhiêu?': 'Giá tại An Mai Boutique Hotel có thể khác nhau tùy vào kỳ nghỉ của bạn (ví dụ: ngày bạn chọn, chính sách khách sạn,v.v.). Vui lòng xem giá bằng cách nhập ngày của bạn.', 'An Mai Boutique Hotel có giờ nhận và trả phòng như thế nào?': 'An Mai Boutique Hotel có giờ nhận phòng từ 14:00 và giờ trả phòng trước 12:30.', 'An Mai Boutique Hotel có những loại phòng nào?': 'Lựa chọn phòng tại An Mai Boutique Hotel bao gồm: Phòng giường đôi, Phòng 2 giường đơn ', 'An Mai Boutique Hotel cách trung tâm Đà Lạt bao xa?': 'An Mai Boutique Hotel cách trung tâm Đà Lạt 3,1 km.\nTất cả khoảng cách được đo theo đường thẳng. Khoảng cách di chuyển thực sự có thể khác.', 'An Mai Boutique Hotel có phổ biến với các gia đình không?': 'Có, An Mai Boutique Hotel khá phổ biến đối với khách đặt kỳ nghỉ gia đình.'}"
https://www.booking.com/hotel/vn/california-thanh-pho-da-lat.vi.html,"{'California Hotel cách trung tâm Đà Lạt bao xa?': 'California Hotel cách trung tâm Đà Lạt 3 km.\nTất cả khoảng cách được đo theo đường thẳng. Khoảng cách di chuyển thực sự có thể khác.', 'California Hotel có phổ biến với các gia đình không?': 'Có, California Hotel khá phổ biến đối với khách đặt kỳ nghỉ gia đình.', 'Chi phí nghỉ tại California Hotel là bao nhiêu?': 'Giá tại California Hotel có thể khác nhau tùy vào kỳ nghỉ của bạn (ví dụ: ngày bạn chọn, chính sách khách sạn,v.v.). Vui lòng xem giá bằng cách nhập ngày của bạn.', 'California Hotel có nhà hàng trong khuôn viên không?': 'California Hotel có 1 nhà hàng: The Menu', 'Tôi có thể làm gì ở California Hotel?': 'California Hotel có những hoạt động/dịch vụ sau (có thể áp dụng phí): Phòng xông hơi, Cho thuê xe đạp', 'California Hotel có những loại phòng nào?': 'Lựa chọn phòng tại California Hotel bao gồm: Phòng giường đôi, Phòng gia đình', 'California Hotel có phục vụ dạng bữa sáng nào?': 'Khách lưu trú tại California Hotel có thể tận hưởng bữa sáng được đánh giá cao trong kỳ nghỉ của họ (điểm đánh giá của khách: 9.4)\n\nLựa chọn bữa sáng bao gồm: Kiểu Á, Kiểu Mỹ, Gọi món (à la carte)Bữa sáng mang đi', 'California Hotel có giờ nhận và trả phòng như thế nào?': 'California Hotel có giờ nhận phòng từ 14:00 và giờ trả phòng trước 12:00.'}"
https://www.booking.com/hotel/vn/be-u-thanh-pho-da-lat1.vi.html,"{'Be U Hotel City View có giờ nhận và trả phòng như thế nào?': 'Be U Hotel City View có giờ nhận phòng từ 14:30 và giờ trả phòng trước 12:00.', 'Tôi có thể làm gì ở Be U Hotel City View?': 'Be U Hotel City View có những hoạt động/dịch vụ sau (có thể áp dụng phí): Cho thuê xe đạp', 'Be U Hotel City View có những loại phòng nào?': 'Lựa chọn phòng tại Be U Hotel City View bao gồm: Phòng giường đôi, Phòng 4 người, Phòng 2 giường đơn Phòng gia đình', 'Be U Hotel City View cách trung tâm Đà Lạt bao xa?': 'Be U Hotel City View cách trung tâm Đà Lạt 600 m.\nTất cả khoảng cách được đo theo đường thẳng. Khoảng cách di chuyển thực sự có thể khác.', 'Chi phí nghỉ tại Be U Hotel City View là bao nhiêu?': 'Giá tại Be U Hotel City View có thể khác nhau tùy vào kỳ nghỉ của bạn (ví dụ: ngày bạn chọn, chính sách khách sạn,v.v.). Vui lòng xem giá bằng cách nhập ngày của bạn.', 'Be U Hotel City View có phổ biến với các gia đình không?': 'Có, Be U Hotel City View khá phổ biến đối với khách đặt kỳ nghỉ gia đình.'}"
https://www.booking.com/hotel/vn/minh-trang-2.vi.html,"{'Tôi có thể làm gì ở Minh Trang 2?': 'Minh Trang 2 có những hoạt động/dịch vụ sau (có thể áp dụng phí):', 'Minh Trang 2 cách trung tâm Đà Lạt bao xa?': 'Minh Trang 2 cách trung tâm Đà Lạt 300 m.\nTất cả khoảng cách được đo theo đường thẳng. Khoảng cách di chuyển thực sự có thể khác.', 'Chi phí nghỉ tại Minh Trang 2 là bao nhiêu?': 'Giá tại Minh Trang 2 có thể khác nhau tùy vào kỳ nghỉ của bạn (ví dụ: ngày bạn chọn, chính sách khách sạn,v.v.). Vui lòng xem giá bằng cách nhập ngày của bạn.', 'Minh Trang 2 có phổ biến với các gia đình không?': 'Có, Minh Trang 2 khá phổ biến đối với khách đặt kỳ nghỉ gia đình.', 'Minh Trang 2 có giờ nhận và trả phòng như thế nào?': 'Minh Trang 2 có giờ nhận phòng từ 14:00 và giờ trả phòng trước 12:00.', 'Minh Trang 2 có những loại phòng nào?': 'Lựa chọn phòng tại Minh Trang 2 bao gồm: Phòng giường đôi, Phòng 4 người, Phòng gia đình'}"
https://www.booking.com/hotel/vn/mat-troi-vang-dalat.vi.html,"{'Mat Troi Vang Dalat Hotel cách trung tâm Đà Lạt bao xa?': 'Mat Troi Vang Dalat Hotel cách trung tâm Đà Lạt 1,1 km.\nTất cả khoảng cách được đo theo đường thẳng. Khoảng cách di chuyển thực sự có thể khác.', 'Mat Troi Vang Dalat Hotel có những loại phòng nào?': 'Lựa chọn phòng tại Mat Troi Vang Dalat Hotel bao gồm: Phòng giường đôi, Phòng gia đình', 'Mat Troi Vang Dalat Hotel có giờ nhận và trả phòng như thế nào?': 'Mat Troi Vang Dalat Hotel có giờ nhận phòng từ 14:00 và giờ trả phòng trước 12:00.', 'Mat Troi Vang Dalat Hotel có phổ biến với các gia đình không?': 'Có, Mat Troi Vang Dalat Hotel khá phổ biến đối với khách đặt kỳ nghỉ gia đình.', 'Tôi có thể làm gì ở Mat Troi Vang Dalat Hotel?': 'Mat Troi Vang Dalat Hotel có những hoạt động/dịch vụ sau (có thể áp dụng phí):', 'Chi phí nghỉ tại Mat Troi Vang Dalat Hotel là bao nhiêu?': 'Giá tại Mat Troi Vang Dalat Hotel có thể khác nhau tùy vào kỳ nghỉ của bạn (ví dụ: ngày bạn chọn, chính sách khách sạn,v.v.). Vui lòng xem giá bằng cách nhập ngày của bạn.'}"
https://www.booking.com/hotel/vn/tournesol-villa-dalat.vi.html,"{'Tournesol Villa Dalat có hồ bơi không?': 'Có, khách sạn này có hồ bơi. Tìm hiểu chi tiết về hồ bơi và các tiện nghi khác trong trang này.', 'Tournesol Villa Dalat có giờ nhận và trả phòng như thế nào?': 'Tournesol Villa Dalat có giờ nhận phòng từ 14:00 và giờ trả phòng trước 12:00.', 'Tournesol Villa Dalat cách trung tâm Ấp Xuân An bao xa?': 'Tournesol Villa Dalat cách trung tâm Ấp Xuân An 1,1 km.\nTất cả khoảng cách được đo theo đường thẳng. Khoảng cách di chuyển thực sự có thể khác.', 'Tôi có thể làm gì ở Tournesol Villa Dalat?': 'Tournesol Villa Dalat có những hoạt động/dịch vụ sau (có thể áp dụng phí): Hồ bơi', 'Chi phí nghỉ tại Tournesol Villa Dalat là bao nhiêu?': 'Giá tại Tournesol Villa Dalat có thể khác nhau tùy vào kỳ nghỉ của bạn (ví dụ: ngày bạn chọn, chính sách khách sạn,v.v.). Vui lòng xem giá bằng cách nhập ngày của bạn.'}"
https://www.booking.com/hotel/vn/ky-hoa-da-lat.vi.html,"{'Chi phí nghỉ tại Ky Hoa Hotel Da Lat là bao nhiêu?': 'Giá tại Ky Hoa Hotel Da Lat có thể khác nhau tùy vào kỳ nghỉ của bạn (ví dụ: ngày bạn chọn, chính sách khách sạn,v.v.). Vui lòng xem giá bằng cách nhập ngày của bạn.', 'Ky Hoa Hotel Da Lat có nhà hàng trong khuôn viên không?': 'Ky Hoa Hotel Da Lat có 1 nhà hàng: Nhà Hàng Rose', 'Tôi có thể làm gì ở Ky Hoa Hotel Da Lat?': 'Ky Hoa Hotel Da Lat có những hoạt động/dịch vụ sau (có thể áp dụng phí): Lặn, Karaoke, Thiết bị dành cho cầu lông, Tour/lớp về văn hóa địa phương, Nhân viên Giải trí, Cho thuê xe đạp', 'Ky Hoa Hotel Da Lat cách trung tâm Đà Lạt bao xa?': 'Ky Hoa Hotel Da Lat cách trung tâm Đà Lạt 2,9 km.\nTất cả khoảng cách được đo theo đường thẳng. Khoảng cách di chuyển thực sự có thể khác.', 'Ky Hoa Hotel Da Lat có phổ biến với các gia đình không?': 'Có, Ky Hoa Hotel Da Lat khá phổ biến đối với khách đặt kỳ nghỉ gia đình.', 'Ky Hoa Hotel Da Lat có những loại phòng nào?': 'Lựa chọn phòng tại Ky Hoa Hotel Da Lat bao gồm: Phòng giường đôi, Phòng giường đôi/2 giường đơn, Phòng 2 giường đơn Suite', 'Ky Hoa Hotel Da Lat có giờ nhận và trả phòng như thế nào?': 'Ky Hoa Hotel Da Lat có giờ nhận phòng từ 14:00 và giờ trả phòng trước 12:00.'}"
https://www.booking.com/hotel/vn/twin-villa-da-lat.vi.html,"{'Tôi có thể làm gì ở Twin Villa Village Đà Lạt?': 'Twin Villa Village Đà Lạt có những hoạt động/dịch vụ sau (có thể áp dụng phí):', 'Twin Villa Village Đà Lạt có giờ nhận và trả phòng như thế nào?': 'Twin Villa Village Đà Lạt có giờ nhận phòng từ 14:00 và giờ trả phòng trước 12:00.', 'Twin Villa Village Đà Lạt cách trung tâm Đà Lạt bao xa?': 'Twin Villa Village Đà Lạt cách trung tâm Đà Lạt 2,3 km.\nTất cả khoảng cách được đo theo đường thẳng. Khoảng cách di chuyển thực sự có thể khác.', 'Twin Villa Village Đà Lạt có những loại phòng nào?': 'Lựa chọn phòng tại Twin Villa Village Đà Lạt bao gồm: Phòng giường đôi, Phòng 2 giường đơn ', 'Chi phí nghỉ tại Twin Villa Village Đà Lạt là bao nhiêu?': 'Giá tại Twin Villa Village Đà Lạt có thể khác nhau tùy vào kỳ nghỉ của bạn (ví dụ: ngày bạn chọn, chính sách khách sạn,v.v.). Vui lòng xem giá bằng cách nhập ngày của bạn.'}"
https://www.booking.com/hotel/vn/laan-da-lat.vi.html,"{'Chi phí nghỉ tại LAAN Retreat-DaLat là bao nhiêu?': 'Giá tại L, A, A, N Retreat-Da, Lat có thể khác nhau tùy vào kỳ nghỉ của bạn (ví dụ: ngày bạn chọn, chính sách khách sạn,v.v.). Vui lòng xem giá bằng cách nhập ngày của bạn.', 'LAAN Retreat-DaLat cách trung tâm Đà Lạt bao xa?': 'L, A, A, N Retreat-Da, Lat cách trung tâm Đà Lạt 12 km.\nTất cả khoảng cách được đo theo đường thẳng. Khoảng cách di chuyển thực sự có thể khác.', 'LAAN Retreat-DaLat có những loại phòng nào?': 'Lựa chọn phòng tại L, A, A, N Retreat-Da, Lat bao gồm: Biệt thự, Chalet, Phòng giường đôi', 'Tôi có thể làm gì ở LAAN Retreat-DaLat?': 'L, A, A, N Retreat-Da, Lat có những hoạt động/dịch vụ sau (có thể áp dụng phí): Xe đạp, Đi bộ đường dài, Sân chơi trẻ em, Tour đi bộ, Cho thuê xe đạp, Tour/lớp về văn hóa địa phương, Biểu diễn/nhạc sống, Tour đi xe đạp, Lớp dạy nấu ăn', 'LAAN Retreat-DaLat có nhà hàng trong khuôn viên không?': 'L, A, A, N Retreat-Da, Lat có 1 nhà hàng: La An', 'LAAN Retreat-DaLat có giờ nhận và trả phòng như thế nào?': 'L, A, A, N Retreat-Da, Lat có giờ nhận phòng từ 14:00 và giờ trả phòng trước 12:00.', 'LAAN Retreat-DaLat có phổ biến với các gia đình không?': 'Có, L, A, A, N Retreat-Da, Lat khá phổ biến đối với khách đặt kỳ nghỉ gia đình.'}"
https://www.booking.com/hotel/vn/cara-hostel-amp-spa.vi.html,"{'Chi phí nghỉ tại Cara Hostel & Spa là bao nhiêu?': 'Giá tại Cara Hostel & Spa có thể khác nhau tùy vào kỳ nghỉ của bạn (ví dụ: ngày bạn chọn, chính sách khách sạn,v.v.). Vui lòng xem giá bằng cách nhập ngày của bạn.', 'Cara Hostel & Spa cách trung tâm Đà Lạt bao xa?': 'Cara Hostel & Spa cách trung tâm Đà Lạt 850 m.\nTất cả khoảng cách được đo theo đường thẳng. Khoảng cách di chuyển thực sự có thể khác.', 'Tôi có thể làm gì ở Cara Hostel & Spa?': 'Cara Hostel & Spa có những hoạt động/dịch vụ sau (có thể áp dụng phí): Trung tâm Spa & chăm sóc sức khoẻMassage, Câu lạc bộ trẻ em, Dịch Vụ Làm Đẹp, Chăm sóc da mặt, Dịch vụ trang điểm, Chăm sóc tóc, Tạo kiểu tóc, Trị Liệu Cơ Thể, Tẩy tế bào chết toàn thân, Tiện Nghi Spa, Khu vực thư giãn/spa lounge, Dịch vụ ngâm chân, Gói spa/chăm sóc sức khỏe, Mát-xa lưng, Mát-xa cổ, Mát-xa chân, Mát-xa dành cho cặp đôi, Mát-xa đầu, Mát-xa tay, Mát-xa toàn thân, Ghế mát-xa', 'Cara Hostel & Spa có những loại phòng nào?': 'Lựa chọn phòng tại Cara Hostel & Spa bao gồm: Phòng giường đôi, Phòng 4 người, Phòng giường đôi/2 giường đơn', 'Cara Hostel & Spa có giờ nhận và trả phòng như thế nào?': 'Cara Hostel & Spa có giờ nhận phòng từ 12:30 và giờ trả phòng trước 12:00.', 'Cara Hostel & Spa có phổ biến với các gia đình không?': 'Có, Cara Hostel & Spa khá phổ biến đối với khách đặt kỳ nghỉ gia đình.'}"
https://www.booking.com/hotel/vn/le-coquelicot-homestay-nguyen-can-sdt-0337037654.vi.html,"{'Chi phí nghỉ tại Vườn Lan Homestay Nguyên Căn SĐT 0337-037-654 là bao nhiêu?': 'Giá tại Vườn Lan Homestay Nguyên Căn SĐ, T 0337-037-654 có thể khác nhau tùy vào kỳ nghỉ của bạn (ví dụ: ngày bạn chọn, chính sách khách sạn,v.v.). Vui lòng xem giá bằng cách nhập ngày của bạn.', 'Vườn Lan Homestay Nguyên Căn SĐT 0337-037-654 có phổ biến với các gia đình không?': 'Có, Vườn Lan Homestay Nguyên Căn SĐ, T 0337-037-654 khá phổ biến đối với khách đặt kỳ nghỉ gia đình.', 'Bao nhiêu khách có thể lưu trú tại Vườn Lan Homestay Nguyên Căn SĐT 0337-037-654?': 'Vườn Lan Homestay Nguyên Căn SĐ, T 0337-037-654 có thể tiếp đón nhóm có số lượng như sau: 12 khách\n\nĐể biết thêm thông tin, vui lòng kiểm tra chi tiết (các) lựa chọn chỗ nghỉ ở trang này.', 'Vườn Lan Homestay Nguyên Căn SĐT 0337-037-654 cách trung tâm Đà Lạt bao xa?': 'Vườn Lan Homestay Nguyên Căn SĐ, T 0337-037-654 cách trung tâm Đà Lạt 2,5 km.\nTất cả khoảng cách được đo theo đường thẳng. Khoảng cách di chuyển thực sự có thể khác.', 'Vườn Lan Homestay Nguyên Căn SĐT 0337-037-654 có bao nhiêu phòng ngủ?': 'Vườn Lan Homestay Nguyên Căn SĐ, T 0337-037-654 có số lượng phòng ngủ như sau: 4 phòng ngủ\n\nĐể biết thêm thông tin, vui lòng kiểm tra chi tiết (các) lựa chọn chỗ nghỉ ở trang này.', 'Vườn Lan Homestay Nguyên Căn SĐT 0337-037-654 có bể sục cho khách không?': 'Chỗ nghỉ có bể sục. Bạn có thể tìm hiểu thêm về điều này và các tiện nghi khác tại Vườn Lan Homestay Nguyên Căn SĐ, T 0337-037-654 trên trang này.', 'Vườn Lan Homestay Nguyên Căn SĐT 0337-037-654 có giờ nhận và trả phòng như thế nào?': 'Vườn Lan Homestay Nguyên Căn SĐ, T 0337-037-654 có giờ nhận phòng từ 14:00 và giờ trả phòng trước 11:00.', 'Vườn Lan Homestay Nguyên Căn SĐT 0337-037-654 có hồ bơi riêng cho khách lưu trú không?': 'Chỗ nghỉ có hồ bơi riêng. Bạn có thể tìm hiểu thêm về điều này và các tiện nghi khác tại Vườn Lan Homestay Nguyên Căn SĐ, T 0337-037-654 trên trang này.', 'Vườn Lan Homestay Nguyên Căn SĐT 0337-037-654 có ban công không?': 'Có, nhiều lựa chọn tại chỗ nghỉ này có ban công. Bạn có thể tìm hiểu thêm về điều này và các tiện nghi khác tại Vườn Lan Homestay Nguyên Căn SĐ, T 0337-037-654 trên trang này.', 'Tôi có thể làm gì ở Vườn Lan Homestay Nguyên Căn SĐT 0337-037-654?': 'Vườn Lan Homestay Nguyên Căn SĐ, T 0337-037-654 có những hoạt động/dịch vụ sau (có thể áp dụng phí): Bồn tắm nóng/bể sục (Jacuzzi)Phòng xông hơi, Bida, Bóng bàn, Sân tennis, Sòng bạc, Phi tiêu, Giải trí buổi tối, Phòng tắm nắng, Tour đi xe đạp, Triển lãm tranh đương đại, Thiết bị dành cho cầu lông, Lớp dạy nấu ăn, Sự kiện thể thao (truyền hình trực tiếp)Đêm phim, Cho thuê xe đạp, Giờ vàng, Bắn cung, Nhảy/khám phá bar, Vũ trường/D, J, Biểu diễn/nhạc sống, Bingo, Hài độc thoại, Thiết bị dành cho tennis, Bữa tối theo chủ đề, Thể dục nhịp điệu (aerobic)Tour đi bộ, Tour/lớp về văn hóa địa phương', 'Vườn Lan Homestay Nguyên Căn SĐT 0337-037-654 có sân hiên không?': 'Có, nhiều lựa chọn tại chỗ nghỉ này có sân hiên. Bạn có thể tìm hiểu thêm về điều này và các tiện nghi khác tại Vườn Lan Homestay Nguyên Căn SĐ, T 0337-037-654 trên trang này.'}"
https://www.booking.com/hotel/vn/cslt-bao-dang-dalat.vi.html,"{'Hoa Dang Hotel có giờ nhận và trả phòng như thế nào?': 'Hoa Dang Hotel có giờ nhận phòng từ 14:00 và giờ trả phòng trước 12:00.', 'Hoa Dang Hotel cách trung tâm Đà Lạt bao xa?': 'Hoa Dang Hotel cách trung tâm Đà Lạt 1 km.\nTất cả khoảng cách được đo theo đường thẳng. Khoảng cách di chuyển thực sự có thể khác.', 'Hoa Dang Hotel có ban công không?': 'Có, nhiều lựa chọn tại chỗ nghỉ này có ban công. Bạn có thể tìm hiểu thêm về điều này và các tiện nghi khác tại Hoa Dang Hotel trên trang này.', 'Hoa Dang Hotel có bao nhiêu phòng ngủ?': 'Hoa Dang Hotel có số lượng phòng ngủ như sau: 1 phòng ngủ\n\nĐể biết thêm thông tin, vui lòng kiểm tra chi tiết (các) lựa chọn chỗ nghỉ ở trang này.', 'Hoa Dang Hotel có phổ biến với các gia đình không?': 'Có, Hoa Dang Hotel khá phổ biến đối với khách đặt kỳ nghỉ gia đình.', 'Chi phí nghỉ tại Hoa Dang Hotel là bao nhiêu?': 'Giá tại Hoa Dang Hotel có thể khác nhau tùy vào kỳ nghỉ của bạn (ví dụ: ngày bạn chọn, chính sách khách sạn,v.v.). Vui lòng xem giá bằng cách nhập ngày của bạn.', 'Bao nhiêu khách có thể lưu trú tại Hoa Dang Hotel?': 'Hoa Dang Hotel có thể tiếp đón nhóm có số lượng như sau: 2 khách\n\nĐể biết thêm thông tin, vui lòng kiểm tra chi tiết (các) lựa chọn chỗ nghỉ ở trang này.', 'Tôi có thể làm gì ở Hoa Dang Hotel?': 'Hoa Dang Hotel có những hoạt động/dịch vụ sau (có thể áp dụng phí): Cho thuê xe đạp'}"
https://www.booking.com/hotel/vn/the-kadupul-homecation.vi.html,"{'Tôi có thể làm gì ở The Kadupul Homecation?': 'The Kadupul Homecation có những hoạt động/dịch vụ sau (có thể áp dụng phí):', 'The Kadupul Homecation cách trung tâm Đà Lạt bao xa?': 'The Kadupul Homecation cách trung tâm Đà Lạt 1,1 km.\nTất cả khoảng cách được đo theo đường thẳng. Khoảng cách di chuyển thực sự có thể khác.', 'The Kadupul Homecation có phục vụ dạng bữa sáng nào?': 'Khách lưu trú tại The Kadupul Homecation có thể tận hưởng bữa sáng được đánh giá cao trong kỳ nghỉ của họ (điểm đánh giá của khách: 9.2)\n\nLựa chọn bữa sáng bao gồm: Kiểu lục địa, Thực đơn chay, Thực đơn chay không trứng, sữa, Kiêng Gluten, Kiểu Á, Gọi món (à la carte)', 'Chi phí nghỉ tại The Kadupul Homecation là bao nhiêu?': 'Giá tại The Kadupul Homecation có thể khác nhau tùy vào kỳ nghỉ của bạn (ví dụ: ngày bạn chọn, chính sách khách sạn,v.v.). Vui lòng xem giá bằng cách nhập ngày của bạn.', 'The Kadupul Homecation có những loại phòng nào?': 'Lựa chọn phòng tại The Kadupul Homecation bao gồm: Phòng giường đôi, Phòng gia đình, Phòng 4 người, Phòng 3 người, Studio', 'The Kadupul Homecation có giờ nhận và trả phòng như thế nào?': 'The Kadupul Homecation có giờ nhận phòng từ 14:00 và giờ trả phòng trước 12:00.'}"
https://www.booking.com/hotel/vn/senso-house-thanh-pho-da-lat.vi.html,"{'Tôi có thể làm gì ở SenSo House?': 'Sen, So House có những hoạt động/dịch vụ sau (có thể áp dụng phí):', 'Chi phí nghỉ tại SenSo House là bao nhiêu?': 'Giá tại Sen, So House có thể khác nhau tùy vào kỳ nghỉ của bạn (ví dụ: ngày bạn chọn, chính sách khách sạn,v.v.). Vui lòng xem giá bằng cách nhập ngày của bạn.', 'SenSo House có những loại phòng nào?': 'Lựa chọn phòng tại Sen, So House bao gồm: Phòng giường đôi, Phòng gia đình', 'SenSo House có giờ nhận và trả phòng như thế nào?': 'Sen, So House có giờ nhận phòng từ 14:00 và giờ trả phòng trước 12:00.', 'SenSo House cách trung tâm Đà Lạt bao xa?': 'Sen, So House cách trung tâm Đà Lạt 350 m.\nTất cả khoảng cách được đo theo đường thẳng. Khoảng cách di chuyển thực sự có thể khác.'}"
https://www.booking.com/hotel/vn/nhat-nguyen-thanh-pho-da-lat.vi.html,"{'Nhật Nguyên Hotel có những loại phòng nào?': 'Lựa chọn phòng tại Nhật Nguyên Hotel bao gồm: Phòng 3 người, Phòng giường đôi, Phòng giường đôi/2 giường đơn, Phòng 2 giường đơn Studio', 'Nhật Nguyên Hotel cách trung tâm Đà Lạt bao xa?': 'Nhật Nguyên Hotel cách trung tâm Đà Lạt 500 m.\nTất cả khoảng cách được đo theo đường thẳng. Khoảng cách di chuyển thực sự có thể khác.', 'Nhật Nguyên Hotel có giờ nhận và trả phòng như thế nào?': 'Nhật Nguyên Hotel có giờ nhận phòng từ 14:00 và giờ trả phòng trước 12:00.', 'Tôi có thể làm gì ở Nhật Nguyên Hotel?': 'Nhật Nguyên Hotel có những hoạt động/dịch vụ sau (có thể áp dụng phí): Cho thuê xe đạp', 'Chi phí nghỉ tại Nhật Nguyên Hotel là bao nhiêu?': 'Giá tại Nhật Nguyên Hotel có thể khác nhau tùy vào kỳ nghỉ của bạn (ví dụ: ngày bạn chọn, chính sách khách sạn,v.v.). Vui lòng xem giá bằng cách nhập ngày của bạn.'}"
https://www.booking.com/hotel/vn/pine-tree-homestay.vi.html,"{'Tôi có thể làm gì ở Pine Tree Homestay?': 'Pine Tree Homestay có những hoạt động/dịch vụ sau (có thể áp dụng phí):', 'Pine Tree Homestay cách trung tâm Ấp Ða Thiên bao xa?': 'Pine Tree Homestay cách trung tâm Ấp Ða Thiên 600 m.\nTất cả khoảng cách được đo theo đường thẳng. Khoảng cách di chuyển thực sự có thể khác.', 'Pine Tree Homestay có giờ nhận và trả phòng như thế nào?': 'Pine Tree Homestay có giờ nhận phòng từ 14:00 và giờ trả phòng trước 12:00.', 'Chi phí nghỉ tại Pine Tree Homestay là bao nhiêu?': 'Giá tại Pine Tree Homestay có thể khác nhau tùy vào kỳ nghỉ của bạn (ví dụ: ngày bạn chọn, chính sách khách sạn,v.v.). Vui lòng xem giá bằng cách nhập ngày của bạn.'}"
https://www.booking.com/hotel/vn/queen-villa-1-dl-by-bay-luxury.vi.html,"{'Tôi có thể làm gì ở Queen Villa 1 DL - by BAY LUXURY?': 'Queen Villa 1 D, L - by B, A, Y L, U, X, U, R, Y có những hoạt động/dịch vụ sau (có thể áp dụng phí):', 'Queen Villa 1 DL - by BAY LUXURY cách trung tâm Ấp Xuân An bao xa?': 'Queen Villa 1 D, L - by B, A, Y L, U, X, U, R, Y cách trung tâm Ấp Xuân An 650 m.\nTất cả khoảng cách được đo theo đường thẳng. Khoảng cách di chuyển thực sự có thể khác.', 'Chi phí nghỉ tại Queen Villa 1 DL - by BAY LUXURY là bao nhiêu?': 'Giá tại Queen Villa 1 D, L - by B, A, Y L, U, X, U, R, Y có thể khác nhau tùy vào kỳ nghỉ của bạn (ví dụ: ngày bạn chọn, chính sách khách sạn,v.v.). Vui lòng xem giá bằng cách nhập ngày của bạn.', 'Queen Villa 1 DL - by BAY LUXURY có giờ nhận và trả phòng như thế nào?': 'Queen Villa 1 D, L - by B, A, Y L, U, X, U, R, Y có giờ nhận phòng từ 14:00 và giờ trả phòng trước 13:00.'}"
https://www.booking.com/hotel/vn/h-long-thanh-pho-da-lat1.vi.html,"{'Tôi có thể làm gì ở H-Long Dalat Central?': 'H-Long Dalat Central có những hoạt động/dịch vụ sau (có thể áp dụng phí): Xe đạp, Cho thuê xe đạp', 'H-Long Dalat Central có những loại phòng nào?': 'Lựa chọn phòng tại H-Long Dalat Central bao gồm: Phòng gia đình, Phòng giường đôi, Phòng 3 người', 'H-Long Dalat Central cách trung tâm Đà Lạt bao xa?': 'H-Long Dalat Central cách trung tâm Đà Lạt 750 m.\nTất cả khoảng cách được đo theo đường thẳng. Khoảng cách di chuyển thực sự có thể khác.', 'H-Long Dalat Central có giờ nhận và trả phòng như thế nào?': 'H-Long Dalat Central có giờ nhận phòng từ 14:00 và giờ trả phòng trước 12:00.', 'Chi phí nghỉ tại H-Long Dalat Central là bao nhiêu?': 'Giá tại H-Long Dalat Central có thể khác nhau tùy vào kỳ nghỉ của bạn (ví dụ: ngày bạn chọn, chính sách khách sạn,v.v.). Vui lòng xem giá bằng cách nhập ngày của bạn.'}"
https://www.booking.com/hotel/vn/bb-house-da-lat.vi.html,"{'BB House Hotel Đà Lạt có những loại phòng nào?': 'Lựa chọn phòng tại B, B House Hotel Đà Lạt bao gồm: Phòng 4 người, Studio, Phòng giường đôi', 'BB House Hotel Đà Lạt có giờ nhận và trả phòng như thế nào?': 'B, B House Hotel Đà Lạt có giờ nhận phòng từ 14:00 và giờ trả phòng trước 12:00.', 'Chi phí nghỉ tại BB House Hotel Đà Lạt là bao nhiêu?': 'Giá tại B, B House Hotel Đà Lạt có thể khác nhau tùy vào kỳ nghỉ của bạn (ví dụ: ngày bạn chọn, chính sách khách sạn,v.v.). Vui lòng xem giá bằng cách nhập ngày của bạn.', 'Tôi có thể làm gì ở BB House Hotel Đà Lạt?': 'B, B House Hotel Đà Lạt có những hoạt động/dịch vụ sau (có thể áp dụng phí): Bida, Bowling, Sân tennis, Sân gôn (trong vòng 3km)', 'BB House Hotel Đà Lạt cách trung tâm Đà Lạt bao xa?': 'B, B House Hotel Đà Lạt cách trung tâm Đà Lạt 850 m.\nTất cả khoảng cách được đo theo đường thẳng. Khoảng cách di chuyển thực sự có thể khác.'}"
https://www.booking.com/hotel/vn/my-lan-thanh-pho-da-lat1.vi.html,"{'Mỹ Lan hotel có bao nhiêu phòng ngủ?': 'Mỹ Lan hotel có số lượng phòng ngủ như sau: 1 phòng ngủ\n\nĐể biết thêm thông tin, vui lòng kiểm tra chi tiết (các) lựa chọn chỗ nghỉ ở trang này.', 'Mỹ Lan hotel có sân hiên không?': 'Có, nhiều lựa chọn tại chỗ nghỉ này có sân hiên. Bạn có thể tìm hiểu thêm về điều này và các tiện nghi khác tại Mỹ Lan hotel trên trang này.', 'Chi phí nghỉ tại Mỹ Lan hotel là bao nhiêu?': 'Giá tại Mỹ Lan hotel có thể khác nhau tùy vào kỳ nghỉ của bạn (ví dụ: ngày bạn chọn, chính sách khách sạn,v.v.). Vui lòng xem giá bằng cách nhập ngày của bạn.', 'Mỹ Lan hotel cách trung tâm Đà Lạt bao xa?': 'Mỹ Lan hotel cách trung tâm Đà Lạt 400 m.\nTất cả khoảng cách được đo theo đường thẳng. Khoảng cách di chuyển thực sự có thể khác.', 'Tôi có thể làm gì ở Mỹ Lan hotel?': 'Mỹ Lan hotel có những hoạt động/dịch vụ sau (có thể áp dụng phí): Đi bộ đường dài, Sân gôn (trong vòng 3km)Tour đi xe đạp, Tour/lớp về văn hóa địa phương', 'Bao nhiêu khách có thể lưu trú tại Mỹ Lan hotel?': 'Mỹ Lan hotel có thể tiếp đón nhóm có số lượng như sau: 2 khách\n\nĐể biết thêm thông tin, vui lòng kiểm tra chi tiết (các) lựa chọn chỗ nghỉ ở trang này.', 'Mỹ Lan hotel có phổ biến với các gia đình không?': 'Có, Mỹ Lan hotel khá phổ biến đối với khách đặt kỳ nghỉ gia đình.', 'Mỹ Lan hotel có ban công không?': 'Có, nhiều lựa chọn tại chỗ nghỉ này có ban công. Bạn có thể tìm hiểu thêm về điều này và các tiện nghi khác tại Mỹ Lan hotel trên trang này.', 'Mỹ Lan hotel có giờ nhận và trả phòng như thế nào?': 'Mỹ Lan hotel có giờ nhận phòng từ 14:00 và giờ trả phòng trước 12:00.'}"
https://www.booking.com/hotel/vn/trang-anh.vi.html,"{'Anh Trang Homestay có giờ nhận và trả phòng như thế nào?': 'Anh Trang Homestay có giờ nhận phòng từ 12:00 và giờ trả phòng trước 12:00.', 'Tôi có thể làm gì ở Anh Trang Homestay?': 'Anh Trang Homestay có những hoạt động/dịch vụ sau (có thể áp dụng phí): Xe đạp, Sân chơi trẻ em, Sân gôn (trong vòng 3km)Giải trí buổi tối, Thiết bị dành cho tennis, Bữa tối theo chủ đề, Sự kiện thể thao (truyền hình trực tiếp)Tour đi bộ, Thiết bị dành cho cầu lông, Tour/lớp về văn hóa địa phương, Cho thuê xe đạp, Tour đi xe đạp', 'Anh Trang Homestay cách trung tâm Đà Lạt bao xa?': 'Anh Trang Homestay cách trung tâm Đà Lạt 1 km.\nTất cả khoảng cách được đo theo đường thẳng. Khoảng cách di chuyển thực sự có thể khác.', 'Chi phí nghỉ tại Anh Trang Homestay là bao nhiêu?': 'Giá tại Anh Trang Homestay có thể khác nhau tùy vào kỳ nghỉ của bạn (ví dụ: ngày bạn chọn, chính sách khách sạn,v.v.). Vui lòng xem giá bằng cách nhập ngày của bạn.'}"
https://www.booking.com/hotel/vn/da-lan.vi.html,"{'DẠ LAN HOTEL có những loại phòng nào?': 'Lựa chọn phòng tại DẠ L, A, N H, O, T, E, L bao gồm: Phòng giường đôi, Phòng 4 người', 'DẠ LAN HOTEL có giờ nhận và trả phòng như thế nào?': 'DẠ L, A, N H, O, T, E, L có giờ nhận phòng từ 14:00 và giờ trả phòng trước 12:00.', 'DẠ LAN HOTEL cách trung tâm Đà Lạt bao xa?': 'DẠ L, A, N H, O, T, E, L cách trung tâm Đà Lạt 200 m.\nTất cả khoảng cách được đo theo đường thẳng. Khoảng cách di chuyển thực sự có thể khác.', 'Tôi có thể làm gì ở DẠ LAN HOTEL?': 'DẠ L, A, N H, O, T, E, L có những hoạt động/dịch vụ sau (có thể áp dụng phí): Sân gôn (trong vòng 3km)', 'Chi phí nghỉ tại DẠ LAN HOTEL là bao nhiêu?': 'Giá tại DẠ L, A, N H, O, T, E, L có thể khác nhau tùy vào kỳ nghỉ của bạn (ví dụ: ngày bạn chọn, chính sách khách sạn,v.v.). Vui lòng xem giá bằng cách nhập ngày của bạn.'}"
https://www.booking.com/hotel/vn/an-vy-thanh-pho-da-lat2.vi.html,"{'An Vy Hotel có những loại phòng nào?': 'Lựa chọn phòng tại An Vy Hotel bao gồm: Phòng giường đôi, Phòng gia đình', 'Chi phí nghỉ tại An Vy Hotel là bao nhiêu?': 'Giá tại An Vy Hotel có thể khác nhau tùy vào kỳ nghỉ của bạn (ví dụ: ngày bạn chọn, chính sách khách sạn,v.v.). Vui lòng xem giá bằng cách nhập ngày của bạn.', 'An Vy Hotel có giờ nhận và trả phòng như thế nào?': 'An Vy Hotel có giờ nhận phòng từ 14:00 và giờ trả phòng trước 12:00.', 'Tôi có thể làm gì ở An Vy Hotel?': 'An Vy Hotel có những hoạt động/dịch vụ sau (có thể áp dụng phí):', 'An Vy Hotel cách trung tâm Đà Lạt bao xa?': 'An Vy Hotel cách trung tâm Đà Lạt 2,2 km.\nTất cả khoảng cách được đo theo đường thẳng. Khoảng cách di chuyển thực sự có thể khác.', 'An Vy Hotel có phổ biến với các gia đình không?': 'Có, An Vy Hotel khá phổ biến đối với khách đặt kỳ nghỉ gia đình.'}"
https://www.booking.com/hotel/vn/ngoi-lang-co-77.vi.html,"{'Ngôi Làng Cổ 77 Hoàng Diệu cách trung tâm Đà Lạt bao xa?': 'Ngôi Làng Cổ 77 Hoàng Diệu cách trung tâm Đà Lạt 1,3 km.\nTất cả khoảng cách được đo theo đường thẳng. Khoảng cách di chuyển thực sự có thể khác.', 'Tôi có thể làm gì ở Ngôi Làng Cổ 77 Hoàng Diệu?': 'Ngôi Làng Cổ 77 Hoàng Diệu có những hoạt động/dịch vụ sau (có thể áp dụng phí):', 'Chi phí nghỉ tại Ngôi Làng Cổ 77 Hoàng Diệu là bao nhiêu?': 'Giá tại Ngôi Làng Cổ 77 Hoàng Diệu có thể khác nhau tùy vào kỳ nghỉ của bạn (ví dụ: ngày bạn chọn, chính sách khách sạn,v.v.). Vui lòng xem giá bằng cách nhập ngày của bạn.', 'Ngôi Làng Cổ 77 Hoàng Diệu có giờ nhận và trả phòng như thế nào?': 'Ngôi Làng Cổ 77 Hoàng Diệu có giờ nhận phòng từ 14:30 và giờ trả phòng trước 12:30.', 'Ngôi Làng Cổ 77 Hoàng Diệu có những loại phòng nào?': 'Lựa chọn phòng tại Ngôi Làng Cổ 77 Hoàng Diệu bao gồm: Phòng giường đôi, Phòng 2 giường đơn '}"
https://www.booking.com/hotel/vn/thai-thanh.vi.html,"{'Thái Thanh có phổ biến với các gia đình không?': 'Có, Thái Thanh khá phổ biến đối với khách đặt kỳ nghỉ gia đình.', 'Thái Thanh cách trung tâm Đà Lạt bao xa?': 'Thái Thanh cách trung tâm Đà Lạt 450 m.\nTất cả khoảng cách được đo theo đường thẳng. Khoảng cách di chuyển thực sự có thể khác.', 'Tôi có thể làm gì ở Thái Thanh?': 'Thái Thanh có những hoạt động/dịch vụ sau (có thể áp dụng phí):', 'Thái Thanh có giờ nhận và trả phòng như thế nào?': 'Thái Thanh có giờ nhận phòng từ 13:00 và giờ trả phòng trước 11:30.', 'Thái Thanh có những loại phòng nào?': 'Lựa chọn phòng tại Thái Thanh bao gồm: Phòng giường đôi, Phòng 4 người, Phòng gia đình', 'Chi phí nghỉ tại Thái Thanh là bao nhiêu?': 'Giá tại Thái Thanh có thể khác nhau tùy vào kỳ nghỉ của bạn (ví dụ: ngày bạn chọn, chính sách khách sạn,v.v.). Vui lòng xem giá bằng cách nhập ngày của bạn.'}"
https://www.booking.com/hotel/vn/bin-bin-phuc-amp-restaurant.vi.html,"{'Chi phí nghỉ tại BinBin Phúc Dalat Hotel là bao nhiêu?': 'Giá tại Bin, Bin Phúc Dalat Hotel có thể khác nhau tùy vào kỳ nghỉ của bạn (ví dụ: ngày bạn chọn, chính sách khách sạn,v.v.). Vui lòng xem giá bằng cách nhập ngày của bạn.', 'BinBin Phúc Dalat Hotel cách trung tâm Đà Lạt bao xa?': 'Bin, Bin Phúc Dalat Hotel cách trung tâm Đà Lạt 5 km.\nTất cả khoảng cách được đo theo đường thẳng. Khoảng cách di chuyển thực sự có thể khác.', 'BinBin Phúc Dalat Hotel có những loại phòng nào?': 'Lựa chọn phòng tại Bin, Bin Phúc Dalat Hotel bao gồm: Phòng 2 giường đơn Phòng giường đôi, Phòng 3 người, Phòng gia đình', 'BinBin Phúc Dalat Hotel có giờ nhận và trả phòng như thế nào?': 'Bin, Bin Phúc Dalat Hotel có giờ nhận phòng từ 14:00 và giờ trả phòng trước 12:00.', 'Tôi có thể làm gì ở BinBin Phúc Dalat Hotel?': 'Bin, Bin Phúc Dalat Hotel có những hoạt động/dịch vụ sau (có thể áp dụng phí): Trung tâm Spa & chăm sóc sức khoẻMassage, Karaoke, Mát-xa cổ, Gói spa/chăm sóc sức khỏe, Mát-xa toàn thân, Tiện Nghi Spa, Mát-xa đầu, Mát-xa lưng, Mát-xa chân, Mát-xa tay', 'BinBin Phúc Dalat Hotel có nhà hàng trong khuôn viên không?': 'Bin, Bin Phúc Dalat Hotel có 2 nhà hàng: Restaurant #2Bin Bin Restaurant', 'BinBin Phúc Dalat Hotel có phổ biến với các gia đình không?': 'Có, Bin, Bin Phúc Dalat Hotel khá phổ biến đối với khách đặt kỳ nghỉ gia đình.'}"
https://www.booking.com/hotel/vn/ha-khoa.vi.html,"{'Ha Khoa Hotel Dalat có những loại phòng nào?': 'Lựa chọn phòng tại Ha Khoa Hotel Dalat bao gồm: Phòng giường đôi, Phòng 2 giường đơn Phòng gia đình', 'Chi phí nghỉ tại Ha Khoa Hotel Dalat là bao nhiêu?': 'Giá tại Ha Khoa Hotel Dalat có thể khác nhau tùy vào kỳ nghỉ của bạn (ví dụ: ngày bạn chọn, chính sách khách sạn,v.v.). Vui lòng xem giá bằng cách nhập ngày của bạn.', 'Ha Khoa Hotel Dalat có giờ nhận và trả phòng như thế nào?': 'Ha Khoa Hotel Dalat có giờ nhận phòng từ 14:00 và giờ trả phòng trước 12:00.', 'Ha Khoa Hotel Dalat cách trung tâm Đà Lạt bao xa?': 'Ha Khoa Hotel Dalat cách trung tâm Đà Lạt 1,5 km.\nTất cả khoảng cách được đo theo đường thẳng. Khoảng cách di chuyển thực sự có thể khác.', 'Tôi có thể làm gì ở Ha Khoa Hotel Dalat?': 'Ha Khoa Hotel Dalat có những hoạt động/dịch vụ sau (có thể áp dụng phí): Xe đạp, Sân tennis, Sân gôn (trong vòng 3km)Thiết bị dành cho tennis, Sự kiện thể thao (truyền hình trực tiếp)Cưỡi ngựa, Cho thuê xe đạp'}"
https://www.booking.com/hotel/vn/me-lieus-house.vi.html,"{""Bao nhiêu khách có thể lưu trú tại Mệ Liệu's House?"": ""Mệ Liệu's House có thể tiếp đón nhóm có số lượng như sau: 16 khách\n\nĐể biết thêm thông tin, vui lòng kiểm tra chi tiết (các) lựa chọn chỗ nghỉ ở trang này."", ""Tôi có thể làm gì ở Mệ Liệu's House?"": ""Mệ Liệu's House có những hoạt động/dịch vụ sau (có thể áp dụng phí): Phòng xông hơi, Phòng chơi game, Karaoke, Giải trí buổi tối, Tour đi bộ"", ""Mệ Liệu's House có ban công không?"": ""Có, nhiều lựa chọn tại chỗ nghỉ này có ban công. Bạn có thể tìm hiểu thêm về điều này và các tiện nghi khác tại Mệ Liệu's House trên trang này."", ""Mệ Liệu's House có phổ biến với các gia đình không?"": ""Có, Mệ Liệu's House khá phổ biến đối với khách đặt kỳ nghỉ gia đình."", ""Mệ Liệu's House có bao nhiêu phòng ngủ?"": ""Mệ Liệu's House có số lượng phòng ngủ như sau: 4 phòng ngủ\n\nĐể biết thêm thông tin, vui lòng kiểm tra chi tiết (các) lựa chọn chỗ nghỉ ở trang này."", ""Mệ Liệu's House cách trung tâm Đà Lạt bao xa?"": ""Mệ Liệu's House cách trung tâm Đà Lạt 2,9 km.\nTất cả khoảng cách được đo theo đường thẳng. Khoảng cách di chuyển thực sự có thể khác."", ""Chi phí nghỉ tại Mệ Liệu's House là bao nhiêu?"": ""Giá tại Mệ Liệu's House có thể khác nhau tùy vào kỳ nghỉ của bạn (ví dụ: ngày bạn chọn, chính sách khách sạn,v.v.). Vui lòng xem giá bằng cách nhập ngày của bạn."", ""Mệ Liệu's House có sân hiên không?"": ""Có, nhiều lựa chọn tại chỗ nghỉ này có sân hiên. Bạn có thể tìm hiểu thêm về điều này và các tiện nghi khác tại Mệ Liệu's House trên trang này."", ""Mệ Liệu's House có giờ nhận và trả phòng như thế nào?"": ""Mệ Liệu's House có giờ nhận phòng từ 13:00 và giờ trả phòng trước 23:30.""}"
https://www.booking.com/hotel/vn/gia-tien.vi.html,"{'Nhà nghỉ Gia Tiến có giờ nhận và trả phòng như thế nào?': 'Nhà nghỉ Gia Tiến có giờ nhận phòng từ 12:30 và giờ trả phòng trước 11:30.', 'Chi phí nghỉ tại Nhà nghỉ Gia Tiến là bao nhiêu?': 'Giá tại Nhà nghỉ Gia Tiến có thể khác nhau tùy vào kỳ nghỉ của bạn (ví dụ: ngày bạn chọn, chính sách khách sạn,v.v.). Vui lòng xem giá bằng cách nhập ngày của bạn.', 'Nhà nghỉ Gia Tiến cách trung tâm Đà Lạt bao xa?': 'Nhà nghỉ Gia Tiến cách trung tâm Đà Lạt 800 m.\nTất cả khoảng cách được đo theo đường thẳng. Khoảng cách di chuyển thực sự có thể khác.', 'Tôi có thể làm gì ở Nhà nghỉ Gia Tiến?': 'Nhà nghỉ Gia Tiến có những hoạt động/dịch vụ sau (có thể áp dụng phí): Sân gôn (trong vòng 3km)'}"
https://www.booking.com/hotel/vn/sandals-lily.vi.html,"{'Chi phí nghỉ tại Sandals Lily Hotel là bao nhiêu?': 'Giá tại Sandals Lily Hotel có thể khác nhau tùy vào kỳ nghỉ của bạn (ví dụ: ngày bạn chọn, chính sách khách sạn,v.v.). Vui lòng xem giá bằng cách nhập ngày của bạn.', 'Sandals Lily Hotel có nhà hàng trong khuôn viên không?': 'Sandals Lily Hotel có 2 nhà hàng: Nhà hàng Paradise, Nhà hàng V, I, P', 'Sandals Lily Hotel có những loại phòng nào?': 'Lựa chọn phòng tại Sandals Lily Hotel bao gồm: Phòng giường đôi, Phòng 2 giường đơn Suite, Căn hộ', 'Sandals Lily Hotel có giờ nhận và trả phòng như thế nào?': 'Sandals Lily Hotel có giờ nhận phòng từ 14:00 và giờ trả phòng trước 12:00.', 'Tôi có thể làm gì ở Sandals Lily Hotel?': 'Sandals Lily Hotel có những hoạt động/dịch vụ sau (có thể áp dụng phí): Trung tâm Spa & chăm sóc sức khoẻTrung tâm thể dục, Phòng xông hơi, Massage, Mát-xa lưng, Phòng gửi đồ ở spa/gym, Mát-xa đầu, Khu vực thư giãn/spa lounge, Mát-xa chân, Tiện Nghi Spa, Mát-xa toàn thân, Gói spa/chăm sóc sức khỏe, Mát-xa cổ, Mát-xa tay, Mát-xa dành cho cặp đôi, Phòng gym', 'Sandals Lily Hotel cách trung tâm Đà Lạt bao xa?': 'Sandals Lily Hotel cách trung tâm Đà Lạt 250 m.\nTất cả khoảng cách được đo theo đường thẳng. Khoảng cách di chuyển thực sự có thể khác.'}"
https://www.booking.com/hotel/vn/lach-flower.vi.html,"{'Lạch Flower Đà Lạt có phổ biến với các gia đình không?': 'Có, Lạch Flower Đà Lạt khá phổ biến đối với khách đặt kỳ nghỉ gia đình.', 'Chi phí nghỉ tại Lạch Flower Đà Lạt là bao nhiêu?': 'Giá tại Lạch Flower Đà Lạt có thể khác nhau tùy vào kỳ nghỉ của bạn (ví dụ: ngày bạn chọn, chính sách khách sạn,v.v.). Vui lòng xem giá bằng cách nhập ngày của bạn.', 'Lạch Flower Đà Lạt có giờ nhận và trả phòng như thế nào?': 'Lạch Flower Đà Lạt có giờ nhận phòng từ 14:00 và giờ trả phòng trước 12:00.', 'Tôi có thể làm gì ở Lạch Flower Đà Lạt?': 'Lạch Flower Đà Lạt có những hoạt động/dịch vụ sau (có thể áp dụng phí): Đi bộ đường dài', 'Lạch Flower Đà Lạt cách trung tâm Đà Lạt bao xa?': 'Lạch Flower Đà Lạt cách trung tâm Đà Lạt 4,5 km.\nTất cả khoảng cách được đo theo đường thẳng. Khoảng cách di chuyển thực sự có thể khác.'}"
https://www.booking.com/hotel/vn/9trip-stay-in-dalat-center-residence.vi.html,"{'9Trip Stay in Dalat Center Residence - 4 Star Service Apartment có bao nhiêu phòng ngủ?': 'Bạn có thể chọn từ nhiều lựa chọn chỗ nghỉ tại 9Trip Stay in Dalat Center Residence - 4 Star Service Apartment (tùy vào tình trạng có sẵn). Những chỗ này có: 1 phòng ngủ2 phòng ngủ3 phòng ngủ\n\nĐể biết thêm thông tin, vui lòng kiểm tra chi tiết (các) lựa chọn chỗ nghỉ ở trang này.', '9Trip Stay in Dalat Center Residence - 4 Star Service Apartment có ban công không?': 'Có, nhiều lựa chọn tại chỗ nghỉ này có ban công. Bạn có thể tìm hiểu thêm về điều này và các tiện nghi khác tại 9Trip Stay in Dalat Center Residence - 4 Star Service Apartment trên trang này.', '9Trip Stay in Dalat Center Residence - 4 Star Service Apartment có giờ nhận và trả phòng như thế nào?': '9Trip Stay in Dalat Center Residence - 4 Star Service Apartment có giờ nhận phòng từ 14:00 và giờ trả phòng trước 12:00.', '9Trip Stay in Dalat Center Residence - 4 Star Service Apartment có phổ biến với các gia đình không?': 'Có, 9Trip Stay in Dalat Center Residence - 4 Star Service Apartment khá phổ biến đối với khách đặt kỳ nghỉ gia đình.', 'Bao nhiêu khách có thể lưu trú tại 9Trip Stay in Dalat Center Residence - 4 Star Service Apartment?': 'Bạn có thể chọn từ nhiều lựa chọn chỗ nghỉ tại 9Trip Stay in Dalat Center Residence - 4 Star Service Apartment (tùy vào tình trạng có sẵn). Những chỗ này có thể tiếp đón: 2 khách4 khách6 khách\n\nĐể biết thêm thông tin, vui lòng kiểm tra chi tiết (các) lựa chọn chỗ nghỉ ở trang này.', 'Tôi có thể làm gì ở 9Trip Stay in Dalat Center Residence - 4 Star Service Apartment?': '9Trip Stay in Dalat Center Residence - 4 Star Service Apartment có những hoạt động/dịch vụ sau (có thể áp dụng phí): Massage, Mát-xa tay, Mát-xa dành cho cặp đôi, Cho thuê xe đạp, Mát-xa lưng, Mát-xa toàn thân, Mát-xa đầu, Mát-xa cổ, Mát-xa chân', '9Trip Stay in Dalat Center Residence - 4 Star Service Apartment cách trung tâm Đà Lạt bao xa?': '9Trip Stay in Dalat Center Residence - 4 Star Service Apartment cách trung tâm Đà Lạt 250 m.\nTất cả khoảng cách được đo theo đường thẳng. Khoảng cách di chuyển thực sự có thể khác.', 'Chi phí nghỉ tại 9Trip Stay in Dalat Center Residence - 4 Star Service Apartment là bao nhiêu?': 'Giá tại 9Trip Stay in Dalat Center Residence - 4 Star Service Apartment có thể khác nhau tùy vào kỳ nghỉ của bạn (ví dụ: ngày bạn chọn, chính sách khách sạn,v.v.). Vui lòng xem giá bằng cách nhập ngày của bạn.'}"
https://www.booking.com/hotel/vn/uncle-park-39-s-villa.vi.html,"{""Uncle Park's Villa Son Trang 엉클팍 cách trung tâm Đà Lạt bao xa?"": ""Uncle Park's Villa Son Trang 엉클팍 cách trung tâm Đà Lạt 3 km.\nTất cả khoảng cách được đo theo đường thẳng. Khoảng cách di chuyển thực sự có thể khác."", ""Tôi có thể làm gì ở Uncle Park's Villa Son Trang 엉클팍?"": ""Uncle Park's Villa Son Trang 엉클팍 có những hoạt động/dịch vụ sau (có thể áp dụng phí):"", ""Uncle Park's Villa Son Trang 엉클팍 có nhà hàng trong khuôn viên không?"": ""Uncle Park's Villa Son Trang 엉클팍 có 1 nhà hàng: Restaurant #1"", ""Uncle Park's Villa Son Trang 엉클팍 có giờ nhận và trả phòng như thế nào?"": ""Uncle Park's Villa Son Trang 엉클팍 có giờ nhận phòng từ 14:00 và giờ trả phòng trước 11:30."", ""Uncle Park's Villa Son Trang 엉클팍 có những loại phòng nào?"": ""Lựa chọn phòng tại Uncle Park's Villa Son Trang 엉클팍 bao gồm: Phòng giường đôi, Phòng 2 giường đơn "", ""Chi phí nghỉ tại Uncle Park's Villa Son Trang 엉클팍 là bao nhiêu?"": ""Giá tại Uncle Park's Villa Son Trang 엉클팍 có thể khác nhau tùy vào kỳ nghỉ của bạn (ví dụ: ngày bạn chọn, chính sách khách sạn,v.v.). Vui lòng xem giá bằng cách nhập ngày của bạn.""}"
https://www.booking.com/hotel/vn/thuy-tien-house.vi.html,"{'Thuỳ Tiên House có giờ nhận và trả phòng như thế nào?': 'Thuỳ Tiên House có giờ nhận phòng từ 09:00 và giờ trả phòng trước 00:00.', 'Tôi có thể làm gì ở Thuỳ Tiên House?': 'Thuỳ Tiên House có những hoạt động/dịch vụ sau (có thể áp dụng phí):', 'Thuỳ Tiên House cách trung tâm Đà Lạt bao xa?': 'Thuỳ Tiên House cách trung tâm Đà Lạt 850 m.\nTất cả khoảng cách được đo theo đường thẳng. Khoảng cách di chuyển thực sự có thể khác.', 'Thuỳ Tiên House có những loại phòng nào?': 'Lựa chọn phòng tại Thuỳ Tiên House bao gồm: Phòng giường đôi/2 giường đơn, Phòng đơn', 'Chi phí nghỉ tại Thuỳ Tiên House là bao nhiêu?': 'Giá tại Thuỳ Tiên House có thể khác nhau tùy vào kỳ nghỉ của bạn (ví dụ: ngày bạn chọn, chính sách khách sạn,v.v.). Vui lòng xem giá bằng cách nhập ngày của bạn.'}"
https://www.booking.com/hotel/vn/lan-manh.vi.html,"{'Tôi có thể làm gì ở Lan Mạnh Hotel?': 'Lan Mạnh Hotel có những hoạt động/dịch vụ sau (có thể áp dụng phí):', 'Lan Mạnh Hotel có giờ nhận và trả phòng như thế nào?': 'Lan Mạnh Hotel có giờ nhận phòng từ 00:00 và giờ trả phòng trước 12:00.', 'Lan Mạnh Hotel có những loại phòng nào?': 'Lựa chọn phòng tại Lan Mạnh Hotel bao gồm: Phòng giường đôi, Phòng gia đình', 'Chi phí nghỉ tại Lan Mạnh Hotel là bao nhiêu?': 'Giá tại Lan Mạnh Hotel có thể khác nhau tùy vào kỳ nghỉ của bạn (ví dụ: ngày bạn chọn, chính sách khách sạn,v.v.). Vui lòng xem giá bằng cách nhập ngày của bạn.', 'Lan Mạnh Hotel cách trung tâm Đà Lạt bao xa?': 'Lan Mạnh Hotel cách trung tâm Đà Lạt 2,2 km.\nTất cả khoảng cách được đo theo đường thẳng. Khoảng cách di chuyển thực sự có thể khác.'}"
https://www.booking.com/hotel/vn/duy-thanh-pho-da-lat.vi.html,"{'Tôi có thể làm gì ở Duy Hotel?': 'Duy Hotel có những hoạt động/dịch vụ sau (có thể áp dụng phí): Karaoke', 'Duy Hotel có những loại phòng nào?': 'Lựa chọn phòng tại Duy Hotel bao gồm: Phòng giường đôi, Phòng giường đôi/2 giường đơn, Phòng gia đình', 'Duy Hotel có giờ nhận và trả phòng như thế nào?': 'Duy Hotel có giờ nhận phòng từ 13:00 và giờ trả phòng trước 11:30.', 'Duy Hotel cách trung tâm Đà Lạt bao xa?': 'Duy Hotel cách trung tâm Đà Lạt 1,9 km.\nTất cả khoảng cách được đo theo đường thẳng. Khoảng cách di chuyển thực sự có thể khác.', 'Chi phí nghỉ tại Duy Hotel là bao nhiêu?': 'Giá tại Duy Hotel có thể khác nhau tùy vào kỳ nghỉ của bạn (ví dụ: ngày bạn chọn, chính sách khách sạn,v.v.). Vui lòng xem giá bằng cách nhập ngày của bạn.'}"
https://www.booking.com/hotel/vn/romance-dalat.vi.html,"{'Chi phí nghỉ tại ROMANCE HOTEL DALAT là bao nhiêu?': 'Giá tại R, O, M, A, N, C, E H, O, T, E, L D, A, L, A, T có thể khác nhau tùy vào kỳ nghỉ của bạn (ví dụ: ngày bạn chọn, chính sách khách sạn,v.v.). Vui lòng xem giá bằng cách nhập ngày của bạn.', 'ROMANCE HOTEL DALAT có phục vụ dạng bữa sáng nào?': 'Khách lưu trú tại R, O, M, A, N, C, E H, O, T, E, L D, A, L, A, T có thể tận hưởng bữa sáng được đánh giá cao trong kỳ nghỉ của họ (điểm đánh giá của khách: 5.0)\n\nLựa chọn bữa sáng bao gồm: Kiểu Á', 'ROMANCE HOTEL DALAT cách trung tâm Đà Lạt bao xa?': 'R, O, M, A, N, C, E H, O, T, E, L D, A, L, A, T cách trung tâm Đà Lạt 2,4 km.\nTất cả khoảng cách được đo theo đường thẳng. Khoảng cách di chuyển thực sự có thể khác.', 'ROMANCE HOTEL DALAT có phổ biến với các gia đình không?': 'Có, R, O, M, A, N, C, E H, O, T, E, L D, A, L, A, T khá phổ biến đối với khách đặt kỳ nghỉ gia đình.', 'ROMANCE HOTEL DALAT có những loại phòng nào?': 'Lựa chọn phòng tại R, O, M, A, N, C, E H, O, T, E, L D, A, L, A, T bao gồm: Phòng giường đôi, Phòng 4 người, Suite', 'ROMANCE HOTEL DALAT có giờ nhận và trả phòng như thế nào?': 'R, O, M, A, N, C, E H, O, T, E, L D, A, L, A, T có giờ nhận phòng từ 12:00 và giờ trả phòng trước 11:30.', 'Tôi có thể làm gì ở ROMANCE HOTEL DALAT?': 'R, O, M, A, N, C, E H, O, T, E, L D, A, L, A, T có những hoạt động/dịch vụ sau (có thể áp dụng phí): Đi bộ đường dài, Tour đi bộ, Tour đi xe đạp'}"
https://www.booking.com/hotel/vn/nang-co-con-vuong-homestay-da-lat-da-lat.vi.html,"{'Nắng Có Còn Vương - Homestay Đà Lạt cách trung tâm Ấp Ða Thiên bao xa?': 'Nắng Có Còn Vương - Homestay Đà Lạt cách trung tâm Ấp Ða Thiên 500 m.\nTất cả khoảng cách được đo theo đường thẳng. Khoảng cách di chuyển thực sự có thể khác.', 'Nắng Có Còn Vương - Homestay Đà Lạt có những loại phòng nào?': 'Lựa chọn phòng tại Nắng Có Còn Vương - Homestay Đà Lạt bao gồm: Phòng giường đôi', 'Tôi có thể làm gì ở Nắng Có Còn Vương - Homestay Đà Lạt?': 'Nắng Có Còn Vương - Homestay Đà Lạt có những hoạt động/dịch vụ sau (có thể áp dụng phí):', 'Chi phí nghỉ tại Nắng Có Còn Vương - Homestay Đà Lạt là bao nhiêu?': 'Giá tại Nắng Có Còn Vương - Homestay Đà Lạt có thể khác nhau tùy vào kỳ nghỉ của bạn (ví dụ: ngày bạn chọn, chính sách khách sạn,v.v.). Vui lòng xem giá bằng cách nhập ngày của bạn.', 'Nắng Có Còn Vương - Homestay Đà Lạt có giờ nhận và trả phòng như thế nào?': 'Nắng Có Còn Vương - Homestay Đà Lạt có giờ nhận phòng từ 14:00 và giờ trả phòng trước 12:00.'}"
https://www.booking.com/hotel/vn/crazy-house.vi.html,"{'Bao nhiêu khách có thể lưu trú tại Crazy House?': 'Crazy House có thể tiếp đón nhóm có số lượng như sau: 2 khách\n\nĐể biết thêm thông tin, vui lòng kiểm tra chi tiết (các) lựa chọn chỗ nghỉ ở trang này.', 'Crazy House có bao nhiêu phòng ngủ?': 'Crazy House có số lượng phòng ngủ như sau: 1 phòng ngủ\n\nĐể biết thêm thông tin, vui lòng kiểm tra chi tiết (các) lựa chọn chỗ nghỉ ở trang này.', 'Crazy House cách trung tâm Đà Lạt bao xa?': 'Crazy House cách trung tâm Đà Lạt 1,1 km.\nTất cả khoảng cách được đo theo đường thẳng. Khoảng cách di chuyển thực sự có thể khác.', 'Chi phí nghỉ tại Crazy House là bao nhiêu?': 'Giá tại Crazy House có thể khác nhau tùy vào kỳ nghỉ của bạn (ví dụ: ngày bạn chọn, chính sách khách sạn,v.v.). Vui lòng xem giá bằng cách nhập ngày của bạn.', 'Crazy House có phổ biến với các gia đình không?': 'Có, Crazy House khá phổ biến đối với khách đặt kỳ nghỉ gia đình.', 'Crazy House có giờ nhận và trả phòng như thế nào?': 'Crazy House có giờ nhận phòng từ 14:00 và giờ trả phòng trước 12:00.', 'Tôi có thể làm gì ở Crazy House?': 'Crazy House có những hoạt động/dịch vụ sau (có thể áp dụng phí):', 'Crazy House có ban công không?': 'Có, nhiều lựa chọn tại chỗ nghỉ này có ban công. Bạn có thể tìm hiểu thêm về điều này và các tiện nghi khác tại Crazy House trên trang này.'}"
https://www.booking.com/hotel/vn/rice.vi.html,"{'Tôi có thể làm gì ở Hotel ROSA?': 'Hotel R, O, S, A có những hoạt động/dịch vụ sau (có thể áp dụng phí): Sân gôn (trong vòng 3km)Phòng tắm chung', 'Chi phí nghỉ tại Hotel ROSA là bao nhiêu?': 'Giá tại Hotel R, O, S, A có thể khác nhau tùy vào kỳ nghỉ của bạn (ví dụ: ngày bạn chọn, chính sách khách sạn,v.v.). Vui lòng xem giá bằng cách nhập ngày của bạn.', 'Hotel ROSA có những loại phòng nào?': 'Lựa chọn phòng tại Hotel R, O, S, A bao gồm: Phòng 4 người, Phòng giường đôi', 'Hotel ROSA cách trung tâm Đà Lạt bao xa?': 'Hotel R, O, S, A cách trung tâm Đà Lạt 850 m.\nTất cả khoảng cách được đo theo đường thẳng. Khoảng cách di chuyển thực sự có thể khác.', 'Hotel ROSA có giờ nhận và trả phòng như thế nào?': 'Hotel R, O, S, A có giờ nhận phòng từ 13:00 và giờ trả phòng trước 12:00.'}"
https://www.booking.com/hotel/vn/lemongrass.vi.html,"{'Chi phí nghỉ tại Da Lat Lemongrass - Đà Lạt Sả là bao nhiêu?': 'Giá tại Da Lat Lemongrass - Đà Lạt Sả có thể khác nhau tùy vào kỳ nghỉ của bạn (ví dụ: ngày bạn chọn, chính sách khách sạn,v.v.). Vui lòng xem giá bằng cách nhập ngày của bạn.', 'Da Lat Lemongrass - Đà Lạt Sả cách trung tâm Đà Lạt bao xa?': 'Da Lat Lemongrass - Đà Lạt Sả cách trung tâm Đà Lạt 400 m.\nTất cả khoảng cách được đo theo đường thẳng. Khoảng cách di chuyển thực sự có thể khác.', 'Da Lat Lemongrass - Đà Lạt Sả có giờ nhận và trả phòng như thế nào?': 'Da Lat Lemongrass - Đà Lạt Sả có giờ nhận phòng từ 14:00 và giờ trả phòng trước 11:00.', 'Tôi có thể làm gì ở Da Lat Lemongrass - Đà Lạt Sả?': 'Da Lat Lemongrass - Đà Lạt Sả có những hoạt động/dịch vụ sau (có thể áp dụng phí): Phòng tắm chung, Cho thuê xe đạp'}"
https://www.booking.com/hotel/vn/tremolo-villas.vi.html,"{'Tôi có thể làm gì ở Tremolo Villas Dalat?': 'Tremolo Villas Dalat có những hoạt động/dịch vụ sau (có thể áp dụng phí): Đi bộ đường dài, Câu cáSân gôn (trong vòng 3km)', 'Bao nhiêu khách có thể lưu trú tại Tremolo Villas Dalat?': 'Bạn có thể chọn từ nhiều lựa chọn chỗ nghỉ tại Tremolo Villas Dalat (tùy vào tình trạng có sẵn). Những chỗ này có thể tiếp đón: 2 khách22 khách4 khách\n\nĐể biết thêm thông tin, vui lòng kiểm tra chi tiết (các) lựa chọn chỗ nghỉ ở trang này.', 'Tremolo Villas Dalat có sân hiên không?': 'Có, nhiều lựa chọn tại chỗ nghỉ này có sân hiên. Bạn có thể tìm hiểu thêm về điều này và các tiện nghi khác tại Tremolo Villas Dalat trên trang này.', 'Chi phí nghỉ tại Tremolo Villas Dalat là bao nhiêu?': 'Giá tại Tremolo Villas Dalat có thể khác nhau tùy vào kỳ nghỉ của bạn (ví dụ: ngày bạn chọn, chính sách khách sạn,v.v.). Vui lòng xem giá bằng cách nhập ngày của bạn.', 'Tremolo Villas Dalat có bao nhiêu phòng ngủ?': 'Bạn có thể chọn từ nhiều lựa chọn chỗ nghỉ tại Tremolo Villas Dalat (tùy vào tình trạng có sẵn). Những chỗ này có: 1 phòng ngủ10 phòng ngủ\n\nĐể biết thêm thông tin, vui lòng kiểm tra chi tiết (các) lựa chọn chỗ nghỉ ở trang này.', 'Tremolo Villas Dalat có phổ biến với các gia đình không?': 'Có, Tremolo Villas Dalat khá phổ biến đối với khách đặt kỳ nghỉ gia đình.', 'Tremolo Villas Dalat có giờ nhận và trả phòng như thế nào?': 'Tremolo Villas Dalat có giờ nhận phòng từ 14:00 và giờ trả phòng trước 12:00.', 'Tremolo Villas Dalat có ban công không?': 'Có, nhiều lựa chọn tại chỗ nghỉ này có ban công. Bạn có thể tìm hiểu thêm về điều này và các tiện nghi khác tại Tremolo Villas Dalat trên trang này.', 'Tremolo Villas Dalat cách trung tâm Đà Lạt bao xa?': 'Tremolo Villas Dalat cách trung tâm Đà Lạt 4,8 km.\nTất cả khoảng cách được đo theo đường thẳng. Khoảng cách di chuyển thực sự có thể khác.'}"
https://www.booking.com/hotel/vn/thong-reo-homestay-da-lat.vi.html,"{'Tôi có thể làm gì ở Thông Reo Homestay Đà Lạt?': 'Thông Reo Homestay Đà Lạt có những hoạt động/dịch vụ sau (có thể áp dụng phí): Karaoke, Sân gôn (trong vòng 3km)', 'Bao nhiêu khách có thể lưu trú tại Thông Reo Homestay Đà Lạt?': 'Thông Reo Homestay Đà Lạt có thể tiếp đón nhóm có số lượng như sau: 17 khách\n\nĐể biết thêm thông tin, vui lòng kiểm tra chi tiết (các) lựa chọn chỗ nghỉ ở trang này.', 'Thông Reo Homestay Đà Lạt có giờ nhận và trả phòng như thế nào?': 'Thông Reo Homestay Đà Lạt có giờ nhận phòng từ 14:00 và giờ trả phòng trước 12:00.', 'Thông Reo Homestay Đà Lạt cách trung tâm Đà Lạt bao xa?': 'Thông Reo Homestay Đà Lạt cách trung tâm Đà Lạt 1,6 km.\nTất cả khoảng cách được đo theo đường thẳng. Khoảng cách di chuyển thực sự có thể khác.', 'Thông Reo Homestay Đà Lạt có phổ biến với các gia đình không?': 'Có, Thông Reo Homestay Đà Lạt khá phổ biến đối với khách đặt kỳ nghỉ gia đình.', 'Chi phí nghỉ tại Thông Reo Homestay Đà Lạt là bao nhiêu?': 'Giá tại Thông Reo Homestay Đà Lạt có thể khác nhau tùy vào kỳ nghỉ của bạn (ví dụ: ngày bạn chọn, chính sách khách sạn,v.v.). Vui lòng xem giá bằng cách nhập ngày của bạn.', 'Thông Reo Homestay Đà Lạt có bao nhiêu phòng ngủ?': 'Thông Reo Homestay Đà Lạt có số lượng phòng ngủ như sau: 5 phòng ngủ\n\nĐể biết thêm thông tin, vui lòng kiểm tra chi tiết (các) lựa chọn chỗ nghỉ ở trang này.'}"
https://www.booking.com/hotel/vn/romantic-house-on-a-pine-hill-2-dalat1.vi.html,"{'Romantic house 2 on a pine hill Dalat có phổ biến với các gia đình không?': 'Có, Romantic house 2 on a pine hill Dalat khá phổ biến đối với khách đặt kỳ nghỉ gia đình.', 'Tôi có thể làm gì ở Romantic house 2 on a pine hill Dalat?': 'Romantic house 2 on a pine hill Dalat có những hoạt động/dịch vụ sau (có thể áp dụng phí): Karaoke', 'Bao nhiêu khách có thể lưu trú tại Romantic house 2 on a pine hill Dalat?': 'Romantic house 2 on a pine hill Dalat có thể tiếp đón nhóm có số lượng như sau: 6 khách\n\nĐể biết thêm thông tin, vui lòng kiểm tra chi tiết (các) lựa chọn chỗ nghỉ ở trang này.', 'Chi phí nghỉ tại Romantic house 2 on a pine hill Dalat là bao nhiêu?': 'Giá tại Romantic house 2 on a pine hill Dalat có thể khác nhau tùy vào kỳ nghỉ của bạn (ví dụ: ngày bạn chọn, chính sách khách sạn,v.v.). Vui lòng xem giá bằng cách nhập ngày của bạn.', 'Romantic house 2 on a pine hill Dalat có giờ nhận và trả phòng như thế nào?': 'Romantic house 2 on a pine hill Dalat có giờ nhận phòng từ 14:00 và giờ trả phòng trước 12:00.', 'Romantic house 2 on a pine hill Dalat có sân hiên không?': 'Có, nhiều lựa chọn tại chỗ nghỉ này có sân hiên. Bạn có thể tìm hiểu thêm về điều này và các tiện nghi khác tại Romantic house 2 on a pine hill Dalat trên trang này.', 'Romantic house 2 on a pine hill Dalat có bao nhiêu phòng ngủ?': 'Romantic house 2 on a pine hill Dalat có số lượng phòng ngủ như sau: 3 phòng ngủ\n\nĐể biết thêm thông tin, vui lòng kiểm tra chi tiết (các) lựa chọn chỗ nghỉ ở trang này.', 'Romantic house 2 on a pine hill Dalat cách trung tâm Đà Lạt bao xa?': 'Romantic house 2 on a pine hill Dalat cách trung tâm Đà Lạt 3 km.\nTất cả khoảng cách được đo theo đường thẳng. Khoảng cách di chuyển thực sự có thể khác.'}"
https://www.booking.com/hotel/vn/the-vibe.vi.html,"{'The Vibe cách trung tâm Đà Lạt bao xa?': 'The Vibe cách trung tâm Đà Lạt 950 m.\nTất cả khoảng cách được đo theo đường thẳng. Khoảng cách di chuyển thực sự có thể khác.', 'The Vibe có giờ nhận và trả phòng như thế nào?': 'The Vibe có giờ nhận phòng từ 12:00 và giờ trả phòng trước 12:00.', 'The Vibe có những loại phòng nào?': 'Lựa chọn phòng tại The Vibe bao gồm: Phòng giường đôi', 'Tôi có thể làm gì ở The Vibe?': 'The Vibe có những hoạt động/dịch vụ sau (có thể áp dụng phí):', 'Chi phí nghỉ tại The Vibe là bao nhiêu?': 'Giá tại The Vibe có thể khác nhau tùy vào kỳ nghỉ của bạn (ví dụ: ngày bạn chọn, chính sách khách sạn,v.v.). Vui lòng xem giá bằng cách nhập ngày của bạn.'}"
https://www.booking.com/hotel/vn/cozy-boutique.vi.html,"{'NATURE Garden Hotel Dalat By K D H có giờ nhận và trả phòng như thế nào?': 'N, A, T, U, R, E Garden Hotel Dalat By K D H có giờ nhận phòng từ 14:00 và giờ trả phòng trước 12:00.', 'NATURE Garden Hotel Dalat By K D H cách trung tâm Đà Lạt bao xa?': 'N, A, T, U, R, E Garden Hotel Dalat By K D H cách trung tâm Đà Lạt 1,4 km.\nTất cả khoảng cách được đo theo đường thẳng. Khoảng cách di chuyển thực sự có thể khác.', 'NATURE Garden Hotel Dalat By K D H có phục vụ dạng bữa sáng nào?': 'Khách lưu trú tại N, A, T, U, R, E Garden Hotel Dalat By K D H có thể tận hưởng bữa sáng được đánh giá cao trong kỳ nghỉ của họ (điểm đánh giá của khách: 4.2)\n\nLựa chọn bữa sáng bao gồm: Kiểu Á, Gọi món (à la carte)', 'Chi phí nghỉ tại NATURE Garden Hotel Dalat By K D H là bao nhiêu?': 'Giá tại N, A, T, U, R, E Garden Hotel Dalat By K D H có thể khác nhau tùy vào kỳ nghỉ của bạn (ví dụ: ngày bạn chọn, chính sách khách sạn,v.v.). Vui lòng xem giá bằng cách nhập ngày của bạn.', 'Tôi có thể làm gì ở NATURE Garden Hotel Dalat By K D H?': 'N, A, T, U, R, E Garden Hotel Dalat By K D H có những hoạt động/dịch vụ sau (có thể áp dụng phí): Sân chơi trẻ em, Cho thuê xe đạp', 'NATURE Garden Hotel Dalat By K D H có những loại phòng nào?': 'Lựa chọn phòng tại N, A, T, U, R, E Garden Hotel Dalat By K D H bao gồm: Phòng 3 người, Phòng giường đôi/2 giường đơn, Suite'}"
https://www.booking.com/hotel/vn/bao-duy-5.vi.html,"{'BẢO DUY HOTEL 5 có giờ nhận và trả phòng như thế nào?': 'BẢO D, U, Y H, O, T, E, L 5 có giờ nhận phòng từ 14:00 và giờ trả phòng trước 12:00.', 'Tôi có thể làm gì ở BẢO DUY HOTEL 5?': 'BẢO D, U, Y H, O, T, E, L 5 có những hoạt động/dịch vụ sau (có thể áp dụng phí):', 'BẢO DUY HOTEL 5 cách trung tâm Đà Lạt bao xa?': 'BẢO D, U, Y H, O, T, E, L 5 cách trung tâm Đà Lạt 450 m.\nTất cả khoảng cách được đo theo đường thẳng. Khoảng cách di chuyển thực sự có thể khác.', 'BẢO DUY HOTEL 5 có những loại phòng nào?': 'Lựa chọn phòng tại BẢO D, U, Y H, O, T, E, L 5 bao gồm: Phòng giường đôi, Phòng 3 người, Căn hộ', 'BẢO DUY HOTEL 5 có phổ biến với các gia đình không?': 'Có, BẢO D, U, Y H, O, T, E, L 5 khá phổ biến đối với khách đặt kỳ nghỉ gia đình.', 'Chi phí nghỉ tại BẢO DUY HOTEL 5 là bao nhiêu?': 'Giá tại BẢO D, U, Y H, O, T, E, L 5 có thể khác nhau tùy vào kỳ nghỉ của bạn (ví dụ: ngày bạn chọn, chính sách khách sạn,v.v.). Vui lòng xem giá bằng cách nhập ngày của bạn.'}"
https://www.booking.com/hotel/vn/la-joia-villa.vi.html,"{'Chi phí nghỉ tại LaJoia Villa là bao nhiêu?': 'Giá tại La, Joia Villa có thể khác nhau tùy vào kỳ nghỉ của bạn (ví dụ: ngày bạn chọn, chính sách khách sạn,v.v.). Vui lòng xem giá bằng cách nhập ngày của bạn.', 'Tôi có thể làm gì ở LaJoia Villa?': 'La, Joia Villa có những hoạt động/dịch vụ sau (có thể áp dụng phí):', 'LaJoia Villa có giờ nhận và trả phòng như thế nào?': 'La, Joia Villa có giờ nhận phòng từ 15:00 và giờ trả phòng trước 12:00.', 'LaJoia Villa cách trung tâm Đà Lạt bao xa?': 'La, Joia Villa cách trung tâm Đà Lạt 2,4 km.\nTất cả khoảng cách được đo theo đường thẳng. Khoảng cách di chuyển thực sự có thể khác.'}"
https://www.booking.com/hotel/vn/golden-imperial-da-lat.vi.html,"{'Golden Imperial Hotel Da Lat cách trung tâm Đà Lạt bao xa?': 'Golden Imperial Hotel Da Lat cách trung tâm Đà Lạt 1,1 km.\nTất cả khoảng cách được đo theo đường thẳng. Khoảng cách di chuyển thực sự có thể khác.', 'Golden Imperial Hotel Da Lat có những loại phòng nào?': 'Lựa chọn phòng tại Golden Imperial Hotel Da Lat bao gồm: Phòng giường đôi, Suite, Phòng 2 giường đơn ', 'Chi phí nghỉ tại Golden Imperial Hotel Da Lat là bao nhiêu?': 'Giá tại Golden Imperial Hotel Da Lat có thể khác nhau tùy vào kỳ nghỉ của bạn (ví dụ: ngày bạn chọn, chính sách khách sạn,v.v.). Vui lòng xem giá bằng cách nhập ngày của bạn.', 'Golden Imperial Hotel Da Lat có giờ nhận và trả phòng như thế nào?': 'Golden Imperial Hotel Da Lat có giờ nhận phòng từ 14:00 và giờ trả phòng trước 12:00.', 'Golden Imperial Hotel Da Lat có phục vụ dạng bữa sáng nào?': 'Khách lưu trú tại Golden Imperial Hotel Da Lat có thể tận hưởng bữa sáng được đánh giá cao trong kỳ nghỉ của họ (điểm đánh giá của khách: 7.5)\n\nLựa chọn bữa sáng bao gồm: Tự chọn, Gọi món (à la carte)Bữa sáng mang đi', 'Tôi có thể làm gì ở Golden Imperial Hotel Da Lat?': 'Golden Imperial Hotel Da Lat có những hoạt động/dịch vụ sau (có thể áp dụng phí):', 'Golden Imperial Hotel Da Lat có nhà hàng trong khuôn viên không?': 'Golden Imperial Hotel Da Lat có 1 nhà hàng: Restaurant #1'}"
https://www.booking.com/hotel/vn/ttg-hostel-dalat.vi.html,"{'Tôi có thể làm gì ở TTG Hostel DaLat?': 'T, T, G Hostel Da, Lat có những hoạt động/dịch vụ sau (có thể áp dụng phí):', 'TTG Hostel DaLat có giờ nhận và trả phòng như thế nào?': 'T, T, G Hostel Da, Lat có giờ nhận phòng từ 14:00 và giờ trả phòng trước 12:00.', 'Chi phí nghỉ tại TTG Hostel DaLat là bao nhiêu?': 'Giá tại T, T, G Hostel Da, Lat có thể khác nhau tùy vào kỳ nghỉ của bạn (ví dụ: ngày bạn chọn, chính sách khách sạn,v.v.). Vui lòng xem giá bằng cách nhập ngày của bạn.', 'TTG Hostel DaLat cách trung tâm Đà Lạt bao xa?': 'T, T, G Hostel Da, Lat cách trung tâm Đà Lạt 1,1 km.\nTất cả khoảng cách được đo theo đường thẳng. Khoảng cách di chuyển thực sự có thể khác.'}"
https://www.booking.com/hotel/vn/golden-apple-villa-da-lat-thanh-pho-da-lat1.vi.html,"{'Golden Apple Villa Đà Lạt có giờ nhận và trả phòng như thế nào?': 'Golden Apple Villa Đà Lạt có giờ nhận phòng từ 14:00 và giờ trả phòng trước 12:00.', 'Tôi có thể làm gì ở Golden Apple Villa Đà Lạt?': 'Golden Apple Villa Đà Lạt có những hoạt động/dịch vụ sau (có thể áp dụng phí):', 'Golden Apple Villa Đà Lạt cách trung tâm Khu Chi Lăng bao xa?': 'Golden Apple Villa Đà Lạt cách trung tâm Khu Chi Lăng 850 m.\nTất cả khoảng cách được đo theo đường thẳng. Khoảng cách di chuyển thực sự có thể khác.', 'Chi phí nghỉ tại Golden Apple Villa Đà Lạt là bao nhiêu?': 'Giá tại Golden Apple Villa Đà Lạt có thể khác nhau tùy vào kỳ nghỉ của bạn (ví dụ: ngày bạn chọn, chính sách khách sạn,v.v.). Vui lòng xem giá bằng cách nhập ngày của bạn.'}"
https://www.booking.com/hotel/vn/davilla.vi.html,"{'Davilla Đà Lạt Villa Collection có giờ nhận và trả phòng như thế nào?': 'Davilla Đà Lạt Villa Collection có giờ nhận phòng từ 14:00 và giờ trả phòng trước 11:30.', 'Davilla Đà Lạt Villa Collection cách trung tâm Đà Lạt bao xa?': 'Davilla Đà Lạt Villa Collection cách trung tâm Đà Lạt 4,7 km.\nTất cả khoảng cách được đo theo đường thẳng. Khoảng cách di chuyển thực sự có thể khác.', 'Davilla Đà Lạt Villa Collection có những loại phòng nào?': 'Lựa chọn phòng tại Davilla Đà Lạt Villa Collection bao gồm: Biệt thự, Suite, Phòng giường đôi', 'Chi phí nghỉ tại Davilla Đà Lạt Villa Collection là bao nhiêu?': 'Giá tại Davilla Đà Lạt Villa Collection có thể khác nhau tùy vào kỳ nghỉ của bạn (ví dụ: ngày bạn chọn, chính sách khách sạn,v.v.). Vui lòng xem giá bằng cách nhập ngày của bạn.', 'Tôi có thể làm gì ở Davilla Đà Lạt Villa Collection?': 'Davilla Đà Lạt Villa Collection có những hoạt động/dịch vụ sau (có thể áp dụng phí):'}"
https://www.booking.com/hotel/vn/villa-hem-da-lat.vi.html,"{'Villa Hẻm Đà Lạt có ban công không?': 'Có, nhiều lựa chọn tại chỗ nghỉ này có ban công. Bạn có thể tìm hiểu thêm về điều này và các tiện nghi khác tại Villa Hẻm Đà Lạt trên trang này.', 'Villa Hẻm Đà Lạt có sân hiên không?': 'Có, nhiều lựa chọn tại chỗ nghỉ này có sân hiên. Bạn có thể tìm hiểu thêm về điều này và các tiện nghi khác tại Villa Hẻm Đà Lạt trên trang này.', 'Villa Hẻm Đà Lạt cách trung tâm Đà Lạt bao xa?': 'Villa Hẻm Đà Lạt cách trung tâm Đà Lạt 700 m.\nTất cả khoảng cách được đo theo đường thẳng. Khoảng cách di chuyển thực sự có thể khác.', 'Villa Hẻm Đà Lạt có giờ nhận và trả phòng như thế nào?': 'Villa Hẻm Đà Lạt có giờ nhận phòng từ 14:00 và giờ trả phòng trước 12:00.', 'Villa Hẻm Đà Lạt có phổ biến với các gia đình không?': 'Có, Villa Hẻm Đà Lạt khá phổ biến đối với khách đặt kỳ nghỉ gia đình.', 'Chi phí nghỉ tại Villa Hẻm Đà Lạt là bao nhiêu?': 'Giá tại Villa Hẻm Đà Lạt có thể khác nhau tùy vào kỳ nghỉ của bạn (ví dụ: ngày bạn chọn, chính sách khách sạn,v.v.). Vui lòng xem giá bằng cách nhập ngày của bạn.', 'Tôi có thể làm gì ở Villa Hẻm Đà Lạt?': 'Villa Hẻm Đà Lạt có những hoạt động/dịch vụ sau (có thể áp dụng phí): Cho thuê xe đạp', 'Villa Hẻm Đà Lạt có bao nhiêu phòng ngủ?': 'Villa Hẻm Đà Lạt có số lượng phòng ngủ như sau: 3 phòng ngủ\n\nĐể biết thêm thông tin, vui lòng kiểm tra chi tiết (các) lựa chọn chỗ nghỉ ở trang này.', 'Bao nhiêu khách có thể lưu trú tại Villa Hẻm Đà Lạt?': 'Villa Hẻm Đà Lạt có thể tiếp đón nhóm có số lượng như sau: 10 khách\n\nĐể biết thêm thông tin, vui lòng kiểm tra chi tiết (các) lựa chọn chỗ nghỉ ở trang này.'}"
https://www.booking.com/hotel/vn/home-trung-nghia.vi.html,"{'Tôi có thể làm gì ở Home- villa Trung Nghĩa?': 'Home- villa Trung Nghĩa có những hoạt động/dịch vụ sau (có thể áp dụng phí):', 'Home- villa Trung Nghĩa cách trung tâm Ấp Ða Lợi bao xa?': 'Home- villa Trung Nghĩa cách trung tâm Ấp Ða Lợi 950 m.\nTất cả khoảng cách được đo theo đường thẳng. Khoảng cách di chuyển thực sự có thể khác.', 'Chi phí nghỉ tại Home- villa Trung Nghĩa là bao nhiêu?': 'Giá tại Home- villa Trung Nghĩa có thể khác nhau tùy vào kỳ nghỉ của bạn (ví dụ: ngày bạn chọn, chính sách khách sạn,v.v.). Vui lòng xem giá bằng cách nhập ngày của bạn.', 'Home- villa Trung Nghĩa có giờ nhận và trả phòng như thế nào?': 'Home- villa Trung Nghĩa có giờ nhận phòng từ 14:00 và giờ trả phòng trước 12:00.', 'Home- villa Trung Nghĩa có những loại phòng nào?': 'Lựa chọn phòng tại Home- villa Trung Nghĩa bao gồm: Phòng giường đôi, Phòng 4 người'}"
https://www.booking.com/hotel/vn/tigon-2.vi.html,"{'Tigon Flower House 2 cách trung tâm Đà Lạt bao xa?': 'Tigon Flower House 2 cách trung tâm Đà Lạt 1,6 km.\nTất cả khoảng cách được đo theo đường thẳng. Khoảng cách di chuyển thực sự có thể khác.', 'Tigon Flower House 2 có phổ biến với các gia đình không?': 'Có, Tigon Flower House 2 khá phổ biến đối với khách đặt kỳ nghỉ gia đình.', 'Chi phí nghỉ tại Tigon Flower House 2 là bao nhiêu?': 'Giá tại Tigon Flower House 2 có thể khác nhau tùy vào kỳ nghỉ của bạn (ví dụ: ngày bạn chọn, chính sách khách sạn,v.v.). Vui lòng xem giá bằng cách nhập ngày của bạn.', 'Tigon Flower House 2 có giờ nhận và trả phòng như thế nào?': 'Tigon Flower House 2 có giờ nhận phòng từ 14:00 và giờ trả phòng trước 12:00.', 'Tôi có thể làm gì ở Tigon Flower House 2?': 'Tigon Flower House 2 có những hoạt động/dịch vụ sau (có thể áp dụng phí):', 'Tigon Flower House 2 có những loại phòng nào?': 'Lựa chọn phòng tại Tigon Flower House 2 bao gồm: Phòng giường đôi, Phòng 4 người, Phòng gia đình'}"
https://www.booking.com/hotel/vn/he-maison.vi.html,"{'Tôi có thể làm gì ở Hè Maison Home & Café?': 'Hè Maison Home & Café có những hoạt động/dịch vụ sau (có thể áp dụng phí): Đêm phim, Giờ vàng, Bữa tối theo chủ đề, Biểu diễn/nhạc sống', 'Hè Maison Home & Café có những loại phòng nào?': 'Lựa chọn phòng tại Hè Maison Home & Café bao gồm: Suite', 'Chi phí nghỉ tại Hè Maison Home & Café là bao nhiêu?': 'Giá tại Hè Maison Home & Café có thể khác nhau tùy vào kỳ nghỉ của bạn (ví dụ: ngày bạn chọn, chính sách khách sạn,v.v.). Vui lòng xem giá bằng cách nhập ngày của bạn.', 'Hè Maison Home & Café có giờ nhận và trả phòng như thế nào?': 'Hè Maison Home & Café có giờ nhận phòng từ 14:00 và giờ trả phòng trước 12:00.', 'Hè Maison Home & Café có nhà hàng trong khuôn viên không?': 'Hè Maison Home & Café có 1 nhà hàng: Restaurant #1', 'Hè Maison Home & Café cách trung tâm Ấp Xuân An bao xa?': 'Hè Maison Home & Café cách trung tâm Ấp Xuân An 1,4 km.\nTất cả khoảng cách được đo theo đường thẳng. Khoảng cách di chuyển thực sự có thể khác.'}"
https://www.booking.com/hotel/vn/olagi-dalat.vi.html,"{'Olagi Hotel 2 có nhà hàng trong khuôn viên không?': 'Olagi Hotel 2 có 1 nhà hàng: Nhà hàng #1', 'Olagi Hotel 2 có những loại phòng nào?': 'Lựa chọn phòng tại Olagi Hotel 2 bao gồm: Phòng 2 giường đơn Phòng giường đôi, Phòng 4 người, Suite', 'Chi phí nghỉ tại Olagi Hotel 2 là bao nhiêu?': 'Giá tại Olagi Hotel 2 có thể khác nhau tùy vào kỳ nghỉ của bạn (ví dụ: ngày bạn chọn, chính sách khách sạn,v.v.). Vui lòng xem giá bằng cách nhập ngày của bạn.', 'Olagi Hotel 2 có giờ nhận và trả phòng như thế nào?': 'Olagi Hotel 2 có giờ nhận phòng từ 14:00 và giờ trả phòng trước 12:00.', 'Tôi có thể làm gì ở Olagi Hotel 2?': 'Olagi Hotel 2 có những hoạt động/dịch vụ sau (có thể áp dụng phí):', 'Olagi Hotel 2 cách trung tâm Khu Chi Lăng bao xa?': 'Olagi Hotel 2 cách trung tâm Khu Chi Lăng 1,2 km.\nTất cả khoảng cách được đo theo đường thẳng. Khoảng cách di chuyển thực sự có thể khác.'}"
https://www.booking.com/hotel/vn/am-homestay-thanh-pho-da-lat1.vi.html,"{'Ấm Homestay cách trung tâm Đà Lạt bao xa?': 'Ấm Homestay cách trung tâm Đà Lạt 700 m.\nTất cả khoảng cách được đo theo đường thẳng. Khoảng cách di chuyển thực sự có thể khác.', 'Chi phí nghỉ tại Ấm Homestay là bao nhiêu?': 'Giá tại Ấm Homestay có thể khác nhau tùy vào kỳ nghỉ của bạn (ví dụ: ngày bạn chọn, chính sách khách sạn,v.v.). Vui lòng xem giá bằng cách nhập ngày của bạn.', 'Ấm Homestay có những loại phòng nào?': 'Lựa chọn phòng tại Ấm Homestay bao gồm: Phòng giường đôi', 'Tôi có thể làm gì ở Ấm Homestay?': 'Ấm Homestay có những hoạt động/dịch vụ sau (có thể áp dụng phí):', 'Ấm Homestay có giờ nhận và trả phòng như thế nào?': 'Ấm Homestay có giờ nhận phòng từ 13:00 và giờ trả phòng trước 12:00.'}"
https://www.booking.com/hotel/vn/may-house-dalat-thanh-pho-da-lat.vi.html,"{'May House Dalat có những loại phòng nào?': 'Lựa chọn phòng tại May House Dalat bao gồm: Phòng giường đôi, Phòng gia đình, Giường trong phòng tập thể', 'May House Dalat có giờ nhận và trả phòng như thế nào?': 'May House Dalat có giờ nhận phòng từ 14:00 và giờ trả phòng trước 11:00.', 'Tôi có thể làm gì ở May House Dalat?': 'May House Dalat có những hoạt động/dịch vụ sau (có thể áp dụng phí):', 'May House Dalat cách trung tâm Đà Lạt bao xa?': 'May House Dalat cách trung tâm Đà Lạt 1,3 km.\nTất cả khoảng cách được đo theo đường thẳng. Khoảng cách di chuyển thực sự có thể khác.', 'Chi phí nghỉ tại May House Dalat là bao nhiêu?': 'Giá tại May House Dalat có thể khác nhau tùy vào kỳ nghỉ của bạn (ví dụ: ngày bạn chọn, chính sách khách sạn,v.v.). Vui lòng xem giá bằng cách nhập ngày của bạn.'}"
https://www.booking.com/hotel/vn/hai-an-villa-thanh-pho-da-lat.vi.html,"{'Tôi có thể làm gì ở HẢI AN VILLA HOTEL?': 'HẢI A, N V, I, L, L, A H, O, T, E, L có những hoạt động/dịch vụ sau (có thể áp dụng phí): Cho thuê xe đạp', 'Chi phí nghỉ tại HẢI AN VILLA HOTEL là bao nhiêu?': 'Giá tại HẢI A, N V, I, L, L, A H, O, T, E, L có thể khác nhau tùy vào kỳ nghỉ của bạn (ví dụ: ngày bạn chọn, chính sách khách sạn,v.v.). Vui lòng xem giá bằng cách nhập ngày của bạn.', 'HẢI AN VILLA HOTEL cách trung tâm Khu Chi Lăng bao xa?': 'HẢI A, N V, I, L, L, A H, O, T, E, L cách trung tâm Khu Chi Lăng 1,4 km.\nTất cả khoảng cách được đo theo đường thẳng. Khoảng cách di chuyển thực sự có thể khác.', 'HẢI AN VILLA HOTEL có những loại phòng nào?': 'Lựa chọn phòng tại HẢI A, N V, I, L, L, A H, O, T, E, L bao gồm: Phòng giường đôi, Phòng 4 người', 'HẢI AN VILLA HOTEL có giờ nhận và trả phòng như thế nào?': 'HẢI A, N V, I, L, L, A H, O, T, E, L có giờ nhận phòng từ 14:00 và giờ trả phòng trước 12:00.'}"
https://www.booking.com/hotel/vn/mi-casa-homestay.vi.html,"{'Mi Casa Homestay có giờ nhận và trả phòng như thế nào?': 'Mi Casa Homestay có giờ nhận phòng từ 14:00 và giờ trả phòng trước 12:00.', 'Chi phí nghỉ tại Mi Casa Homestay là bao nhiêu?': 'Giá tại Mi Casa Homestay có thể khác nhau tùy vào kỳ nghỉ của bạn (ví dụ: ngày bạn chọn, chính sách khách sạn,v.v.). Vui lòng xem giá bằng cách nhập ngày của bạn.', 'Mi Casa Homestay cách trung tâm Đà Lạt bao xa?': 'Mi Casa Homestay cách trung tâm Đà Lạt 650 m.\nTất cả khoảng cách được đo theo đường thẳng. Khoảng cách di chuyển thực sự có thể khác.', 'Tôi có thể làm gì ở Mi Casa Homestay?': 'Mi Casa Homestay có những hoạt động/dịch vụ sau (có thể áp dụng phí):'}"
https://www.booking.com/hotel/vn/sen-da-villa-succulent-villa.vi.html,"{'Tôi có thể làm gì ở Sen Đá Villa - Succulent Villa?': 'Sen Đá Villa - Succulent Villa có những hoạt động/dịch vụ sau (có thể áp dụng phí): Xe đạp, Đi bộ đường dài, Tour đi bộ, Phòng gửi đồ ở spa/gym, Bữa tối theo chủ đề, Đêm phim, Tour đi xe đạp, Tour/lớp về văn hóa địa phương', 'Sen Đá Villa - Succulent Villa có giờ nhận và trả phòng như thế nào?': 'Sen Đá Villa - Succulent Villa có giờ nhận phòng từ 14:00 và giờ trả phòng trước 11:00.', 'Chi phí nghỉ tại Sen Đá Villa - Succulent Villa là bao nhiêu?': 'Giá tại Sen Đá Villa - Succulent Villa có thể khác nhau tùy vào kỳ nghỉ của bạn (ví dụ: ngày bạn chọn, chính sách khách sạn,v.v.). Vui lòng xem giá bằng cách nhập ngày của bạn.', 'Sen Đá Villa - Succulent Villa cách trung tâm Đà Lạt bao xa?': 'Sen Đá Villa - Succulent Villa cách trung tâm Đà Lạt 3,1 km.\nTất cả khoảng cách được đo theo đường thẳng. Khoảng cách di chuyển thực sự có thể khác.'}"
https://www.booking.com/hotel/vn/florian-villa-dalat.vi.html,"{'Florian Villa Dalat có sân hiên không?': 'Có, nhiều lựa chọn tại chỗ nghỉ này có sân hiên. Bạn có thể tìm hiểu thêm về điều này và các tiện nghi khác tại Florian Villa Dalat trên trang này.', 'Bao nhiêu khách có thể lưu trú tại Florian Villa Dalat?': 'Bạn có thể chọn từ nhiều lựa chọn chỗ nghỉ tại Florian Villa Dalat (tùy vào tình trạng có sẵn). Những chỗ này có thể tiếp đón: 5 khách8 khách\n\nĐể biết thêm thông tin, vui lòng kiểm tra chi tiết (các) lựa chọn chỗ nghỉ ở trang này.', 'Chi phí nghỉ tại Florian Villa Dalat là bao nhiêu?': 'Giá tại Florian Villa Dalat có thể khác nhau tùy vào kỳ nghỉ của bạn (ví dụ: ngày bạn chọn, chính sách khách sạn,v.v.). Vui lòng xem giá bằng cách nhập ngày của bạn.', 'Tôi có thể làm gì ở Florian Villa Dalat?': 'Florian Villa Dalat có những hoạt động/dịch vụ sau (có thể áp dụng phí): Bồn tắm nóng/bể sục (Jacuzzi)Cho thuê xe đạp', 'Florian Villa Dalat có phổ biến với các gia đình không?': 'Có, Florian Villa Dalat khá phổ biến đối với khách đặt kỳ nghỉ gia đình.', 'Florian Villa Dalat có giờ nhận và trả phòng như thế nào?': 'Florian Villa Dalat có giờ nhận phòng từ 15:00 và giờ trả phòng trước 12:00.', 'Florian Villa Dalat có bao nhiêu phòng ngủ?': 'Bạn có thể chọn từ nhiều lựa chọn chỗ nghỉ tại Florian Villa Dalat (tùy vào tình trạng có sẵn). Những chỗ này có: 2 phòng ngủ3 phòng ngủ\n\nĐể biết thêm thông tin, vui lòng kiểm tra chi tiết (các) lựa chọn chỗ nghỉ ở trang này.', 'Florian Villa Dalat có bể sục cho khách không?': 'Chỗ nghỉ có bể sục. Bạn có thể tìm hiểu thêm về điều này và các tiện nghi khác tại Florian Villa Dalat trên trang này.', 'Florian Villa Dalat cách trung tâm Đà Lạt bao xa?': 'Florian Villa Dalat cách trung tâm Đà Lạt 4,9 km.\nTất cả khoảng cách được đo theo đường thẳng. Khoảng cách di chuyển thực sự có thể khác.'}"
https://www.booking.com/hotel/vn/lavie-house-thanh-pho-da-lat3.vi.html,"{'Lavie House có giờ nhận và trả phòng như thế nào?': 'Lavie House có giờ nhận phòng từ 13:00 và giờ trả phòng trước 12:00.', 'Tôi có thể làm gì ở Lavie House?': 'Lavie House có những hoạt động/dịch vụ sau (có thể áp dụng phí): Đi bộ đường dài, Sân gôn (trong vòng 3km)', 'Lavie House có sân hiên không?': 'Có, nhiều lựa chọn tại chỗ nghỉ này có sân hiên. Bạn có thể tìm hiểu thêm về điều này và các tiện nghi khác tại Lavie House trên trang này.', 'Bao nhiêu khách có thể lưu trú tại Lavie House?': 'Lavie House có thể tiếp đón nhóm có số lượng như sau: 2 khách\n\nĐể biết thêm thông tin, vui lòng kiểm tra chi tiết (các) lựa chọn chỗ nghỉ ở trang này.', 'Lavie House có phổ biến với các gia đình không?': 'Có, Lavie House khá phổ biến đối với khách đặt kỳ nghỉ gia đình.', 'Lavie House có bao nhiêu phòng ngủ?': 'Lavie House có số lượng phòng ngủ như sau: 1 phòng ngủ\n\nĐể biết thêm thông tin, vui lòng kiểm tra chi tiết (các) lựa chọn chỗ nghỉ ở trang này.', 'Chi phí nghỉ tại Lavie House là bao nhiêu?': 'Giá tại Lavie House có thể khác nhau tùy vào kỳ nghỉ của bạn (ví dụ: ngày bạn chọn, chính sách khách sạn,v.v.). Vui lòng xem giá bằng cách nhập ngày của bạn.', 'Lavie House cách trung tâm Đà Lạt bao xa?': 'Lavie House cách trung tâm Đà Lạt 1,1 km.\nTất cả khoảng cách được đo theo đường thẳng. Khoảng cách di chuyển thực sự có thể khác.'}"
https://www.booking.com/hotel/vn/aura-apartment-da-lat-da-lat.vi.html,"{'Aura Apartment Da Lat có phổ biến với các gia đình không?': 'Có, Aura Apartment Da Lat khá phổ biến đối với khách đặt kỳ nghỉ gia đình.', 'Bao nhiêu khách có thể lưu trú tại Aura Apartment Da Lat?': 'Aura Apartment Da Lat có thể tiếp đón nhóm có số lượng như sau: 5 khách\n\nĐể biết thêm thông tin, vui lòng kiểm tra chi tiết (các) lựa chọn chỗ nghỉ ở trang này.', 'Aura Apartment Da Lat có giờ nhận và trả phòng như thế nào?': 'Aura Apartment Da Lat có giờ nhận phòng từ 14:00 và giờ trả phòng trước 12:00.', 'Aura Apartment Da Lat có bao nhiêu phòng ngủ?': 'Bạn có thể chọn từ nhiều lựa chọn chỗ nghỉ tại Aura Apartment Da Lat (tùy vào tình trạng có sẵn). Những chỗ này có: 1 phòng ngủ2 phòng ngủ\n\nĐể biết thêm thông tin, vui lòng kiểm tra chi tiết (các) lựa chọn chỗ nghỉ ở trang này.', 'Aura Apartment Da Lat có ban công không?': 'Có, nhiều lựa chọn tại chỗ nghỉ này có ban công. Bạn có thể tìm hiểu thêm về điều này và các tiện nghi khác tại Aura Apartment Da Lat trên trang này.', 'Chi phí nghỉ tại Aura Apartment Da Lat là bao nhiêu?': 'Giá tại Aura Apartment Da Lat có thể khác nhau tùy vào kỳ nghỉ của bạn (ví dụ: ngày bạn chọn, chính sách khách sạn,v.v.). Vui lòng xem giá bằng cách nhập ngày của bạn.', 'Aura Apartment Da Lat cách trung tâm Đà Lạt bao xa?': 'Aura Apartment Da Lat cách trung tâm Đà Lạt 2,3 km.\nTất cả khoảng cách được đo theo đường thẳng. Khoảng cách di chuyển thực sự có thể khác.', 'Tôi có thể làm gì ở Aura Apartment Da Lat?': 'Aura Apartment Da Lat có những hoạt động/dịch vụ sau (có thể áp dụng phí):', 'Aura Apartment Da Lat có sân hiên không?': 'Có, nhiều lựa chọn tại chỗ nghỉ này có sân hiên. Bạn có thể tìm hiểu thêm về điều này và các tiện nghi khác tại Aura Apartment Da Lat trên trang này.'}"
https://www.booking.com/hotel/vn/kim-oanh-apartment.vi.html,"{'Kim Oanh Apartment cách trung tâm Đà Lạt bao xa?': 'Kim Oanh Apartment cách trung tâm Đà Lạt 750 m.\nTất cả khoảng cách được đo theo đường thẳng. Khoảng cách di chuyển thực sự có thể khác.', 'Kim Oanh Apartment có bao nhiêu phòng ngủ?': 'Kim Oanh Apartment có số lượng phòng ngủ như sau: 2 phòng ngủ\n\nĐể biết thêm thông tin, vui lòng kiểm tra chi tiết (các) lựa chọn chỗ nghỉ ở trang này.', 'Tôi có thể làm gì ở Kim Oanh Apartment?': 'Kim Oanh Apartment có những hoạt động/dịch vụ sau (có thể áp dụng phí):', 'Bao nhiêu khách có thể lưu trú tại Kim Oanh Apartment?': 'Kim Oanh Apartment có thể tiếp đón nhóm có số lượng như sau: 4 khách\n\nĐể biết thêm thông tin, vui lòng kiểm tra chi tiết (các) lựa chọn chỗ nghỉ ở trang này.', 'Chi phí nghỉ tại Kim Oanh Apartment là bao nhiêu?': 'Giá tại Kim Oanh Apartment có thể khác nhau tùy vào kỳ nghỉ của bạn (ví dụ: ngày bạn chọn, chính sách khách sạn,v.v.). Vui lòng xem giá bằng cách nhập ngày của bạn.', 'Kim Oanh Apartment có phổ biến với các gia đình không?': 'Có, Kim Oanh Apartment khá phổ biến đối với khách đặt kỳ nghỉ gia đình.', 'Kim Oanh Apartment có giờ nhận và trả phòng như thế nào?': 'Kim Oanh Apartment có giờ nhận phòng từ 14:00 và giờ trả phòng trước 12:00.', 'Kim Oanh Apartment có ban công không?': 'Có, nhiều lựa chọn tại chỗ nghỉ này có ban công. Bạn có thể tìm hiểu thêm về điều này và các tiện nghi khác tại Kim Oanh Apartment trên trang này.'}"
https://www.booking.com/hotel/vn/tropicana-2.vi.html,"{'Miền Nhiệt Đới 2 Hotel cách trung tâm Đà Lạt bao xa?': 'Miền Nhiệt Đới 2 Hotel cách trung tâm Đà Lạt 400 m.\nTất cả khoảng cách được đo theo đường thẳng. Khoảng cách di chuyển thực sự có thể khác.', 'Miền Nhiệt Đới 2 Hotel có giờ nhận và trả phòng như thế nào?': 'Miền Nhiệt Đới 2 Hotel có giờ nhận phòng từ 14:00 và giờ trả phòng trước 12:00.', 'Miền Nhiệt Đới 2 Hotel có những loại phòng nào?': 'Lựa chọn phòng tại Miền Nhiệt Đới 2 Hotel bao gồm: Phòng giường đôi, Phòng 4 người, Phòng gia đình, Phòng đơn', 'Chi phí nghỉ tại Miền Nhiệt Đới 2 Hotel là bao nhiêu?': 'Giá tại Miền Nhiệt Đới 2 Hotel có thể khác nhau tùy vào kỳ nghỉ của bạn (ví dụ: ngày bạn chọn, chính sách khách sạn,v.v.). Vui lòng xem giá bằng cách nhập ngày của bạn.', 'Tôi có thể làm gì ở Miền Nhiệt Đới 2 Hotel?': 'Miền Nhiệt Đới 2 Hotel có những hoạt động/dịch vụ sau (có thể áp dụng phí):'}"
https://www.booking.com/hotel/vn/hoang-anh-duc-trong.vi.html,"{'Chi phí nghỉ tại Hoàng Anh hotel là bao nhiêu?': 'Giá tại Hoàng Anh hotel có thể khác nhau tùy vào kỳ nghỉ của bạn (ví dụ: ngày bạn chọn, chính sách khách sạn,v.v.). Vui lòng xem giá bằng cách nhập ngày của bạn.', 'Tôi có thể làm gì ở Hoàng Anh hotel?': 'Hoàng Anh hotel có những hoạt động/dịch vụ sau (có thể áp dụng phí): Trung tâm Spa & chăm sóc sức khoẻMassage, Mát-xa lưng, Chăm sóc tóc, Mát-xa đầu, Dịch vụ triệt lông, Mát-xa chân, Tiện Nghi Spa, Mát-xa toàn thân, Dịch Vụ Làm Đẹp, Mát-xa cổ, Tẩy tế bào chết toàn thân, Mát-xa tay, Dịch vụ trang điểm, Mát-xa dành cho cặp đôi, Gói spa/chăm sóc sức khỏe, Chăm sóc da mặt', 'Hoàng Anh hotel có những loại phòng nào?': 'Lựa chọn phòng tại Hoàng Anh hotel bao gồm: Phòng giường đôi, Phòng giường đôi/2 giường đơn', 'Hoàng Anh hotel có phổ biến với các gia đình không?': 'Có, Hoàng Anh hotel khá phổ biến đối với khách đặt kỳ nghỉ gia đình.', 'Hoàng Anh hotel cách trung tâm Ðưc Trọng bao xa?': 'Hoàng Anh hotel cách trung tâm Ðưc Trọng 1,8 km.\nTất cả khoảng cách được đo theo đường thẳng. Khoảng cách di chuyển thực sự có thể khác.', 'Hoàng Anh hotel có giờ nhận và trả phòng như thế nào?': 'Hoàng Anh hotel có giờ nhận phòng từ 13:30 và giờ trả phòng trước 00:00.'}"
https://www.booking.com/hotel/vn/h-home.vi.html,"{'Chi phí nghỉ tại H home là bao nhiêu?': 'Giá tại H home có thể khác nhau tùy vào kỳ nghỉ của bạn (ví dụ: ngày bạn chọn, chính sách khách sạn,v.v.). Vui lòng xem giá bằng cách nhập ngày của bạn.', 'H home có phổ biến với các gia đình không?': 'Có, H home khá phổ biến đối với khách đặt kỳ nghỉ gia đình.', 'H home có bao nhiêu phòng ngủ?': 'H home có số lượng phòng ngủ như sau: 6 phòng ngủ\n\nĐể biết thêm thông tin, vui lòng kiểm tra chi tiết (các) lựa chọn chỗ nghỉ ở trang này.', 'H home có ban công không?': 'Có, nhiều lựa chọn tại chỗ nghỉ này có ban công. Bạn có thể tìm hiểu thêm về điều này và các tiện nghi khác tại H home trên trang này.', 'Bao nhiêu khách có thể lưu trú tại H home?': 'H home có thể tiếp đón nhóm có số lượng như sau: 18 khách\n\nĐể biết thêm thông tin, vui lòng kiểm tra chi tiết (các) lựa chọn chỗ nghỉ ở trang này.', 'H home có giờ nhận và trả phòng như thế nào?': 'H home có giờ nhận phòng từ 00:00 và giờ trả phòng trước 11:00.', 'Tôi có thể làm gì ở H home?': 'H home có những hoạt động/dịch vụ sau (có thể áp dụng phí):', 'H home cách trung tâm Đà Lạt bao xa?': 'H home cách trung tâm Đà Lạt 550 m.\nTất cả khoảng cách được đo theo đường thẳng. Khoảng cách di chuyển thực sự có thể khác.'}"
https://www.booking.com/hotel/vn/hoang-yen-villa-thanh-pho-da-lat.vi.html,"{'Tôi có thể làm gì ở Hoàng Yến Villa Dalat?': 'Hoàng Yến Villa Dalat có những hoạt động/dịch vụ sau (có thể áp dụng phí): Bồn tắm nóng/bể sục (Jacuzzi)Tour đi bộ', 'Hoàng Yến Villa Dalat có những loại phòng nào?': 'Lựa chọn phòng tại Hoàng Yến Villa Dalat bao gồm: Studio, Phòng giường đôi, Phòng 4 người, Phòng gia đình, Phòng 2 giường đơn ', 'Hoàng Yến Villa Dalat cách trung tâm Đà Lạt bao xa?': 'Hoàng Yến Villa Dalat cách trung tâm Đà Lạt 2,9 km.\nTất cả khoảng cách được đo theo đường thẳng. Khoảng cách di chuyển thực sự có thể khác.', 'Hoàng Yến Villa Dalat có giờ nhận và trả phòng như thế nào?': 'Hoàng Yến Villa Dalat có giờ nhận phòng từ 14:00 và giờ trả phòng trước 12:00.', 'Chi phí nghỉ tại Hoàng Yến Villa Dalat là bao nhiêu?': 'Giá tại Hoàng Yến Villa Dalat có thể khác nhau tùy vào kỳ nghỉ của bạn (ví dụ: ngày bạn chọn, chính sách khách sạn,v.v.). Vui lòng xem giá bằng cách nhập ngày của bạn.', 'Hoàng Yến Villa Dalat có bể sục cho khách không?': 'Chỗ nghỉ có bể sục. Bạn có thể tìm hiểu thêm về điều này và các tiện nghi khác tại Hoàng Yến Villa Dalat trên trang này.'}"
https://www.booking.com/hotel/vn/tigold-hostel-dalat-inn-nature.vi.html,"{'TIGOLD hostel Dalat Inn nature có những loại phòng nào?': 'Lựa chọn phòng tại T, I, G, O, L, D hostel Dalat Inn nature bao gồm: Phòng giường đôi, Phòng tập thể', 'TIGOLD hostel Dalat Inn nature có giờ nhận và trả phòng như thế nào?': 'T, I, G, O, L, D hostel Dalat Inn nature có giờ nhận phòng từ 14:00 và giờ trả phòng trước 11:00.', 'Tôi có thể làm gì ở TIGOLD hostel Dalat Inn nature?': 'T, I, G, O, L, D hostel Dalat Inn nature có những hoạt động/dịch vụ sau (có thể áp dụng phí):', 'TIGOLD hostel Dalat Inn nature cách trung tâm Đà Lạt bao xa?': 'T, I, G, O, L, D hostel Dalat Inn nature cách trung tâm Đà Lạt 950 m.\nTất cả khoảng cách được đo theo đường thẳng. Khoảng cách di chuyển thực sự có thể khác.', 'Chi phí nghỉ tại TIGOLD hostel Dalat Inn nature là bao nhiêu?': 'Giá tại T, I, G, O, L, D hostel Dalat Inn nature có thể khác nhau tùy vào kỳ nghỉ của bạn (ví dụ: ngày bạn chọn, chính sách khách sạn,v.v.). Vui lòng xem giá bằng cách nhập ngày của bạn.'}"
https://www.booking.com/hotel/vn/little-house-thanh-pho-da-lat1.vi.html,"{'Chi phí nghỉ tại Little House Homestay Đà Lạt, Trung Tâm Thành Phố là bao nhiêu?': 'Giá tại Little House Homestay Đà Lạt, Trung Tâm Thành Phố có thể khác nhau tùy vào kỳ nghỉ của bạn (ví dụ: ngày bạn chọn, chính sách khách sạn,v.v.). Vui lòng xem giá bằng cách nhập ngày của bạn.', 'Little House Homestay Đà Lạt, Trung Tâm Thành Phố có những loại phòng nào?': 'Lựa chọn phòng tại Little House Homestay Đà Lạt, Trung Tâm Thành Phố bao gồm: Phòng giường đôi, Phòng 4 người', 'Little House Homestay Đà Lạt, Trung Tâm Thành Phố có phục vụ dạng bữa sáng nào?': 'Khách lưu trú tại Little House Homestay Đà Lạt, Trung Tâm Thành Phố có thể tận hưởng bữa sáng được đánh giá cao trong kỳ nghỉ của họ (điểm đánh giá của khách: 7.5)\n\nLựa chọn bữa sáng bao gồm: Kiểu Ý', 'Tôi có thể làm gì ở Little House Homestay Đà Lạt, Trung Tâm Thành Phố?': 'Little House Homestay Đà Lạt, Trung Tâm Thành Phố có những hoạt động/dịch vụ sau (có thể áp dụng phí): Sân chơi trẻ em', 'Little House Homestay Đà Lạt, Trung Tâm Thành Phố có giờ nhận và trả phòng như thế nào?': 'Little House Homestay Đà Lạt, Trung Tâm Thành Phố có giờ nhận phòng từ 14:00 và giờ trả phòng trước 12:00.', 'Little House Homestay Đà Lạt, Trung Tâm Thành Phố cách trung tâm Đà Lạt bao xa?': 'Little House Homestay Đà Lạt, Trung Tâm Thành Phố cách trung tâm Đà Lạt 400 m.\nTất cả khoảng cách được đo theo đường thẳng. Khoảng cách di chuyển thực sự có thể khác.', 'Little House Homestay Đà Lạt, Trung Tâm Thành Phố có phổ biến với các gia đình không?': 'Có, Little House Homestay Đà Lạt, Trung Tâm Thành Phố khá phổ biến đối với khách đặt kỳ nghỉ gia đình.'}"
https://www.booking.com/hotel/vn/hoa-lan-thanh-pho-da-lat1.vi.html,"{'Tôi có thể làm gì ở Hoa Lan Hotel?': 'Hoa Lan Hotel có những hoạt động/dịch vụ sau (có thể áp dụng phí):', 'Hoa Lan Hotel cách trung tâm Đà Lạt bao xa?': 'Hoa Lan Hotel cách trung tâm Đà Lạt 1,5 km.\nTất cả khoảng cách được đo theo đường thẳng. Khoảng cách di chuyển thực sự có thể khác.', 'Chi phí nghỉ tại Hoa Lan Hotel là bao nhiêu?': 'Giá tại Hoa Lan Hotel có thể khác nhau tùy vào kỳ nghỉ của bạn (ví dụ: ngày bạn chọn, chính sách khách sạn,v.v.). Vui lòng xem giá bằng cách nhập ngày của bạn.', 'Hoa Lan Hotel có những loại phòng nào?': 'Lựa chọn phòng tại Hoa Lan Hotel bao gồm: Phòng giường đôi, Phòng gia đình', 'Hoa Lan Hotel có giờ nhận và trả phòng như thế nào?': 'Hoa Lan Hotel có giờ nhận phòng từ 14:00 và giờ trả phòng trước 12:00.', 'Hoa Lan Hotel có phổ biến với các gia đình không?': 'Có, Hoa Lan Hotel khá phổ biến đối với khách đặt kỳ nghỉ gia đình.'}"
https://www.booking.com/hotel/vn/da-lat-stargaze-home.vi.html,"{'Tôi có thể làm gì ở Dalat Rose Hill Villa - Moutain View?': 'Dalat Rose Hill Villa - Moutain View có những hoạt động/dịch vụ sau (có thể áp dụng phí):', 'Dalat Rose Hill Villa - Moutain View cách trung tâm Đà Lạt bao xa?': 'Dalat Rose Hill Villa - Moutain View cách trung tâm Đà Lạt 1,6 km.\nTất cả khoảng cách được đo theo đường thẳng. Khoảng cách di chuyển thực sự có thể khác.', 'Chi phí nghỉ tại Dalat Rose Hill Villa - Moutain View là bao nhiêu?': 'Giá tại Dalat Rose Hill Villa - Moutain View có thể khác nhau tùy vào kỳ nghỉ của bạn (ví dụ: ngày bạn chọn, chính sách khách sạn,v.v.). Vui lòng xem giá bằng cách nhập ngày của bạn.', 'Dalat Rose Hill Villa - Moutain View có giờ nhận và trả phòng như thế nào?': 'Dalat Rose Hill Villa - Moutain View có giờ nhận phòng từ 14:00 và giờ trả phòng trước 12:00.'}"
https://www.booking.com/hotel/vn/po-sam-tuyen-lam-resort-dalat.vi.html,"{'Sam Tuyen Lam Resort có giờ nhận và trả phòng như thế nào?': 'Sam Tuyen Lam Resort có giờ nhận phòng từ 13:00 và giờ trả phòng trước 12:00.', 'Sam Tuyen Lam Resort có phổ biến với các gia đình không?': 'Có, Sam Tuyen Lam Resort khá phổ biến đối với khách đặt kỳ nghỉ gia đình.', 'Sam Tuyen Lam Resort có nhà hàng trong khuôn viên không?': 'Sam Tuyen Lam Resort có 1 nhà hàng: Nhà hàng', 'Tôi có thể làm gì ở Sam Tuyen Lam Resort?': 'Sam Tuyen Lam Resort có những hoạt động/dịch vụ sau (có thể áp dụng phí): Massage, Đi bộ đường dài, Sân chơi trẻ em, Sân gôn (trong vòng 3km)', 'Chi phí nghỉ tại Sam Tuyen Lam Resort là bao nhiêu?': 'Giá tại Sam Tuyen Lam Resort có thể khác nhau tùy vào kỳ nghỉ của bạn (ví dụ: ngày bạn chọn, chính sách khách sạn,v.v.). Vui lòng xem giá bằng cách nhập ngày của bạn.', 'Sam Tuyen Lam Resort cách trung tâm Đà Lạt bao xa?': 'Sam Tuyen Lam Resort cách trung tâm Đà Lạt 6 km.\nTất cả khoảng cách được đo theo đường thẳng. Khoảng cách di chuyển thực sự có thể khác.'}"
https://www.booking.com/hotel/vn/villa-da-lat-tn1.vi.html,"{'Villa đà lạt Trung Nghĩa 1 có giờ nhận và trả phòng như thế nào?': 'Villa đà lạt Trung Nghĩa 1 có giờ nhận phòng từ 14:00 và giờ trả phòng trước 12:00.', 'Tôi có thể làm gì ở Villa đà lạt Trung Nghĩa 1?': 'Villa đà lạt Trung Nghĩa 1 có những hoạt động/dịch vụ sau (có thể áp dụng phí):', 'Bao nhiêu khách có thể lưu trú tại Villa đà lạt Trung Nghĩa 1?': 'Bạn có thể chọn từ nhiều lựa chọn chỗ nghỉ tại Villa đà lạt Trung Nghĩa 1 (tùy vào tình trạng có sẵn). Những chỗ này có thể tiếp đón: 2 khách20 khách4 khách\n\nĐể biết thêm thông tin, vui lòng kiểm tra chi tiết (các) lựa chọn chỗ nghỉ ở trang này.', 'Villa đà lạt Trung Nghĩa 1 có phổ biến với các gia đình không?': 'Có, Villa đà lạt Trung Nghĩa 1 khá phổ biến đối với khách đặt kỳ nghỉ gia đình.', 'Villa đà lạt Trung Nghĩa 1 có bao nhiêu phòng ngủ?': 'Bạn có thể chọn từ nhiều lựa chọn chỗ nghỉ tại Villa đà lạt Trung Nghĩa 1 (tùy vào tình trạng có sẵn). Những chỗ này có: 1 phòng ngủ2 phòng ngủ6 phòng ngủ\n\nĐể biết thêm thông tin, vui lòng kiểm tra chi tiết (các) lựa chọn chỗ nghỉ ở trang này.', 'Villa đà lạt Trung Nghĩa 1 có ban công không?': 'Có, nhiều lựa chọn tại chỗ nghỉ này có ban công. Bạn có thể tìm hiểu thêm về điều này và các tiện nghi khác tại Villa đà lạt Trung Nghĩa 1 trên trang này.', 'Chi phí nghỉ tại Villa đà lạt Trung Nghĩa 1 là bao nhiêu?': 'Giá tại Villa đà lạt Trung Nghĩa 1 có thể khác nhau tùy vào kỳ nghỉ của bạn (ví dụ: ngày bạn chọn, chính sách khách sạn,v.v.). Vui lòng xem giá bằng cách nhập ngày của bạn.', 'Villa đà lạt Trung Nghĩa 1 cách trung tâm Ấp Ða Lợi bao xa?': 'Villa đà lạt Trung Nghĩa 1 cách trung tâm Ấp Ða Lợi 950 m.\nTất cả khoảng cách được đo theo đường thẳng. Khoảng cách di chuyển thực sự có thể khác.'}"
https://www.booking.com/hotel/vn/villa-hoa-mi-da-lat.vi.html,"{'Hoa Mi Condotel có giờ nhận và trả phòng như thế nào?': 'Hoa Mi Condotel có giờ nhận phòng từ 14:00 và giờ trả phòng trước 11:00.', 'Hoa Mi Condotel có phổ biến với các gia đình không?': 'Có, Hoa Mi Condotel khá phổ biến đối với khách đặt kỳ nghỉ gia đình.', 'Bao nhiêu khách có thể lưu trú tại Hoa Mi Condotel?': 'Bạn có thể chọn từ nhiều lựa chọn chỗ nghỉ tại Hoa Mi Condotel (tùy vào tình trạng có sẵn). Những chỗ này có thể tiếp đón: 3 khách6 khách\n\nĐể biết thêm thông tin, vui lòng kiểm tra chi tiết (các) lựa chọn chỗ nghỉ ở trang này.', 'Hoa Mi Condotel cách trung tâm Đà Lạt bao xa?': 'Hoa Mi Condotel cách trung tâm Đà Lạt 1,1 km.\nTất cả khoảng cách được đo theo đường thẳng. Khoảng cách di chuyển thực sự có thể khác.', 'Hoa Mi Condotel có bao nhiêu phòng ngủ?': 'Bạn có thể chọn từ nhiều lựa chọn chỗ nghỉ tại Hoa Mi Condotel (tùy vào tình trạng có sẵn). Những chỗ này có: 1 phòng ngủ2 phòng ngủ\n\nĐể biết thêm thông tin, vui lòng kiểm tra chi tiết (các) lựa chọn chỗ nghỉ ở trang này.', 'Chi phí nghỉ tại Hoa Mi Condotel là bao nhiêu?': 'Giá tại Hoa Mi Condotel có thể khác nhau tùy vào kỳ nghỉ của bạn (ví dụ: ngày bạn chọn, chính sách khách sạn,v.v.). Vui lòng xem giá bằng cách nhập ngày của bạn.', 'Hoa Mi Condotel có sân hiên không?': 'Có, nhiều lựa chọn tại chỗ nghỉ này có sân hiên. Bạn có thể tìm hiểu thêm về điều này và các tiện nghi khác tại Hoa Mi Condotel trên trang này.', 'Hoa Mi Condotel có ban công không?': 'Có, nhiều lựa chọn tại chỗ nghỉ này có ban công. Bạn có thể tìm hiểu thêm về điều này và các tiện nghi khác tại Hoa Mi Condotel trên trang này.', 'Tôi có thể làm gì ở Hoa Mi Condotel?': 'Hoa Mi Condotel có những hoạt động/dịch vụ sau (có thể áp dụng phí): Xe đạp, Đi bộ đường dài, Bida, Sân tennis, Sân gôn mini, Sân gôn (trong vòng 3km)Cho thuê xe đạp, Thể dục nhịp điệu (aerobic)Cưỡi ngựa, Nhảy/khám phá bar, Biểu diễn/nhạc sống'}"
https://www.booking.com/hotel/vn/in-real-life.vi.html,"{'In Real Life cách trung tâm Khu Chi Lăng bao xa?': 'In Real Life cách trung tâm Khu Chi Lăng 600 m.\nTất cả khoảng cách được đo theo đường thẳng. Khoảng cách di chuyển thực sự có thể khác.', 'In Real Life có những loại phòng nào?': 'Lựa chọn phòng tại In Real Life bao gồm: Phòng giường đôi, Phòng 3 người, Phòng 4 người, Căn hộ', 'In Real Life có giờ nhận và trả phòng như thế nào?': 'In Real Life có giờ nhận phòng từ 12:00 và giờ trả phòng trước 12:00.', 'Chi phí nghỉ tại In Real Life là bao nhiêu?': 'Giá tại In Real Life có thể khác nhau tùy vào kỳ nghỉ của bạn (ví dụ: ngày bạn chọn, chính sách khách sạn,v.v.). Vui lòng xem giá bằng cách nhập ngày của bạn.', 'Tôi có thể làm gì ở In Real Life?': 'In Real Life có những hoạt động/dịch vụ sau (có thể áp dụng phí):'}"
https://www.booking.com/hotel/vn/an-yen-villa.vi.html,"{'An Yên Villa Đà Lạt cách trung tâm Đà Lạt bao xa?': 'An Yên Villa Đà Lạt cách trung tâm Đà Lạt 3 km.\nTất cả khoảng cách được đo theo đường thẳng. Khoảng cách di chuyển thực sự có thể khác.', 'Tôi có thể làm gì ở An Yên Villa Đà Lạt?': 'An Yên Villa Đà Lạt có những hoạt động/dịch vụ sau (có thể áp dụng phí):', 'An Yên Villa Đà Lạt có giờ nhận và trả phòng như thế nào?': 'An Yên Villa Đà Lạt có giờ nhận phòng từ 13:00 và giờ trả phòng trước 11:00.', 'An Yên Villa Đà Lạt có những loại phòng nào?': 'Lựa chọn phòng tại An Yên Villa Đà Lạt bao gồm: Phòng giường đôi, Suite, Chalet', 'Chi phí nghỉ tại An Yên Villa Đà Lạt là bao nhiêu?': 'Giá tại An Yên Villa Đà Lạt có thể khác nhau tùy vào kỳ nghỉ của bạn (ví dụ: ngày bạn chọn, chính sách khách sạn,v.v.). Vui lòng xem giá bằng cách nhập ngày của bạn.'}"
https://www.booking.com/hotel/vn/marigold-dalat.vi.html,"{'Tôi có thể làm gì ở Marigold Hotel Dalat?': 'Marigold Hotel Dalat có những hoạt động/dịch vụ sau (có thể áp dụng phí): Đi bộ đường dài, Tour đi bộ, Tour đi xe đạp, Tour/lớp về văn hóa địa phương', 'Marigold Hotel Dalat cách trung tâm Đà Lạt bao xa?': 'Marigold Hotel Dalat cách trung tâm Đà Lạt 500 m.\nTất cả khoảng cách được đo theo đường thẳng. Khoảng cách di chuyển thực sự có thể khác.', 'Marigold Hotel Dalat có những loại phòng nào?': 'Lựa chọn phòng tại Marigold Hotel Dalat bao gồm: Phòng giường đôi, Phòng 2 giường đơn Phòng gia đình, Suite', 'Marigold Hotel Dalat có giờ nhận và trả phòng như thế nào?': 'Marigold Hotel Dalat có giờ nhận phòng từ 14:00 và giờ trả phòng trước 12:00.', 'Chi phí nghỉ tại Marigold Hotel Dalat là bao nhiêu?': 'Giá tại Marigold Hotel Dalat có thể khác nhau tùy vào kỳ nghỉ của bạn (ví dụ: ngày bạn chọn, chính sách khách sạn,v.v.). Vui lòng xem giá bằng cách nhập ngày của bạn.'}"
https://www.booking.com/hotel/vn/lavender-glamping-and-resorts-dalat.vi.html,"{'Lavender Dalat Hotel and Resorts có nhà hàng trong khuôn viên không?': 'Lavender Dalat Hotel and Resorts có 1 nhà hàng: Restaurant #1', 'Lavender Dalat Hotel and Resorts có phục vụ dạng bữa sáng nào?': 'Khách lưu trú tại Lavender Dalat Hotel and Resorts có thể tận hưởng bữa sáng được đánh giá cao trong kỳ nghỉ của họ (điểm đánh giá của khách: 7.5)\n\nLựa chọn bữa sáng bao gồm: Kiểu Á, Gọi món (à la carte)', 'Lavender Dalat Hotel and Resorts có phổ biến với các gia đình không?': 'Có, Lavender Dalat Hotel and Resorts khá phổ biến đối với khách đặt kỳ nghỉ gia đình.', 'Lavender Dalat Hotel and Resorts có giờ nhận và trả phòng như thế nào?': 'Lavender Dalat Hotel and Resorts có giờ nhận phòng từ 14:00 và giờ trả phòng trước 12:00.', 'Tôi có thể làm gì ở Lavender Dalat Hotel and Resorts?': 'Lavender Dalat Hotel and Resorts có những hoạt động/dịch vụ sau (có thể áp dụng phí):', 'Lavender Dalat Hotel and Resorts cách trung tâm Đà Lạt bao xa?': 'Lavender Dalat Hotel and Resorts cách trung tâm Đà Lạt 5 km.\nTất cả khoảng cách được đo theo đường thẳng. Khoảng cách di chuyển thực sự có thể khác.', 'Chi phí nghỉ tại Lavender Dalat Hotel and Resorts là bao nhiêu?': 'Giá tại Lavender Dalat Hotel and Resorts có thể khác nhau tùy vào kỳ nghỉ của bạn (ví dụ: ngày bạn chọn, chính sách khách sạn,v.v.). Vui lòng xem giá bằng cách nhập ngày của bạn.', 'Lavender Dalat Hotel and Resorts có những loại phòng nào?': 'Lựa chọn phòng tại Lavender Dalat Hotel and Resorts bao gồm: Phòng giường đôi, Phòng 2 giường đơn Nhà di động'}"
https://www.booking.com/hotel/vn/homestay-da-blah.vi.html,"{'Tôi có thể làm gì ở Homestay Da Blah?': 'Homestay Da Blah có những hoạt động/dịch vụ sau (có thể áp dụng phí): Sân chơi trẻ em, Bóng bàn, Karaoke', 'Homestay Da Blah có giờ nhận và trả phòng như thế nào?': 'Homestay Da Blah có giờ nhận phòng từ 14:00 và giờ trả phòng trước 12:00.', 'Chi phí nghỉ tại Homestay Da Blah là bao nhiêu?': 'Giá tại Homestay Da Blah có thể khác nhau tùy vào kỳ nghỉ của bạn (ví dụ: ngày bạn chọn, chính sách khách sạn,v.v.). Vui lòng xem giá bằng cách nhập ngày của bạn.', 'Homestay Da Blah cách trung tâm Da Ðeum (2) bao xa?': 'Homestay Da Blah cách trung tâm Da Ðeum (2) 6 km.\nTất cả khoảng cách được đo theo đường thẳng. Khoảng cách di chuyển thực sự có thể khác.'}"
https://www.booking.com/hotel/vn/ks-thu-hien-thanh-pho-da-lat.vi.html,"{'Tôi có thể làm gì ở Ks Thu Hiền?': 'Ks Thu Hiền có những hoạt động/dịch vụ sau (có thể áp dụng phí):', 'Chi phí nghỉ tại Ks Thu Hiền là bao nhiêu?': 'Giá tại Ks Thu Hiền có thể khác nhau tùy vào kỳ nghỉ của bạn (ví dụ: ngày bạn chọn, chính sách khách sạn,v.v.). Vui lòng xem giá bằng cách nhập ngày của bạn.', 'Ks Thu Hiền có những loại phòng nào?': 'Lựa chọn phòng tại Ks Thu Hiền bao gồm: Phòng gia đình, Phòng 4 người, Phòng giường đôi', 'Ks Thu Hiền có giờ nhận và trả phòng như thế nào?': 'Ks Thu Hiền có giờ nhận phòng từ 12:00 và giờ trả phòng trước 11:00.', 'Ks Thu Hiền cách trung tâm Đà Lạt bao xa?': 'Ks Thu Hiền cách trung tâm Đà Lạt 250 m.\nTất cả khoảng cách được đo theo đường thẳng. Khoảng cách di chuyển thực sự có thể khác.'}"
https://www.booking.com/hotel/vn/nha-min.vi.html,"{'Tôi có thể làm gì ở Nhà Mìn?': 'Nhà Mìn có những hoạt động/dịch vụ sau (có thể áp dụng phí):', 'Nhà Mìn cách trung tâm Đà Lạt bao xa?': 'Nhà Mìn cách trung tâm Đà Lạt 1,8 km.\nTất cả khoảng cách được đo theo đường thẳng. Khoảng cách di chuyển thực sự có thể khác.', 'Chi phí nghỉ tại Nhà Mìn là bao nhiêu?': 'Giá tại Nhà Mìn có thể khác nhau tùy vào kỳ nghỉ của bạn (ví dụ: ngày bạn chọn, chính sách khách sạn,v.v.). Vui lòng xem giá bằng cách nhập ngày của bạn.', 'Nhà Mìn có giờ nhận và trả phòng như thế nào?': 'Nhà Mìn có giờ nhận phòng từ 04:00 và giờ trả phòng trước 04:00.', 'Nhà Mìn có bao nhiêu phòng ngủ?': 'Nhà Mìn có số lượng phòng ngủ như sau: 1 phòng ngủ\n\nĐể biết thêm thông tin, vui lòng kiểm tra chi tiết (các) lựa chọn chỗ nghỉ ở trang này.', 'Nhà Mìn có sân hiên không?': 'Có, nhiều lựa chọn tại chỗ nghỉ này có sân hiên. Bạn có thể tìm hiểu thêm về điều này và các tiện nghi khác tại Nhà Mìn trên trang này.', 'Nhà Mìn có phổ biến với các gia đình không?': 'Có, Nhà Mìn khá phổ biến đối với khách đặt kỳ nghỉ gia đình.', 'Bao nhiêu khách có thể lưu trú tại Nhà Mìn?': 'Nhà Mìn có thể tiếp đón nhóm có số lượng như sau: 10 khách\n\nĐể biết thêm thông tin, vui lòng kiểm tra chi tiết (các) lựa chọn chỗ nghỉ ở trang này.'}"
https://www.booking.com/hotel/vn/nha-nguyen-can-don-6-10-khach.vi.html,"{'Đà Lạt - Villa mini 23-5TTH có sân hiên không?': 'Có, nhiều lựa chọn tại chỗ nghỉ này có sân hiên. Bạn có thể tìm hiểu thêm về điều này và các tiện nghi khác tại Đà Lạt - Villa mini 23-5T, T, H trên trang này.', 'Đà Lạt - Villa mini 23-5TTH cách trung tâm Đà Lạt bao xa?': 'Đà Lạt - Villa mini 23-5T, T, H cách trung tâm Đà Lạt 1,6 km.\nTất cả khoảng cách được đo theo đường thẳng. Khoảng cách di chuyển thực sự có thể khác.', 'Chi phí nghỉ tại Đà Lạt - Villa mini 23-5TTH là bao nhiêu?': 'Giá tại Đà Lạt - Villa mini 23-5T, T, H có thể khác nhau tùy vào kỳ nghỉ của bạn (ví dụ: ngày bạn chọn, chính sách khách sạn,v.v.). Vui lòng xem giá bằng cách nhập ngày của bạn.', 'Bao nhiêu khách có thể lưu trú tại Đà Lạt - Villa mini 23-5TTH?': 'Đà Lạt - Villa mini 23-5T, T, H có thể tiếp đón nhóm có số lượng như sau: 10 khách\n\nĐể biết thêm thông tin, vui lòng kiểm tra chi tiết (các) lựa chọn chỗ nghỉ ở trang này.', 'Đà Lạt - Villa mini 23-5TTH có giờ nhận và trả phòng như thế nào?': 'Đà Lạt - Villa mini 23-5T, T, H có giờ nhận phòng từ 14:00 và giờ trả phòng trước 12:00.', 'Đà Lạt - Villa mini 23-5TTH có phổ biến với các gia đình không?': 'Có, Đà Lạt - Villa mini 23-5T, T, H khá phổ biến đối với khách đặt kỳ nghỉ gia đình.', 'Đà Lạt - Villa mini 23-5TTH có bao nhiêu phòng ngủ?': 'Đà Lạt - Villa mini 23-5T, T, H có số lượng phòng ngủ như sau: 4 phòng ngủ\n\nĐể biết thêm thông tin, vui lòng kiểm tra chi tiết (các) lựa chọn chỗ nghỉ ở trang này.', 'Tôi có thể làm gì ở Đà Lạt - Villa mini 23-5TTH?': 'Đà Lạt - Villa mini 23-5T, T, H có những hoạt động/dịch vụ sau (có thể áp dụng phí): Nhảy/khám phá bar, Bắn cung, Tour đi bộ, Cho thuê xe đạp, Đêm phim, Tour đi xe đạp'}"
https://www.booking.com/hotel/vn/dalat-feliz-home.vi.html,"{'Feliz Dalat Homestay cách trung tâm Đà Lạt bao xa?': 'Feliz Dalat Homestay cách trung tâm Đà Lạt 300 m.\nTất cả khoảng cách được đo theo đường thẳng. Khoảng cách di chuyển thực sự có thể khác.', 'Feliz Dalat Homestay có phổ biến với các gia đình không?': 'Có, Feliz Dalat Homestay khá phổ biến đối với khách đặt kỳ nghỉ gia đình.', 'Chi phí nghỉ tại Feliz Dalat Homestay là bao nhiêu?': 'Giá tại Feliz Dalat Homestay có thể khác nhau tùy vào kỳ nghỉ của bạn (ví dụ: ngày bạn chọn, chính sách khách sạn,v.v.). Vui lòng xem giá bằng cách nhập ngày của bạn.', 'Feliz Dalat Homestay có giờ nhận và trả phòng như thế nào?': 'Feliz Dalat Homestay có giờ nhận phòng từ 14:00 và giờ trả phòng trước 12:00.', 'Tôi có thể làm gì ở Feliz Dalat Homestay?': 'Feliz Dalat Homestay có những hoạt động/dịch vụ sau (có thể áp dụng phí):'}"
https://www.booking.com/hotel/vn/nha-so-39-the-39-house-in-da-lat.vi.html,"{'Chi phí nghỉ tại Nhà số 39 - the 39 house in Da Lat là bao nhiêu?': 'Giá tại Nhà số 39 - the 39 house in Da Lat có thể khác nhau tùy vào kỳ nghỉ của bạn (ví dụ: ngày bạn chọn, chính sách khách sạn,v.v.). Vui lòng xem giá bằng cách nhập ngày của bạn.', 'Nhà số 39 - the 39 house in Da Lat có giờ nhận và trả phòng như thế nào?': 'Nhà số 39 - the 39 house in Da Lat có giờ nhận phòng từ 14:00 và giờ trả phòng trước 11:00.', 'Nhà số 39 - the 39 house in Da Lat có ban công không?': 'Có, nhiều lựa chọn tại chỗ nghỉ này có ban công. Bạn có thể tìm hiểu thêm về điều này và các tiện nghi khác tại Nhà số 39 - the 39 house in Da Lat trên trang này.', 'Nhà số 39 - the 39 house in Da Lat cách trung tâm Đà Lạt bao xa?': 'Nhà số 39 - the 39 house in Da Lat cách trung tâm Đà Lạt 250 m.\nTất cả khoảng cách được đo theo đường thẳng. Khoảng cách di chuyển thực sự có thể khác.', 'Nhà số 39 - the 39 house in Da Lat có phổ biến với các gia đình không?': 'Có, Nhà số 39 - the 39 house in Da Lat khá phổ biến đối với khách đặt kỳ nghỉ gia đình.', 'Nhà số 39 - the 39 house in Da Lat có bao nhiêu phòng ngủ?': 'Nhà số 39 - the 39 house in Da Lat có số lượng phòng ngủ như sau: 4 phòng ngủ\n\nĐể biết thêm thông tin, vui lòng kiểm tra chi tiết (các) lựa chọn chỗ nghỉ ở trang này.', 'Bao nhiêu khách có thể lưu trú tại Nhà số 39 - the 39 house in Da Lat?': 'Nhà số 39 - the 39 house in Da Lat có thể tiếp đón nhóm có số lượng như sau: 8 khách\n\nĐể biết thêm thông tin, vui lòng kiểm tra chi tiết (các) lựa chọn chỗ nghỉ ở trang này.', 'Tôi có thể làm gì ở Nhà số 39 - the 39 house in Da Lat?': 'Nhà số 39 - the 39 house in Da Lat có những hoạt động/dịch vụ sau (có thể áp dụng phí):'}"
https://www.booking.com/hotel/vn/la-garden-villa.vi.html,"{'Chi phí nghỉ tại La Garden Villa là bao nhiêu?': 'Giá tại La Garden Villa có thể khác nhau tùy vào kỳ nghỉ của bạn (ví dụ: ngày bạn chọn, chính sách khách sạn,v.v.). Vui lòng xem giá bằng cách nhập ngày của bạn.', 'La Garden Villa có những loại phòng nào?': 'Lựa chọn phòng tại La Garden Villa bao gồm: Phòng giường đôi, Suite', 'Tôi có thể làm gì ở La Garden Villa?': 'La Garden Villa có những hoạt động/dịch vụ sau (có thể áp dụng phí):', 'La Garden Villa cách trung tâm Khu Chi Lăng bao xa?': 'La Garden Villa cách trung tâm Khu Chi Lăng 1,6 km.\nTất cả khoảng cách được đo theo đường thẳng. Khoảng cách di chuyển thực sự có thể khác.', 'La Garden Villa có giờ nhận và trả phòng như thế nào?': 'La Garden Villa có giờ nhận phòng từ 14:00 và giờ trả phòng trước 12:00.'}"
https://www.booking.com/hotel/vn/po-raon-tht-hotel.vi.html,"{'Chi phí nghỉ tại Raon THT Hotel là bao nhiêu?': 'Giá tại Raon T, H, T Hotel có thể khác nhau tùy vào kỳ nghỉ của bạn (ví dụ: ngày bạn chọn, chính sách khách sạn,v.v.). Vui lòng xem giá bằng cách nhập ngày của bạn.', 'Raon THT Hotel cách trung tâm Đà Lạt bao xa?': 'Raon T, H, T Hotel cách trung tâm Đà Lạt 1,9 km.\nTất cả khoảng cách được đo theo đường thẳng. Khoảng cách di chuyển thực sự có thể khác.', 'Tôi có thể làm gì ở Raon THT Hotel?': 'Raon T, H, T Hotel có những hoạt động/dịch vụ sau (có thể áp dụng phí): Massage, Đi bộ đường dài, Tour/lớp về văn hóa địa phương', 'Raon THT Hotel có giờ nhận và trả phòng như thế nào?': 'Raon T, H, T Hotel có giờ nhận phòng từ 14:00 và giờ trả phòng trước 12:00.'}"
https://www.booking.com/hotel/vn/jolie-house-ap-da-thien.vi.html,"{'Jolie House có sân hiên không?': 'Có, nhiều lựa chọn tại chỗ nghỉ này có sân hiên. Bạn có thể tìm hiểu thêm về điều này và các tiện nghi khác tại Jolie House trên trang này.', 'Jolie House có giờ nhận và trả phòng như thế nào?': 'Jolie House có giờ nhận phòng từ 14:00 và giờ trả phòng trước 12:30.', 'Jolie House có bao nhiêu phòng ngủ?': 'Bạn có thể chọn từ nhiều lựa chọn chỗ nghỉ tại Jolie House (tùy vào tình trạng có sẵn). Những chỗ này có: 1 phòng ngủ2 phòng ngủ4 phòng ngủ\n\nĐể biết thêm thông tin, vui lòng kiểm tra chi tiết (các) lựa chọn chỗ nghỉ ở trang này.', 'Jolie House cách trung tâm Đà Lạt bao xa?': 'Jolie House cách trung tâm Đà Lạt 2,2 km.\nTất cả khoảng cách được đo theo đường thẳng. Khoảng cách di chuyển thực sự có thể khác.', 'Jolie House có ban công không?': 'Có, nhiều lựa chọn tại chỗ nghỉ này có ban công. Bạn có thể tìm hiểu thêm về điều này và các tiện nghi khác tại Jolie House trên trang này.', 'Bao nhiêu khách có thể lưu trú tại Jolie House?': 'Bạn có thể chọn từ nhiều lựa chọn chỗ nghỉ tại Jolie House (tùy vào tình trạng có sẵn). Những chỗ này có thể tiếp đón: 16 khách3 khách6 khách\n\nĐể biết thêm thông tin, vui lòng kiểm tra chi tiết (các) lựa chọn chỗ nghỉ ở trang này.', 'Jolie House có phổ biến với các gia đình không?': 'Có, Jolie House khá phổ biến đối với khách đặt kỳ nghỉ gia đình.', 'Tôi có thể làm gì ở Jolie House?': 'Jolie House có những hoạt động/dịch vụ sau (có thể áp dụng phí): Bowling, Sân tennis, Câu cáSân gôn (trong vòng 3km)Giải trí buổi tối, Sự kiện thể thao (truyền hình trực tiếp)Tour đi bộ, Cho thuê xe đạp, Tour đi xe đạp, Cưỡi ngựa', 'Chi phí nghỉ tại Jolie House là bao nhiêu?': 'Giá tại Jolie House có thể khác nhau tùy vào kỳ nghỉ của bạn (ví dụ: ngày bạn chọn, chính sách khách sạn,v.v.). Vui lòng xem giá bằng cách nhập ngày của bạn.'}"
https://www.booking.com/hotel/vn/love-hill-resort.vi.html,"{'Chi phí nghỉ tại Love Hill Resort là bao nhiêu?': 'Giá tại Love Hill Resort có thể khác nhau tùy vào kỳ nghỉ của bạn (ví dụ: ngày bạn chọn, chính sách khách sạn,v.v.). Vui lòng xem giá bằng cách nhập ngày của bạn.', 'Love Hill Resort có hồ bơi không?': 'Có, khách sạn này có hồ bơi. Tìm hiểu chi tiết về hồ bơi và các tiện nghi khác trong trang này.', 'Love Hill Resort có phổ biến với các gia đình không?': 'Có, Love Hill Resort khá phổ biến đối với khách đặt kỳ nghỉ gia đình.', 'Love Hill Resort cách trung tâm Đà Lạt bao xa?': 'Love Hill Resort cách trung tâm Đà Lạt 5 km.\nTất cả khoảng cách được đo theo đường thẳng. Khoảng cách di chuyển thực sự có thể khác.', 'Tôi có thể làm gì ở Love Hill Resort?': 'Love Hill Resort có những hoạt động/dịch vụ sau (có thể áp dụng phí): Trung tâm thể dục, Hồ bơi', 'Love Hill Resort có giờ nhận và trả phòng như thế nào?': 'Love Hill Resort có giờ nhận phòng từ 14:00 và giờ trả phòng trước 12:00.', 'Love Hill Resort có những loại phòng nào?': 'Lựa chọn phòng tại Love Hill Resort bao gồm: Phòng giường đôi, Phòng 2 giường đơn Phòng 3 người, Phòng đơn, Biệt thự'}"
https://www.booking.com/hotel/vn/the-1954-house.vi.html,"{'The 1954 House có giờ nhận và trả phòng như thế nào?': 'The 1954 House có giờ nhận phòng từ 14:00 và giờ trả phòng trước 11:30.', 'Tôi có thể làm gì ở The 1954 House?': 'The 1954 House có những hoạt động/dịch vụ sau (có thể áp dụng phí):', 'Chi phí nghỉ tại The 1954 House là bao nhiêu?': 'Giá tại The 1954 House có thể khác nhau tùy vào kỳ nghỉ của bạn (ví dụ: ngày bạn chọn, chính sách khách sạn,v.v.). Vui lòng xem giá bằng cách nhập ngày của bạn.', 'The 1954 House có bao nhiêu phòng ngủ?': 'Bạn có thể chọn từ nhiều lựa chọn chỗ nghỉ tại The 1954 House (tùy vào tình trạng có sẵn). Những chỗ này có: 1 phòng ngủ3 phòng ngủ4 phòng ngủ\n\nĐể biết thêm thông tin, vui lòng kiểm tra chi tiết (các) lựa chọn chỗ nghỉ ở trang này.', 'Bao nhiêu khách có thể lưu trú tại The 1954 House?': 'Bạn có thể chọn từ nhiều lựa chọn chỗ nghỉ tại The 1954 House (tùy vào tình trạng có sẵn). Những chỗ này có thể tiếp đón: 10 khách12 khách2 khách4 khách\n\nĐể biết thêm thông tin, vui lòng kiểm tra chi tiết (các) lựa chọn chỗ nghỉ ở trang này.', 'The 1954 House có phổ biến với các gia đình không?': 'Có, The 1954 House khá phổ biến đối với khách đặt kỳ nghỉ gia đình.', 'The 1954 House cách trung tâm Đà Lạt bao xa?': 'The 1954 House cách trung tâm Đà Lạt 1,3 km.\nTất cả khoảng cách được đo theo đường thẳng. Khoảng cách di chuyển thực sự có thể khác.'}"
https://www.booking.com/hotel/vn/n-39-queen-villa.vi.html,"{""Tôi có thể làm gì ở N'Queen Villa?"": ""N'Queen Villa có những hoạt động/dịch vụ sau (có thể áp dụng phí): Bồn tắm nóng/bể sục (Jacuzzi)Xe đạp, Đi bộ đường dài, Bowling, Câu cáSân gôn mini, Sân gôn (trong vòng 3km)Tour/lớp về văn hóa địa phương, Cho thuê xe đạp, Tour đi bộ, Cưỡi ngựa, Biểu diễn/nhạc sống, Tour đi xe đạp, Lớp dạy nấu ăn, Sự kiện thể thao (truyền hình trực tiếp)"", ""N'Queen Villa có bể sục cho khách không?"": ""Chỗ nghỉ có bể sục. Bạn có thể tìm hiểu thêm về điều này và các tiện nghi khác tại N'Queen Villa trên trang này."", ""N'Queen Villa cách trung tâm Đà Lạt bao xa?"": ""N'Queen Villa cách trung tâm Đà Lạt 1,6 km.\nTất cả khoảng cách được đo theo đường thẳng. Khoảng cách di chuyển thực sự có thể khác."", ""N'Queen Villa có bao nhiêu phòng ngủ?"": ""N'Queen Villa có số lượng phòng ngủ như sau: 1 phòng ngủ\n\nĐể biết thêm thông tin, vui lòng kiểm tra chi tiết (các) lựa chọn chỗ nghỉ ở trang này."", ""N'Queen Villa có giờ nhận và trả phòng như thế nào?"": ""N'Queen Villa có giờ nhận phòng từ 14:00 và giờ trả phòng trước 12:00."", ""Chi phí nghỉ tại N'Queen Villa là bao nhiêu?"": ""Giá tại N'Queen Villa có thể khác nhau tùy vào kỳ nghỉ của bạn (ví dụ: ngày bạn chọn, chính sách khách sạn,v.v.). Vui lòng xem giá bằng cách nhập ngày của bạn."", ""Bao nhiêu khách có thể lưu trú tại N'Queen Villa?"": ""Bạn có thể chọn từ nhiều lựa chọn chỗ nghỉ tại N'Queen Villa (tùy vào tình trạng có sẵn). Những chỗ này có thể tiếp đón: 2 khách4 khách\n\nĐể biết thêm thông tin, vui lòng kiểm tra chi tiết (các) lựa chọn chỗ nghỉ ở trang này."", ""N'Queen Villa có ban công không?"": ""Có, nhiều lựa chọn tại chỗ nghỉ này có ban công. Bạn có thể tìm hiểu thêm về điều này và các tiện nghi khác tại N'Queen Villa trên trang này."", ""N'Queen Villa có phổ biến với các gia đình không?"": ""Có, N'Queen Villa khá phổ biến đối với khách đặt kỳ nghỉ gia đình.""}"
https://www.booking.com/hotel/vn/crown-dalat.vi.html,"{'Crown Dalat Hotel có phổ biến với các gia đình không?': 'Có, Crown Dalat Hotel khá phổ biến đối với khách đặt kỳ nghỉ gia đình.', 'Tôi có thể làm gì ở Crown Dalat Hotel?': 'Crown Dalat Hotel có những hoạt động/dịch vụ sau (có thể áp dụng phí):', 'Crown Dalat Hotel có những loại phòng nào?': 'Lựa chọn phòng tại Crown Dalat Hotel bao gồm: Phòng giường đôi, Phòng 4 người, Phòng 3 người, Phòng gia đình, Phòng tập thể', 'Crown Dalat Hotel cách trung tâm Đà Lạt bao xa?': 'Crown Dalat Hotel cách trung tâm Đà Lạt 1,7 km.\nTất cả khoảng cách được đo theo đường thẳng. Khoảng cách di chuyển thực sự có thể khác.', 'Chi phí nghỉ tại Crown Dalat Hotel là bao nhiêu?': 'Giá tại Crown Dalat Hotel có thể khác nhau tùy vào kỳ nghỉ của bạn (ví dụ: ngày bạn chọn, chính sách khách sạn,v.v.). Vui lòng xem giá bằng cách nhập ngày của bạn.', 'Crown Dalat Hotel có giờ nhận và trả phòng như thế nào?': 'Crown Dalat Hotel có giờ nhận phòng từ 14:00 và giờ trả phòng trước 12:00.'}"
https://www.booking.com/hotel/vn/ct-home.vi.html,"{'CT Home có phổ biến với các gia đình không?': 'Có, C, T Home khá phổ biến đối với khách đặt kỳ nghỉ gia đình.', 'CT Home có bao nhiêu phòng ngủ?': 'C, T Home có số lượng phòng ngủ như sau: 2 phòng ngủ\n\nĐể biết thêm thông tin, vui lòng kiểm tra chi tiết (các) lựa chọn chỗ nghỉ ở trang này.', 'Tôi có thể làm gì ở CT Home?': 'C, T Home có những hoạt động/dịch vụ sau (có thể áp dụng phí): Trung tâm Spa & chăm sóc sức khoẻĐi bộ đường dài, Bowling, Sân tennis, Câu cáCa-nô, Sân gôn mini, Sân gôn (trong vòng 3km)Cưỡi ngựa, Cho thuê xe đạp', 'CT Home có giờ nhận và trả phòng như thế nào?': 'C, T Home có giờ nhận phòng từ 12:00 và giờ trả phòng trước 11:00.', 'Bao nhiêu khách có thể lưu trú tại CT Home?': 'C, T Home có thể tiếp đón nhóm có số lượng như sau: 8 khách\n\nĐể biết thêm thông tin, vui lòng kiểm tra chi tiết (các) lựa chọn chỗ nghỉ ở trang này.', 'CT Home có sân hiên không?': 'Có, nhiều lựa chọn tại chỗ nghỉ này có sân hiên. Bạn có thể tìm hiểu thêm về điều này và các tiện nghi khác tại C, T Home trên trang này.', 'CT Home có ban công không?': 'Có, nhiều lựa chọn tại chỗ nghỉ này có ban công. Bạn có thể tìm hiểu thêm về điều này và các tiện nghi khác tại C, T Home trên trang này.', 'Chi phí nghỉ tại CT Home là bao nhiêu?': 'Giá tại C, T Home có thể khác nhau tùy vào kỳ nghỉ của bạn (ví dụ: ngày bạn chọn, chính sách khách sạn,v.v.). Vui lòng xem giá bằng cách nhập ngày của bạn.', 'CT Home cách trung tâm Đà Lạt bao xa?': 'C, T Home cách trung tâm Đà Lạt 650 m.\nTất cả khoảng cách được đo theo đường thẳng. Khoảng cách di chuyển thực sự có thể khác.'}"
https://www.booking.com/hotel/vn/nang-villa-amp-coffee.vi.html,"{""Tôi có thể làm gì ở Nắng's Villa & Coffee?"": ""Nắng's Villa & Coffee có những hoạt động/dịch vụ sau (có thể áp dụng phí):"", ""Nắng's Villa & Coffee cách trung tâm Ấp Ða Lợi bao xa?"": ""Nắng's Villa & Coffee cách trung tâm Ấp Ða Lợi 300 m.\nTất cả khoảng cách được đo theo đường thẳng. Khoảng cách di chuyển thực sự có thể khác."", ""Nắng's Villa & Coffee có giờ nhận và trả phòng như thế nào?"": ""Nắng's Villa & Coffee có giờ nhận phòng từ 13:30 và giờ trả phòng trước 12:00."", ""Chi phí nghỉ tại Nắng's Villa & Coffee là bao nhiêu?"": ""Giá tại Nắng's Villa & Coffee có thể khác nhau tùy vào kỳ nghỉ của bạn (ví dụ: ngày bạn chọn, chính sách khách sạn,v.v.). Vui lòng xem giá bằng cách nhập ngày của bạn."", ""Nắng's Villa & Coffee có những loại phòng nào?"": ""Lựa chọn phòng tại Nắng's Villa & Coffee bao gồm: Phòng giường đôi, Phòng 4 người""}"
https://www.booking.com/hotel/vn/mo-stay-forest-resort-thanh-pho-da-lat.vi.html,"{'Mơ Stay - Forest Resort cách trung tâm Đà Lạt bao xa?': 'Mơ Stay - Forest Resort cách trung tâm Đà Lạt 6 km.\nTất cả khoảng cách được đo theo đường thẳng. Khoảng cách di chuyển thực sự có thể khác.', 'Mơ Stay - Forest Resort có phổ biến với các gia đình không?': 'Có, Mơ Stay - Forest Resort khá phổ biến đối với khách đặt kỳ nghỉ gia đình.', 'Mơ Stay - Forest Resort có nhà hàng trong khuôn viên không?': 'Mơ Stay - Forest Resort có 2 nhà hàng: The Edge, Mơ Bistro', 'Chi phí nghỉ tại Mơ Stay - Forest Resort là bao nhiêu?': 'Giá tại Mơ Stay - Forest Resort có thể khác nhau tùy vào kỳ nghỉ của bạn (ví dụ: ngày bạn chọn, chính sách khách sạn,v.v.). Vui lòng xem giá bằng cách nhập ngày của bạn.', 'Tôi có thể làm gì ở Mơ Stay - Forest Resort?': 'Mơ Stay - Forest Resort có những hoạt động/dịch vụ sau (có thể áp dụng phí): Sân chơi trẻ em, Câu lạc bộ trẻ em, Lớp học yoga, Tour đi bộ, Tour đi xe đạp', 'Mơ Stay - Forest Resort có những loại phòng nào?': 'Lựa chọn phòng tại Mơ Stay - Forest Resort bao gồm: Phòng giường đôi, Phòng gia đình, Suite', 'Mơ Stay - Forest Resort có giờ nhận và trả phòng như thế nào?': 'Mơ Stay - Forest Resort có giờ nhận phòng từ 15:00 và giờ trả phòng trước 12:00.'}"
https://www.booking.com/hotel/vn/happy-bun-da-lat.vi.html,"{'Happy Bun Hotel Da Lat cách trung tâm Đà Lạt bao xa?': 'Happy Bun Hotel Da Lat cách trung tâm Đà Lạt 2,5 km.\nTất cả khoảng cách được đo theo đường thẳng. Khoảng cách di chuyển thực sự có thể khác.', 'Tôi có thể làm gì ở Happy Bun Hotel Da Lat?': 'Happy Bun Hotel Da Lat có những hoạt động/dịch vụ sau (có thể áp dụng phí):', 'Chi phí nghỉ tại Happy Bun Hotel Da Lat là bao nhiêu?': 'Giá tại Happy Bun Hotel Da Lat có thể khác nhau tùy vào kỳ nghỉ của bạn (ví dụ: ngày bạn chọn, chính sách khách sạn,v.v.). Vui lòng xem giá bằng cách nhập ngày của bạn.', 'Happy Bun Hotel Da Lat có phục vụ dạng bữa sáng nào?': 'Khách lưu trú tại Happy Bun Hotel Da Lat có thể tận hưởng bữa sáng được đánh giá cao trong kỳ nghỉ của họ (điểm đánh giá của khách: 10.0)\n\nLựa chọn bữa sáng bao gồm: Thực đơn chay', 'Happy Bun Hotel Da Lat có phổ biến với các gia đình không?': 'Có, Happy Bun Hotel Da Lat khá phổ biến đối với khách đặt kỳ nghỉ gia đình.', 'Happy Bun Hotel Da Lat có những loại phòng nào?': 'Lựa chọn phòng tại Happy Bun Hotel Da Lat bao gồm: Phòng giường đôi, Phòng giường đôi/2 giường đơn, Phòng 4 người', 'Happy Bun Hotel Da Lat có giờ nhận và trả phòng như thế nào?': 'Happy Bun Hotel Da Lat có giờ nhận phòng từ 14:00 và giờ trả phòng trước 12:00.'}"
https://www.booking.com/hotel/vn/pretty-backpackers-house.vi.html,"{'Pretty Backpackers House có giờ nhận và trả phòng như thế nào?': 'Pretty Backpackers House có giờ nhận phòng từ 14:00 và giờ trả phòng trước 11:30.', 'Chi phí nghỉ tại Pretty Backpackers House là bao nhiêu?': 'Giá tại Pretty Backpackers House có thể khác nhau tùy vào kỳ nghỉ của bạn (ví dụ: ngày bạn chọn, chính sách khách sạn,v.v.). Vui lòng xem giá bằng cách nhập ngày của bạn.', 'Pretty Backpackers House cách trung tâm Đà Lạt bao xa?': 'Pretty Backpackers House cách trung tâm Đà Lạt 550 m.\nTất cả khoảng cách được đo theo đường thẳng. Khoảng cách di chuyển thực sự có thể khác.', 'Tôi có thể làm gì ở Pretty Backpackers House?': 'Pretty Backpackers House có những hoạt động/dịch vụ sau (có thể áp dụng phí): Tour đi xe đạp'}"
https://www.booking.com/hotel/vn/lan-home.vi.html,"{'Chi phí nghỉ tại Lê Gia Đà Lạt Hotel - Số 21 Đường Khe Sanh là bao nhiêu?': 'Giá tại Lê Gia Đà Lạt Hotel - Số 21 Đường Khe Sanh có thể khác nhau tùy vào kỳ nghỉ của bạn (ví dụ: ngày bạn chọn, chính sách khách sạn,v.v.). Vui lòng xem giá bằng cách nhập ngày của bạn.', 'Lê Gia Đà Lạt Hotel - Số 21 Đường Khe Sanh có giờ nhận và trả phòng như thế nào?': 'Lê Gia Đà Lạt Hotel - Số 21 Đường Khe Sanh có giờ nhận phòng từ 14:00 và giờ trả phòng trước 12:00.', 'Lê Gia Đà Lạt Hotel - Số 21 Đường Khe Sanh cách trung tâm Đà Lạt bao xa?': 'Lê Gia Đà Lạt Hotel - Số 21 Đường Khe Sanh cách trung tâm Đà Lạt 2,8 km.\nTất cả khoảng cách được đo theo đường thẳng. Khoảng cách di chuyển thực sự có thể khác.', 'Tôi có thể làm gì ở Lê Gia Đà Lạt Hotel - Số 21 Đường Khe Sanh?': 'Lê Gia Đà Lạt Hotel - Số 21 Đường Khe Sanh có những hoạt động/dịch vụ sau (có thể áp dụng phí):'}"
https://www.booking.com/hotel/vn/emai-thi-sach.vi.html,"{'Émai Thi Sách có giờ nhận và trả phòng như thế nào?': 'Émai Thi Sách có giờ nhận phòng từ 14:00 và giờ trả phòng trước 12:00.', 'Émai Thi Sách cách trung tâm Đà Lạt bao xa?': 'Émai Thi Sách cách trung tâm Đà Lạt 650 m.\nTất cả khoảng cách được đo theo đường thẳng. Khoảng cách di chuyển thực sự có thể khác.', 'Tôi có thể làm gì ở Émai Thi Sách?': 'Émai Thi Sách có những hoạt động/dịch vụ sau (có thể áp dụng phí):', 'Émai Thi Sách có những loại phòng nào?': 'Lựa chọn phòng tại Émai Thi Sách bao gồm: Phòng giường đôi', 'Chi phí nghỉ tại Émai Thi Sách là bao nhiêu?': 'Giá tại Émai Thi Sách có thể khác nhau tùy vào kỳ nghỉ của bạn (ví dụ: ngày bạn chọn, chính sách khách sạn,v.v.). Vui lòng xem giá bằng cách nhập ngày của bạn.'}"
https://www.booking.com/hotel/vn/villa-miami-da-lat.vi.html,"{'Villa Tuan Vu Da Lat Horizon cách trung tâm Đà Lạt bao xa?': 'Villa Tuan Vu Da Lat Horizon cách trung tâm Đà Lạt 5 km.\nTất cả khoảng cách được đo theo đường thẳng. Khoảng cách di chuyển thực sự có thể khác.', 'Chi phí nghỉ tại Villa Tuan Vu Da Lat Horizon là bao nhiêu?': 'Giá tại Villa Tuan Vu Da Lat Horizon có thể khác nhau tùy vào kỳ nghỉ của bạn (ví dụ: ngày bạn chọn, chính sách khách sạn,v.v.). Vui lòng xem giá bằng cách nhập ngày của bạn.', 'Villa Tuan Vu Da Lat Horizon có phổ biến với các gia đình không?': 'Có, Villa Tuan Vu Da Lat Horizon khá phổ biến đối với khách đặt kỳ nghỉ gia đình.', 'Tôi có thể làm gì ở Villa Tuan Vu Da Lat Horizon?': 'Villa Tuan Vu Da Lat Horizon có những hoạt động/dịch vụ sau (có thể áp dụng phí): Xe đạp, Đi bộ đường dài, Tour đi bộ, Bữa tối theo chủ đề, Tour/lớp về văn hóa địa phương, Tour đi xe đạp, Lớp dạy nấu ăn, Giờ vàng', 'Villa Tuan Vu Da Lat Horizon có những loại phòng nào?': 'Lựa chọn phòng tại Villa Tuan Vu Da Lat Horizon bao gồm: Phòng giường đôi, Phòng gia đình', 'Villa Tuan Vu Da Lat Horizon có giờ nhận và trả phòng như thế nào?': 'Villa Tuan Vu Da Lat Horizon có giờ nhận phòng từ 21:00 và giờ trả phòng trước 01:00.'}"
https://www.booking.com/hotel/vn/po-thuy-hien-hotel-dalat.vi.html,"{'Chi phí nghỉ tại Thuy Hien Hotel là bao nhiêu?': 'Giá tại Thuy Hien Hotel có thể khác nhau tùy vào kỳ nghỉ của bạn (ví dụ: ngày bạn chọn, chính sách khách sạn,v.v.). Vui lòng xem giá bằng cách nhập ngày của bạn.', 'Thuy Hien Hotel có phổ biến với các gia đình không?': 'Có, Thuy Hien Hotel khá phổ biến đối với khách đặt kỳ nghỉ gia đình.', 'Thuy Hien Hotel cách trung tâm Đà Lạt bao xa?': 'Thuy Hien Hotel cách trung tâm Đà Lạt 900 m.\nTất cả khoảng cách được đo theo đường thẳng. Khoảng cách di chuyển thực sự có thể khác.', 'Tôi có thể làm gì ở Thuy Hien Hotel?': 'Thuy Hien Hotel có những hoạt động/dịch vụ sau (có thể áp dụng phí):', 'Thuy Hien Hotel có giờ nhận và trả phòng như thế nào?': 'Thuy Hien Hotel có giờ nhận phòng từ 14:00 và giờ trả phòng trước 12:00.'}"
https://www.booking.com/hotel/vn/iza-home-and-coffee.vi.html,"{'Chi phí nghỉ tại Iza Home and Coffee là bao nhiêu?': 'Giá tại Iza Home and Coffee có thể khác nhau tùy vào kỳ nghỉ của bạn (ví dụ: ngày bạn chọn, chính sách khách sạn,v.v.). Vui lòng xem giá bằng cách nhập ngày của bạn.', 'Iza Home and Coffee cách trung tâm Trai Mat bao xa?': 'Iza Home and Coffee cách trung tâm Trai Mat 1,8 km.\nTất cả khoảng cách được đo theo đường thẳng. Khoảng cách di chuyển thực sự có thể khác.', 'Tôi có thể làm gì ở Iza Home and Coffee?': 'Iza Home and Coffee có những hoạt động/dịch vụ sau (có thể áp dụng phí): Tour đi bộ, Bữa tối theo chủ đề, Tour đi xe đạp', 'Iza Home and Coffee có giờ nhận và trả phòng như thế nào?': 'Iza Home and Coffee có giờ nhận phòng từ 13:00 và giờ trả phòng trước 12:00.'}"
https://www.booking.com/hotel/vn/le-phuong.vi.html,"{'Tôi có thể làm gì ở LE PHUONG Dalat?': 'L, E P, H, U, O, N, G Dalat có những hoạt động/dịch vụ sau (có thể áp dụng phí):', 'Chi phí nghỉ tại LE PHUONG Dalat là bao nhiêu?': 'Giá tại L, E P, H, U, O, N, G Dalat có thể khác nhau tùy vào kỳ nghỉ của bạn (ví dụ: ngày bạn chọn, chính sách khách sạn,v.v.). Vui lòng xem giá bằng cách nhập ngày của bạn.', 'LE PHUONG Dalat có giờ nhận và trả phòng như thế nào?': 'L, E P, H, U, O, N, G Dalat có giờ nhận phòng từ 14:00 và giờ trả phòng trước 11:00.', 'LE PHUONG Dalat có những loại phòng nào?': 'Lựa chọn phòng tại L, E P, H, U, O, N, G Dalat bao gồm: Phòng giường đôi, Phòng 4 người, Phòng gia đình', 'LE PHUONG Dalat có phổ biến với các gia đình không?': 'Có, L, E P, H, U, O, N, G Dalat khá phổ biến đối với khách đặt kỳ nghỉ gia đình.', 'LE PHUONG Dalat cách trung tâm Đà Lạt bao xa?': 'L, E P, H, U, O, N, G Dalat cách trung tâm Đà Lạt 400 m.\nTất cả khoảng cách được đo theo đường thẳng. Khoảng cách di chuyển thực sự có thể khác.'}"
https://www.booking.com/hotel/vn/khach-san-hoang-hiep-thanh-pho-da-lat2.vi.html,"{'Hoàng Hiệp Hotel có giờ nhận và trả phòng như thế nào?': 'Hoàng Hiệp Hotel có giờ nhận phòng từ 14:00 và giờ trả phòng trước 12:00.', 'Chi phí nghỉ tại Hoàng Hiệp Hotel là bao nhiêu?': 'Giá tại Hoàng Hiệp Hotel có thể khác nhau tùy vào kỳ nghỉ của bạn (ví dụ: ngày bạn chọn, chính sách khách sạn,v.v.). Vui lòng xem giá bằng cách nhập ngày của bạn.', 'Hoàng Hiệp Hotel có những loại phòng nào?': 'Lựa chọn phòng tại Hoàng Hiệp Hotel bao gồm: Phòng giường đôi, Phòng 4 người', 'Hoàng Hiệp Hotel cách trung tâm Ấp Ða Thiên bao xa?': 'Hoàng Hiệp Hotel cách trung tâm Ấp Ða Thiên 1,1 km.\nTất cả khoảng cách được đo theo đường thẳng. Khoảng cách di chuyển thực sự có thể khác.', 'Tôi có thể làm gì ở Hoàng Hiệp Hotel?': 'Hoàng Hiệp Hotel có những hoạt động/dịch vụ sau (có thể áp dụng phí):'}"
https://www.booking.com/hotel/vn/nha-bap.vi.html,"{'Nhà Bắp có phổ biến với các gia đình không?': 'Có, Nhà Bắp khá phổ biến đối với khách đặt kỳ nghỉ gia đình.', 'Nhà Bắp có giờ nhận và trả phòng như thế nào?': 'Nhà Bắp có giờ nhận phòng từ 14:00 và giờ trả phòng trước 11:00.', 'Tôi có thể làm gì ở Nhà Bắp?': 'Nhà Bắp có những hoạt động/dịch vụ sau (có thể áp dụng phí):', 'Nhà Bắp cách trung tâm Đà Lạt bao xa?': 'Nhà Bắp cách trung tâm Đà Lạt 2,2 km.\nTất cả khoảng cách được đo theo đường thẳng. Khoảng cách di chuyển thực sự có thể khác.', 'Chi phí nghỉ tại Nhà Bắp là bao nhiêu?': 'Giá tại Nhà Bắp có thể khác nhau tùy vào kỳ nghỉ của bạn (ví dụ: ngày bạn chọn, chính sách khách sạn,v.v.). Vui lòng xem giá bằng cách nhập ngày của bạn.'}"
https://www.booking.com/hotel/vn/villa-phong-van.vi.html,"{'Chi phí nghỉ tại Villa Phong Vân là bao nhiêu?': 'Giá tại Villa Phong Vân có thể khác nhau tùy vào kỳ nghỉ của bạn (ví dụ: ngày bạn chọn, chính sách khách sạn,v.v.). Vui lòng xem giá bằng cách nhập ngày của bạn.', 'Villa Phong Vân có những loại phòng nào?': 'Lựa chọn phòng tại Villa Phong Vân bao gồm: Phòng giường đôi, Phòng 4 người, Phòng gia đình, Phòng tập thể', 'Tôi có thể làm gì ở Villa Phong Vân?': 'Villa Phong Vân có những hoạt động/dịch vụ sau (có thể áp dụng phí):', 'Villa Phong Vân cách trung tâm Trai Mat bao xa?': 'Villa Phong Vân cách trung tâm Trai Mat 1,4 km.\nTất cả khoảng cách được đo theo đường thẳng. Khoảng cách di chuyển thực sự có thể khác.', 'Villa Phong Vân có giờ nhận và trả phòng như thế nào?': 'Villa Phong Vân có giờ nhận phòng từ 14:00 và giờ trả phòng trước 12:00.'}"
https://www.booking.com/hotel/vn/christina-39-s-da-lat-may-may-apartments.vi.html,"{'MayMay Da Lat Apartments có phổ biến với các gia đình không?': 'Có, May, May Da Lat Apartments khá phổ biến đối với khách đặt kỳ nghỉ gia đình.', 'Tôi có thể làm gì ở MayMay Da Lat Apartments?': 'May, May Da Lat Apartments có những hoạt động/dịch vụ sau (có thể áp dụng phí):', 'Bao nhiêu khách có thể lưu trú tại MayMay Da Lat Apartments?': 'Bạn có thể chọn từ nhiều lựa chọn chỗ nghỉ tại May, May Da Lat Apartments (tùy vào tình trạng có sẵn). Những chỗ này có thể tiếp đón: 2 khách3 khách4 khách\n\nĐể biết thêm thông tin, vui lòng kiểm tra chi tiết (các) lựa chọn chỗ nghỉ ở trang này.', 'Chi phí nghỉ tại MayMay Da Lat Apartments là bao nhiêu?': 'Giá tại May, May Da Lat Apartments có thể khác nhau tùy vào kỳ nghỉ của bạn (ví dụ: ngày bạn chọn, chính sách khách sạn,v.v.). Vui lòng xem giá bằng cách nhập ngày của bạn.', 'MayMay Da Lat Apartments có giờ nhận và trả phòng như thế nào?': 'May, May Da Lat Apartments có giờ nhận phòng từ 15:00 và giờ trả phòng trước 12:00.', 'MayMay Da Lat Apartments cách trung tâm Đà Lạt bao xa?': 'May, May Da Lat Apartments cách trung tâm Đà Lạt 700 m.\nTất cả khoảng cách được đo theo đường thẳng. Khoảng cách di chuyển thực sự có thể khác.', 'MayMay Da Lat Apartments có bao nhiêu phòng ngủ?': 'Bạn có thể chọn từ nhiều lựa chọn chỗ nghỉ tại May, May Da Lat Apartments (tùy vào tình trạng có sẵn). Những chỗ này có: 1 phòng ngủ2 phòng ngủ\n\nĐể biết thêm thông tin, vui lòng kiểm tra chi tiết (các) lựa chọn chỗ nghỉ ở trang này.'}"
https://www.booking.com/hotel/vn/khach-san-da-lat-villa-da-lat.vi.html,"{'Bao nhiêu khách có thể lưu trú tại Khách Sạn DaLatView - Cách Chợ Đà Lạt Chỉ 20mét?': 'Bạn có thể chọn từ nhiều lựa chọn chỗ nghỉ tại Khách Sạn Da, Lat, View - Cách Chợ Đà Lạt Chỉ 20mét (tùy vào tình trạng có sẵn). Những chỗ này có thể tiếp đón: 10 khách14 khách19 khách2 khách4 khách\n\nĐể biết thêm thông tin, vui lòng kiểm tra chi tiết (các) lựa chọn chỗ nghỉ ở trang này.', 'Khách Sạn DaLatView - Cách Chợ Đà Lạt Chỉ 20mét có phổ biến với các gia đình không?': 'Có, Khách Sạn Da, Lat, View - Cách Chợ Đà Lạt Chỉ 20mét khá phổ biến đối với khách đặt kỳ nghỉ gia đình.', 'Chi phí nghỉ tại Khách Sạn DaLatView - Cách Chợ Đà Lạt Chỉ 20mét là bao nhiêu?': 'Giá tại Khách Sạn Da, Lat, View - Cách Chợ Đà Lạt Chỉ 20mét có thể khác nhau tùy vào kỳ nghỉ của bạn (ví dụ: ngày bạn chọn, chính sách khách sạn,v.v.). Vui lòng xem giá bằng cách nhập ngày của bạn.', 'Khách Sạn DaLatView - Cách Chợ Đà Lạt Chỉ 20mét có bao nhiêu phòng ngủ?': 'Bạn có thể chọn từ nhiều lựa chọn chỗ nghỉ tại Khách Sạn Da, Lat, View - Cách Chợ Đà Lạt Chỉ 20mét (tùy vào tình trạng có sẵn). Những chỗ này có: 1 phòng ngủ4 phòng ngủ5 phòng ngủ6 phòng ngủ\n\nĐể biết thêm thông tin, vui lòng kiểm tra chi tiết (các) lựa chọn chỗ nghỉ ở trang này.', 'Khách Sạn DaLatView - Cách Chợ Đà Lạt Chỉ 20mét có giờ nhận và trả phòng như thế nào?': 'Khách Sạn Da, Lat, View - Cách Chợ Đà Lạt Chỉ 20mét có giờ nhận phòng từ 14:00 và giờ trả phòng trước 12:00.', 'Tôi có thể làm gì ở Khách Sạn DaLatView - Cách Chợ Đà Lạt Chỉ 20mét?': 'Khách Sạn Da, Lat, View - Cách Chợ Đà Lạt Chỉ 20mét có những hoạt động/dịch vụ sau (có thể áp dụng phí): Tour đi bộ, Tour đi xe đạp', 'Khách Sạn DaLatView - Cách Chợ Đà Lạt Chỉ 20mét cách trung tâm Đà Lạt bao xa?': 'Khách Sạn Da, Lat, View - Cách Chợ Đà Lạt Chỉ 20mét cách trung tâm Đà Lạt 200 m.\nTất cả khoảng cách được đo theo đường thẳng. Khoảng cách di chuyển thực sự có thể khác.'}"
https://www.booking.com/hotel/vn/fortune-dai-loi.vi.html,"{'Dragon King 1 Hotel có nhà hàng trong khuôn viên không?': 'Dragon King 1 Hotel có 1 nhà hàng: Fortune Restaurant', 'Dragon King 1 Hotel có giờ nhận và trả phòng như thế nào?': 'Dragon King 1 Hotel có giờ nhận phòng từ 14:00 và giờ trả phòng trước 12:00.', 'Dragon King 1 Hotel có những loại phòng nào?': 'Lựa chọn phòng tại Dragon King 1 Hotel bao gồm: Phòng giường đôi/2 giường đơn, Phòng gia đình', 'Chi phí nghỉ tại Dragon King 1 Hotel là bao nhiêu?': 'Giá tại Dragon King 1 Hotel có thể khác nhau tùy vào kỳ nghỉ của bạn (ví dụ: ngày bạn chọn, chính sách khách sạn,v.v.). Vui lòng xem giá bằng cách nhập ngày của bạn.', 'Tôi có thể làm gì ở Dragon King 1 Hotel?': 'Dragon King 1 Hotel có những hoạt động/dịch vụ sau (có thể áp dụng phí): Sân gôn (trong vòng 3km)', 'Dragon King 1 Hotel cách trung tâm Đà Lạt bao xa?': 'Dragon King 1 Hotel cách trung tâm Đà Lạt 400 m.\nTất cả khoảng cách được đo theo đường thẳng. Khoảng cách di chuyển thực sự có thể khác.'}"
https://www.booking.com/hotel/vn/hoang-loc-villa-dalat.vi.html,"{'Hoang Loc Villa cách trung tâm Đà Lạt bao xa?': 'Hoang Loc Villa cách trung tâm Đà Lạt 2,1 km.\nTất cả khoảng cách được đo theo đường thẳng. Khoảng cách di chuyển thực sự có thể khác.', 'Hoang Loc Villa có giờ nhận và trả phòng như thế nào?': 'Hoang Loc Villa có giờ nhận phòng từ 14:00 và giờ trả phòng trước 12:00.', 'Hoang Loc Villa có những loại phòng nào?': 'Lựa chọn phòng tại Hoang Loc Villa bao gồm: Biệt thự, Căn hộ', 'Tôi có thể làm gì ở Hoang Loc Villa?': 'Hoang Loc Villa có những hoạt động/dịch vụ sau (có thể áp dụng phí): Sân gôn (trong vòng 3km)Cho thuê xe đạp', 'Chi phí nghỉ tại Hoang Loc Villa là bao nhiêu?': 'Giá tại Hoang Loc Villa có thể khác nhau tùy vào kỳ nghỉ của bạn (ví dụ: ngày bạn chọn, chính sách khách sạn,v.v.). Vui lòng xem giá bằng cách nhập ngày của bạn.'}"
https://www.booking.com/hotel/vn/hoang-linh-phat.vi.html,"{'Chi phí nghỉ tại HOANG LINH PHAT HOTEL là bao nhiêu?': 'Giá tại H, O, A, N, G L, I, N, H P, H, A, T H, O, T, E, L có thể khác nhau tùy vào kỳ nghỉ của bạn (ví dụ: ngày bạn chọn, chính sách khách sạn,v.v.). Vui lòng xem giá bằng cách nhập ngày của bạn.', 'HOANG LINH PHAT HOTEL cách trung tâm Đà Lạt bao xa?': 'H, O, A, N, G L, I, N, H P, H, A, T H, O, T, E, L cách trung tâm Đà Lạt 800 m.\nTất cả khoảng cách được đo theo đường thẳng. Khoảng cách di chuyển thực sự có thể khác.', 'HOANG LINH PHAT HOTEL có giờ nhận và trả phòng như thế nào?': 'H, O, A, N, G L, I, N, H P, H, A, T H, O, T, E, L có giờ nhận phòng từ 14:00 và giờ trả phòng trước 12:00.', 'HOANG LINH PHAT HOTEL có những loại phòng nào?': 'Lựa chọn phòng tại H, O, A, N, G L, I, N, H P, H, A, T H, O, T, E, L bao gồm: Phòng giường đôi, Phòng 2 giường đơn ', 'Tôi có thể làm gì ở HOANG LINH PHAT HOTEL?': 'H, O, A, N, G L, I, N, H P, H, A, T H, O, T, E, L có những hoạt động/dịch vụ sau (có thể áp dụng phí):'}"
https://www.booking.com/hotel/vn/violet-bao-anh-thanh-pho-da-lat1.vi.html,"{'Violet Bảo Anh cách trung tâm Đà Lạt bao xa?': 'Violet Bảo Anh cách trung tâm Đà Lạt 600 m.\nTất cả khoảng cách được đo theo đường thẳng. Khoảng cách di chuyển thực sự có thể khác.', 'Violet Bảo Anh có giờ nhận và trả phòng như thế nào?': 'Violet Bảo Anh có giờ nhận phòng từ 14:00 và giờ trả phòng trước 12:00.', 'Violet Bảo Anh có những loại phòng nào?': 'Lựa chọn phòng tại Violet Bảo Anh bao gồm: Phòng 4 người, Phòng giường đôi, Phòng 2 giường đơn ', 'Tôi có thể làm gì ở Violet Bảo Anh?': 'Violet Bảo Anh có những hoạt động/dịch vụ sau (có thể áp dụng phí): Tour/lớp về văn hóa địa phương, Cho thuê xe đạp', 'Chi phí nghỉ tại Violet Bảo Anh là bao nhiêu?': 'Giá tại Violet Bảo Anh có thể khác nhau tùy vào kỳ nghỉ của bạn (ví dụ: ngày bạn chọn, chính sách khách sạn,v.v.). Vui lòng xem giá bằng cách nhập ngày của bạn.'}"
https://www.booking.com/hotel/vn/pate-home.vi.html,"{'Pate Home có phổ biến với các gia đình không?': 'Có, Pate Home khá phổ biến đối với khách đặt kỳ nghỉ gia đình.', 'Chi phí nghỉ tại Pate Home là bao nhiêu?': 'Giá tại Pate Home có thể khác nhau tùy vào kỳ nghỉ của bạn (ví dụ: ngày bạn chọn, chính sách khách sạn,v.v.). Vui lòng xem giá bằng cách nhập ngày của bạn.', 'Pate Home có bao nhiêu phòng ngủ?': 'Pate Home có số lượng phòng ngủ như sau: 2 phòng ngủ\n\nĐể biết thêm thông tin, vui lòng kiểm tra chi tiết (các) lựa chọn chỗ nghỉ ở trang này.', 'Tôi có thể làm gì ở Pate Home?': 'Pate Home có những hoạt động/dịch vụ sau (có thể áp dụng phí):', 'Pate Home cách trung tâm Đà Lạt bao xa?': 'Pate Home cách trung tâm Đà Lạt 2,6 km.\nTất cả khoảng cách được đo theo đường thẳng. Khoảng cách di chuyển thực sự có thể khác.', 'Pate Home có giờ nhận và trả phòng như thế nào?': 'Pate Home có giờ nhận phòng từ 13:00 và giờ trả phòng trước 12:00.', 'Bao nhiêu khách có thể lưu trú tại Pate Home?': 'Pate Home có thể tiếp đón nhóm có số lượng như sau: 8 khách\n\nĐể biết thêm thông tin, vui lòng kiểm tra chi tiết (các) lựa chọn chỗ nghỉ ở trang này.', 'Pate Home có ban công không?': 'Có, nhiều lựa chọn tại chỗ nghỉ này có ban công. Bạn có thể tìm hiểu thêm về điều này và các tiện nghi khác tại Pate Home trên trang này.'}"
https://www.booking.com/hotel/vn/the-burrow-dalat.vi.html,"{'The Burrow Dalat có phục vụ dạng bữa sáng nào?': 'Khách lưu trú tại The Burrow Dalat có thể tận hưởng bữa sáng được đánh giá cao trong kỳ nghỉ của họ (điểm đánh giá của khách: 6.7)\n\nLựa chọn bữa sáng bao gồm: Kiểu Á', 'The Burrow Dalat cách trung tâm Ấp Ða Thành bao xa?': 'The Burrow Dalat cách trung tâm Ấp Ða Thành 500 m.\nTất cả khoảng cách được đo theo đường thẳng. Khoảng cách di chuyển thực sự có thể khác.', 'The Burrow Dalat có giờ nhận và trả phòng như thế nào?': 'The Burrow Dalat có giờ nhận phòng từ 14:00 và giờ trả phòng trước 12:00.', 'Chi phí nghỉ tại The Burrow Dalat là bao nhiêu?': 'Giá tại The Burrow Dalat có thể khác nhau tùy vào kỳ nghỉ của bạn (ví dụ: ngày bạn chọn, chính sách khách sạn,v.v.). Vui lòng xem giá bằng cách nhập ngày của bạn.', 'Tôi có thể làm gì ở The Burrow Dalat?': 'The Burrow Dalat có những hoạt động/dịch vụ sau (có thể áp dụng phí): Xe đạp, Phòng chơi game'}"
https://www.booking.com/hotel/vn/carnival-da-lat.vi.html,"{'Tôi có thể làm gì ở Carnival Hotel - Đà Lạt?': 'Carnival Hotel - Đà Lạt có những hoạt động/dịch vụ sau (có thể áp dụng phí): Cho thuê xe đạp', 'Carnival Hotel - Đà Lạt có phục vụ dạng bữa sáng nào?': 'Khách lưu trú tại Carnival Hotel - Đà Lạt có thể tận hưởng bữa sáng được đánh giá cao trong kỳ nghỉ của họ (điểm đánh giá của khách: 7.5)\n\nLựa chọn bữa sáng bao gồm: Thực đơn chay, Kiểu Á, Kiểu Mỹ', 'Carnival Hotel - Đà Lạt cách trung tâm Đà Lạt bao xa?': 'Carnival Hotel - Đà Lạt cách trung tâm Đà Lạt 450 m.\nTất cả khoảng cách được đo theo đường thẳng. Khoảng cách di chuyển thực sự có thể khác.', 'Carnival Hotel - Đà Lạt có phổ biến với các gia đình không?': 'Có, Carnival Hotel - Đà Lạt khá phổ biến đối với khách đặt kỳ nghỉ gia đình.', 'Carnival Hotel - Đà Lạt có những loại phòng nào?': 'Lựa chọn phòng tại Carnival Hotel - Đà Lạt bao gồm: Phòng giường đôi, Phòng gia đình', 'Chi phí nghỉ tại Carnival Hotel - Đà Lạt là bao nhiêu?': 'Giá tại Carnival Hotel - Đà Lạt có thể khác nhau tùy vào kỳ nghỉ của bạn (ví dụ: ngày bạn chọn, chính sách khách sạn,v.v.). Vui lòng xem giá bằng cách nhập ngày của bạn.', 'Carnival Hotel - Đà Lạt có giờ nhận và trả phòng như thế nào?': 'Carnival Hotel - Đà Lạt có giờ nhận phòng từ 13:30 và giờ trả phòng trước 11:30.', 'Carnival Hotel - Đà Lạt có nhà hàng trong khuôn viên không?': 'Carnival Hotel - Đà Lạt có 1 nhà hàng: Carnival'}"
https://www.booking.com/hotel/vn/du-ciel.vi.html,"{'Hotel Du Ciel có những loại phòng nào?': 'Lựa chọn phòng tại Hotel Du Ciel bao gồm: Phòng 3 người, Phòng gia đình, Phòng giường đôi', 'Tôi có thể làm gì ở Hotel Du Ciel?': 'Hotel Du Ciel có những hoạt động/dịch vụ sau (có thể áp dụng phí):', 'Chi phí nghỉ tại Hotel Du Ciel là bao nhiêu?': 'Giá tại Hotel Du Ciel có thể khác nhau tùy vào kỳ nghỉ của bạn (ví dụ: ngày bạn chọn, chính sách khách sạn,v.v.). Vui lòng xem giá bằng cách nhập ngày của bạn.', 'Hotel Du Ciel có giờ nhận và trả phòng như thế nào?': 'Hotel Du Ciel có giờ nhận phòng từ 14:00 và giờ trả phòng trước 12:00.', 'Hotel Du Ciel cách trung tâm Đà Lạt bao xa?': 'Hotel Du Ciel cách trung tâm Đà Lạt 1 km.\nTất cả khoảng cách được đo theo đường thẳng. Khoảng cách di chuyển thực sự có thể khác.'}"
https://www.booking.com/hotel/vn/phuong-hong-guesthouse.vi.html,"{'Phuong Hong Guesthouse cách trung tâm Đà Lạt bao xa?': 'Phuong Hong Guesthouse cách trung tâm Đà Lạt 600 m.\nTất cả khoảng cách được đo theo đường thẳng. Khoảng cách di chuyển thực sự có thể khác.', 'Phuong Hong Guesthouse có những loại phòng nào?': 'Lựa chọn phòng tại Phuong Hong Guesthouse bao gồm: Phòng giường đôi, Phòng 4 người', 'Phuong Hong Guesthouse có giờ nhận và trả phòng như thế nào?': 'Phuong Hong Guesthouse có giờ nhận phòng từ 13:00 và giờ trả phòng trước 12:00.', 'Tôi có thể làm gì ở Phuong Hong Guesthouse?': 'Phuong Hong Guesthouse có những hoạt động/dịch vụ sau (có thể áp dụng phí): Sân chơi trẻ em', 'Chi phí nghỉ tại Phuong Hong Guesthouse là bao nhiêu?': 'Giá tại Phuong Hong Guesthouse có thể khác nhau tùy vào kỳ nghỉ của bạn (ví dụ: ngày bạn chọn, chính sách khách sạn,v.v.). Vui lòng xem giá bằng cách nhập ngày của bạn.'}"
https://www.booking.com/hotel/vn/nhat-huy-thanh-pho-da-lat.vi.html,"{'Nhat Huy Hotel có giờ nhận và trả phòng như thế nào?': 'Nhat Huy Hotel có giờ nhận phòng từ 14:00 và giờ trả phòng trước 12:00.', 'Nhat Huy Hotel cách trung tâm Ấp Xuân An bao xa?': 'Nhat Huy Hotel cách trung tâm Ấp Xuân An 1,2 km.\nTất cả khoảng cách được đo theo đường thẳng. Khoảng cách di chuyển thực sự có thể khác.', 'Chi phí nghỉ tại Nhat Huy Hotel là bao nhiêu?': 'Giá tại Nhat Huy Hotel có thể khác nhau tùy vào kỳ nghỉ của bạn (ví dụ: ngày bạn chọn, chính sách khách sạn,v.v.). Vui lòng xem giá bằng cách nhập ngày của bạn.', 'Tôi có thể làm gì ở Nhat Huy Hotel?': 'Nhat Huy Hotel có những hoạt động/dịch vụ sau (có thể áp dụng phí):', 'Nhat Huy Hotel có những loại phòng nào?': 'Lựa chọn phòng tại Nhat Huy Hotel bao gồm: Phòng giường đôi, Phòng gia đình'}"
https://www.booking.com/hotel/vn/deer-house-inn-dalat-thanh-pho-da-lat1.vi.html,"{'Deer House Inn DaLat có phổ biến với các gia đình không?': 'Có, Deer House Inn Da, Lat khá phổ biến đối với khách đặt kỳ nghỉ gia đình.', 'Deer House Inn DaLat có giờ nhận và trả phòng như thế nào?': 'Deer House Inn Da, Lat có giờ nhận phòng từ 11:00 và giờ trả phòng trước 14:00.', 'Deer House Inn DaLat có ban công không?': 'Có, nhiều lựa chọn tại chỗ nghỉ này có ban công. Bạn có thể tìm hiểu thêm về điều này và các tiện nghi khác tại Deer House Inn Da, Lat trên trang này.', 'Deer House Inn DaLat cách trung tâm Đà Lạt bao xa?': 'Deer House Inn Da, Lat cách trung tâm Đà Lạt 1,1 km.\nTất cả khoảng cách được đo theo đường thẳng. Khoảng cách di chuyển thực sự có thể khác.', 'Bao nhiêu khách có thể lưu trú tại Deer House Inn DaLat?': 'Deer House Inn Da, Lat có thể tiếp đón nhóm có số lượng như sau: 1 khách\n\nĐể biết thêm thông tin, vui lòng kiểm tra chi tiết (các) lựa chọn chỗ nghỉ ở trang này.', 'Chi phí nghỉ tại Deer House Inn DaLat là bao nhiêu?': 'Giá tại Deer House Inn Da, Lat có thể khác nhau tùy vào kỳ nghỉ của bạn (ví dụ: ngày bạn chọn, chính sách khách sạn,v.v.). Vui lòng xem giá bằng cách nhập ngày của bạn.', 'Tôi có thể làm gì ở Deer House Inn DaLat?': 'Deer House Inn Da, Lat có những hoạt động/dịch vụ sau (có thể áp dụng phí):', 'Deer House Inn DaLat có bao nhiêu phòng ngủ?': 'Deer House Inn Da, Lat có số lượng phòng ngủ như sau: 1 phòng ngủ\n\nĐể biết thêm thông tin, vui lòng kiểm tra chi tiết (các) lựa chọn chỗ nghỉ ở trang này.'}"
https://www.booking.com/hotel/vn/lightning-house-2.vi.html,"{'Lightning House 2 cách trung tâm Đà Lạt bao xa?': 'Lightning House 2 cách trung tâm Đà Lạt 850 m.\nTất cả khoảng cách được đo theo đường thẳng. Khoảng cách di chuyển thực sự có thể khác.', 'Lightning House 2 có giờ nhận và trả phòng như thế nào?': 'Lightning House 2 có giờ nhận phòng từ 12:00 và giờ trả phòng trước 11:00.', 'Tôi có thể làm gì ở Lightning House 2?': 'Lightning House 2 có những hoạt động/dịch vụ sau (có thể áp dụng phí):', 'Chi phí nghỉ tại Lightning House 2 là bao nhiêu?': 'Giá tại Lightning House 2 có thể khác nhau tùy vào kỳ nghỉ của bạn (ví dụ: ngày bạn chọn, chính sách khách sạn,v.v.). Vui lòng xem giá bằng cách nhập ngày của bạn.'}"
https://www.booking.com/hotel/vn/montana-home.vi.html,"{'MONTANA HOME có những loại phòng nào?': 'Lựa chọn phòng tại M, O, N, T, A, N, A H, O, M, E bao gồm: Phòng giường đôi', 'MONTANA HOME có giờ nhận và trả phòng như thế nào?': 'M, O, N, T, A, N, A H, O, M, E có giờ nhận phòng từ 14:00 và giờ trả phòng trước 12:00.', 'Chi phí nghỉ tại MONTANA HOME là bao nhiêu?': 'Giá tại M, O, N, T, A, N, A H, O, M, E có thể khác nhau tùy vào kỳ nghỉ của bạn (ví dụ: ngày bạn chọn, chính sách khách sạn,v.v.). Vui lòng xem giá bằng cách nhập ngày của bạn.', 'Tôi có thể làm gì ở MONTANA HOME?': 'M, O, N, T, A, N, A H, O, M, E có những hoạt động/dịch vụ sau (có thể áp dụng phí): Karaoke', 'MONTANA HOME cách trung tâm Đà Lạt bao xa?': 'M, O, N, T, A, N, A H, O, M, E cách trung tâm Đà Lạt 2,1 km.\nTất cả khoảng cách được đo theo đường thẳng. Khoảng cách di chuyển thực sự có thể khác.'}"
https://www.booking.com/hotel/vn/guava-hill.vi.html,"{'Guava Hill Boutique Hotel có phục vụ dạng bữa sáng nào?': 'Khách lưu trú tại Guava Hill Boutique Hotel có thể tận hưởng bữa sáng được đánh giá cao trong kỳ nghỉ của họ (điểm đánh giá của khách: 7.9)\n\nLựa chọn bữa sáng bao gồm: Gọi món (à la carte)', 'Guava Hill Boutique Hotel có nhà hàng trong khuôn viên không?': 'Guava Hill Boutique Hotel có 1 nhà hàng: Nhà hàng #2', 'Chi phí nghỉ tại Guava Hill Boutique Hotel là bao nhiêu?': 'Giá tại Guava Hill Boutique Hotel có thể khác nhau tùy vào kỳ nghỉ của bạn (ví dụ: ngày bạn chọn, chính sách khách sạn,v.v.). Vui lòng xem giá bằng cách nhập ngày của bạn.', 'Guava Hill Boutique Hotel có những loại phòng nào?': 'Lựa chọn phòng tại Guava Hill Boutique Hotel bao gồm: Phòng giường đôi, Phòng gia đình, Suite', 'Guava Hill Boutique Hotel có giờ nhận và trả phòng như thế nào?': 'Guava Hill Boutique Hotel có giờ nhận phòng từ 14:00 và giờ trả phòng trước 12:00.', 'Guava Hill Boutique Hotel cách trung tâm Đà Lạt bao xa?': 'Guava Hill Boutique Hotel cách trung tâm Đà Lạt 2,8 km.\nTất cả khoảng cách được đo theo đường thẳng. Khoảng cách di chuyển thực sự có thể khác.', 'Guava Hill Boutique Hotel có phổ biến với các gia đình không?': 'Có, Guava Hill Boutique Hotel khá phổ biến đối với khách đặt kỳ nghỉ gia đình.', 'Tôi có thể làm gì ở Guava Hill Boutique Hotel?': 'Guava Hill Boutique Hotel có những hoạt động/dịch vụ sau (có thể áp dụng phí): Xe đạp, Đi bộ đường dài, Tour đi xe đạp, Tour/lớp về văn hóa địa phương'}"
https://www.booking.com/hotel/vn/rice-house-da-lat-thanh-pho-da-lat.vi.html,"{'Rice House Da Lat Hotel cách trung tâm Đà Lạt bao xa?': 'Rice House Da Lat Hotel cách trung tâm Đà Lạt 1,4 km.\nTất cả khoảng cách được đo theo đường thẳng. Khoảng cách di chuyển thực sự có thể khác.', 'Chi phí nghỉ tại Rice House Da Lat Hotel là bao nhiêu?': 'Giá tại Rice House Da Lat Hotel có thể khác nhau tùy vào kỳ nghỉ của bạn (ví dụ: ngày bạn chọn, chính sách khách sạn,v.v.). Vui lòng xem giá bằng cách nhập ngày của bạn.', 'Rice House Da Lat Hotel có những loại phòng nào?': 'Lựa chọn phòng tại Rice House Da Lat Hotel bao gồm: Phòng giường đôi, Phòng gia đình', 'Tôi có thể làm gì ở Rice House Da Lat Hotel?': 'Rice House Da Lat Hotel có những hoạt động/dịch vụ sau (có thể áp dụng phí): Cho thuê xe đạp', 'Rice House Da Lat Hotel có giờ nhận và trả phòng như thế nào?': 'Rice House Da Lat Hotel có giờ nhận phòng từ 14:00 và giờ trả phòng trước 12:00.'}"
https://www.booking.com/hotel/vn/richy-villa.vi.html,"{'Chi phí nghỉ tại Richy Dalat Hotel là bao nhiêu?': 'Giá tại Richy Dalat Hotel có thể khác nhau tùy vào kỳ nghỉ của bạn (ví dụ: ngày bạn chọn, chính sách khách sạn,v.v.). Vui lòng xem giá bằng cách nhập ngày của bạn.', 'Tôi có thể làm gì ở Richy Dalat Hotel?': 'Richy Dalat Hotel có những hoạt động/dịch vụ sau (có thể áp dụng phí):', 'Richy Dalat Hotel cách trung tâm Đà Lạt bao xa?': 'Richy Dalat Hotel cách trung tâm Đà Lạt 1,5 km.\nTất cả khoảng cách được đo theo đường thẳng. Khoảng cách di chuyển thực sự có thể khác.', 'Richy Dalat Hotel có những loại phòng nào?': 'Lựa chọn phòng tại Richy Dalat Hotel bao gồm: Phòng giường đôi, Phòng 3 người, Phòng gia đình, Căn hộ', 'Richy Dalat Hotel có giờ nhận và trả phòng như thế nào?': 'Richy Dalat Hotel có giờ nhận phòng từ 14:00 và giờ trả phòng trước 00:00.'}"
https://www.booking.com/hotel/vn/la-vie-en-rose-condotel.vi.html,"{'LA VIE EN ROSE 2 Hotel có giờ nhận và trả phòng như thế nào?': 'L, A V, I, E E, N R, O, S, E 2 Hotel có giờ nhận phòng từ 14:00 và giờ trả phòng trước 12:00.', 'LA VIE EN ROSE 2 Hotel cách trung tâm Đà Lạt bao xa?': 'L, A V, I, E E, N R, O, S, E 2 Hotel cách trung tâm Đà Lạt 250 m.\nTất cả khoảng cách được đo theo đường thẳng. Khoảng cách di chuyển thực sự có thể khác.', 'LA VIE EN ROSE 2 Hotel có những loại phòng nào?': 'Lựa chọn phòng tại L, A V, I, E E, N R, O, S, E 2 Hotel bao gồm: Phòng giường đôi, Phòng đơn, Phòng gia đình, Phòng 2 giường đơn ', 'Tôi có thể làm gì ở LA VIE EN ROSE 2 Hotel?': 'L, A V, I, E E, N R, O, S, E 2 Hotel có những hoạt động/dịch vụ sau (có thể áp dụng phí):', 'Chi phí nghỉ tại LA VIE EN ROSE 2 Hotel là bao nhiêu?': 'Giá tại L, A V, I, E E, N R, O, S, E 2 Hotel có thể khác nhau tùy vào kỳ nghỉ của bạn (ví dụ: ngày bạn chọn, chính sách khách sạn,v.v.). Vui lòng xem giá bằng cách nhập ngày của bạn.'}"
https://www.booking.com/hotel/vn/lam-vien-garden-homestay-thanh-pho-da-lat.vi.html,"{'Lam Vien Garden Villa - Homestay Da Lat cách trung tâm Đà Lạt bao xa?': 'Lam Vien Garden Villa - Homestay Da Lat cách trung tâm Đà Lạt 3,9 km.\nTất cả khoảng cách được đo theo đường thẳng. Khoảng cách di chuyển thực sự có thể khác.', 'Tôi có thể làm gì ở Lam Vien Garden Villa - Homestay Da Lat?': 'Lam Vien Garden Villa - Homestay Da Lat có những hoạt động/dịch vụ sau (có thể áp dụng phí): Bữa tối theo chủ đề, Cho thuê xe đạp, Phòng tắm chung', 'Chi phí nghỉ tại Lam Vien Garden Villa - Homestay Da Lat là bao nhiêu?': 'Giá tại Lam Vien Garden Villa - Homestay Da Lat có thể khác nhau tùy vào kỳ nghỉ của bạn (ví dụ: ngày bạn chọn, chính sách khách sạn,v.v.). Vui lòng xem giá bằng cách nhập ngày của bạn.', 'Lam Vien Garden Villa - Homestay Da Lat có giờ nhận và trả phòng như thế nào?': 'Lam Vien Garden Villa - Homestay Da Lat có giờ nhận phòng từ 13:00 và giờ trả phòng trước 12:30.'}"
https://www.booking.com/hotel/vn/mountain-town.vi.html,"{'Mountain Town Hotel có phổ biến với các gia đình không?': 'Có, Mountain Town Hotel khá phổ biến đối với khách đặt kỳ nghỉ gia đình.', 'Tôi có thể làm gì ở Mountain Town Hotel?': 'Mountain Town Hotel có những hoạt động/dịch vụ sau (có thể áp dụng phí): Sân gôn (trong vòng 3km)', 'Mountain Town Hotel có giờ nhận và trả phòng như thế nào?': 'Mountain Town Hotel có giờ nhận phòng từ 14:00 và giờ trả phòng trước 12:00.', 'Chi phí nghỉ tại Mountain Town Hotel là bao nhiêu?': 'Giá tại Mountain Town Hotel có thể khác nhau tùy vào kỳ nghỉ của bạn (ví dụ: ngày bạn chọn, chính sách khách sạn,v.v.). Vui lòng xem giá bằng cách nhập ngày của bạn.', 'Mountain Town Hotel có những loại phòng nào?': 'Lựa chọn phòng tại Mountain Town Hotel bao gồm: Phòng giường đôi, Phòng 3 người, Phòng gia đình, Phòng 2 giường đơn ', 'Mountain Town Hotel cách trung tâm Đà Lạt bao xa?': 'Mountain Town Hotel cách trung tâm Đà Lạt 300 m.\nTất cả khoảng cách được đo theo đường thẳng. Khoảng cách di chuyển thực sự có thể khác.', 'Mountain Town Hotel có nhà hàng trong khuôn viên không?': 'Mountain Town Hotel có 1 nhà hàng: Nhà hàng'}"
https://www.booking.com/hotel/vn/the-lake-house-dalat.vi.html,"{'The Lake House Dalat cách trung tâm Đà Lạt bao xa?': 'The Lake House Dalat cách trung tâm Đà Lạt 4,8 km.\nTất cả khoảng cách được đo theo đường thẳng. Khoảng cách di chuyển thực sự có thể khác.', 'Tôi có thể làm gì ở The Lake House Dalat?': 'The Lake House Dalat có những hoạt động/dịch vụ sau (có thể áp dụng phí):', 'The Lake House Dalat có những loại phòng nào?': 'Lựa chọn phòng tại The Lake House Dalat bao gồm: Giường trong phòng tập thể, Phòng giường đôi, Bungalow', 'The Lake House Dalat có phục vụ dạng bữa sáng nào?': 'Khách lưu trú tại The Lake House Dalat có thể tận hưởng bữa sáng được đánh giá cao trong kỳ nghỉ của họ (điểm đánh giá của khách: 8.8)\n\nLựa chọn bữa sáng bao gồm: Kiểu Á', 'The Lake House Dalat có giờ nhận và trả phòng như thế nào?': 'The Lake House Dalat có giờ nhận phòng từ 14:00 và giờ trả phòng trước 12:00.', 'Chi phí nghỉ tại The Lake House Dalat là bao nhiêu?': 'Giá tại The Lake House Dalat có thể khác nhau tùy vào kỳ nghỉ của bạn (ví dụ: ngày bạn chọn, chính sách khách sạn,v.v.). Vui lòng xem giá bằng cách nhập ngày của bạn.'}"
https://www.booking.com/hotel/vn/khach-san-sunrise-da-lat.vi.html,"{'Khách Sạn Sunrise Đà Lạt cách trung tâm Ấp Ða Lợi bao xa?': 'Khách Sạn Sunrise Đà Lạt cách trung tâm Ấp Ða Lợi 900 m.\nTất cả khoảng cách được đo theo đường thẳng. Khoảng cách di chuyển thực sự có thể khác.', 'Chi phí nghỉ tại Khách Sạn Sunrise Đà Lạt là bao nhiêu?': 'Giá tại Khách Sạn Sunrise Đà Lạt có thể khác nhau tùy vào kỳ nghỉ của bạn (ví dụ: ngày bạn chọn, chính sách khách sạn,v.v.). Vui lòng xem giá bằng cách nhập ngày của bạn.', 'Khách Sạn Sunrise Đà Lạt có bể sục cho khách không?': 'Chỗ nghỉ có bể sục. Bạn có thể tìm hiểu thêm về điều này và các tiện nghi khác tại Khách Sạn Sunrise Đà Lạt trên trang này.', 'Khách Sạn Sunrise Đà Lạt có những loại phòng nào?': 'Lựa chọn phòng tại Khách Sạn Sunrise Đà Lạt bao gồm: Phòng 3 người, Studio, Phòng giường đôi, Phòng gia đình', 'Tôi có thể làm gì ở Khách Sạn Sunrise Đà Lạt?': 'Khách Sạn Sunrise Đà Lạt có những hoạt động/dịch vụ sau (có thể áp dụng phí): Bồn tắm nóng/bể sục (Jacuzzi)', 'Khách Sạn Sunrise Đà Lạt có giờ nhận và trả phòng như thế nào?': 'Khách Sạn Sunrise Đà Lạt có giờ nhận phòng từ 14:00 và giờ trả phòng trước 00:00.'}"
https://www.booking.com/hotel/vn/lovely-house-da-lat.vi.html,"{'Lovely House có những loại phòng nào?': 'Lựa chọn phòng tại Lovely House bao gồm: Phòng giường đôi, Phòng gia đình', 'Lovely House có giờ nhận và trả phòng như thế nào?': 'Lovely House có giờ nhận phòng từ 14:00 và giờ trả phòng trước 12:00.', 'Chi phí nghỉ tại Lovely House là bao nhiêu?': 'Giá tại Lovely House có thể khác nhau tùy vào kỳ nghỉ của bạn (ví dụ: ngày bạn chọn, chính sách khách sạn,v.v.). Vui lòng xem giá bằng cách nhập ngày của bạn.', 'Tôi có thể làm gì ở Lovely House?': 'Lovely House có những hoạt động/dịch vụ sau (có thể áp dụng phí):', 'Lovely House cách trung tâm Đà Lạt bao xa?': 'Lovely House cách trung tâm Đà Lạt 550 m.\nTất cả khoảng cách được đo theo đường thẳng. Khoảng cách di chuyển thực sự có thể khác.'}"
https://www.booking.com/hotel/vn/nha-ben-doi-homestay-da-lat.vi.html,"{'Chi phí nghỉ tại Nhà Bên Đồi - Homestay Đà Lạt là bao nhiêu?': 'Giá tại Nhà Bên Đồi - Homestay Đà Lạt có thể khác nhau tùy vào kỳ nghỉ của bạn (ví dụ: ngày bạn chọn, chính sách khách sạn,v.v.). Vui lòng xem giá bằng cách nhập ngày của bạn.', 'Tôi có thể làm gì ở Nhà Bên Đồi - Homestay Đà Lạt?': 'Nhà Bên Đồi - Homestay Đà Lạt có những hoạt động/dịch vụ sau (có thể áp dụng phí):', 'Nhà Bên Đồi - Homestay Đà Lạt cách trung tâm Ấp Xuân An bao xa?': 'Nhà Bên Đồi - Homestay Đà Lạt cách trung tâm Ấp Xuân An 1,8 km.\nTất cả khoảng cách được đo theo đường thẳng. Khoảng cách di chuyển thực sự có thể khác.', 'Nhà Bên Đồi - Homestay Đà Lạt có giờ nhận và trả phòng như thế nào?': 'Nhà Bên Đồi - Homestay Đà Lạt có giờ nhận phòng từ 14:00 và giờ trả phòng trước 12:00.'}"
https://www.booking.com/hotel/vn/memory-inn-sky-view.vi.html,"{'Tôi có thể làm gì ở Memory Inn - Sky View?': 'Memory Inn - Sky View có những hoạt động/dịch vụ sau (có thể áp dụng phí):', 'Memory Inn - Sky View cách trung tâm Ấp Xuân An bao xa?': 'Memory Inn - Sky View cách trung tâm Ấp Xuân An 350 m.\nTất cả khoảng cách được đo theo đường thẳng. Khoảng cách di chuyển thực sự có thể khác.', 'Chi phí nghỉ tại Memory Inn - Sky View là bao nhiêu?': 'Giá tại Memory Inn - Sky View có thể khác nhau tùy vào kỳ nghỉ của bạn (ví dụ: ngày bạn chọn, chính sách khách sạn,v.v.). Vui lòng xem giá bằng cách nhập ngày của bạn.', 'Memory Inn - Sky View có giờ nhận và trả phòng như thế nào?': 'Memory Inn - Sky View có giờ nhận phòng từ 14:00 và giờ trả phòng trước 12:30.', 'Memory Inn - Sky View có những loại phòng nào?': 'Lựa chọn phòng tại Memory Inn - Sky View bao gồm: Phòng giường đôi, Suite, Phòng giường đôi/2 giường đơn'}"
https://www.booking.com/hotel/vn/aurora-da-lat.vi.html,"{'Aurora Hotel Đà Lạt có những loại phòng nào?': 'Lựa chọn phòng tại Aurora Hotel Đà Lạt bao gồm: Phòng giường đôi, Phòng 2 giường đơn Phòng 3 người', 'Chi phí nghỉ tại Aurora Hotel Đà Lạt là bao nhiêu?': 'Giá tại Aurora Hotel Đà Lạt có thể khác nhau tùy vào kỳ nghỉ của bạn (ví dụ: ngày bạn chọn, chính sách khách sạn,v.v.). Vui lòng xem giá bằng cách nhập ngày của bạn.', 'Aurora Hotel Đà Lạt có giờ nhận và trả phòng như thế nào?': 'Aurora Hotel Đà Lạt có giờ nhận phòng từ 14:00 và giờ trả phòng trước 13:00.', 'Aurora Hotel Đà Lạt có phổ biến với các gia đình không?': 'Có, Aurora Hotel Đà Lạt khá phổ biến đối với khách đặt kỳ nghỉ gia đình.', 'Tôi có thể làm gì ở Aurora Hotel Đà Lạt?': 'Aurora Hotel Đà Lạt có những hoạt động/dịch vụ sau (có thể áp dụng phí):', 'Aurora Hotel Đà Lạt cách trung tâm Đà Lạt bao xa?': 'Aurora Hotel Đà Lạt cách trung tâm Đà Lạt 2,7 km.\nTất cả khoảng cách được đo theo đường thẳng. Khoảng cách di chuyển thực sự có thể khác.'}"
https://www.booking.com/hotel/vn/khach-san-vinci.vi.html,"{'Khách Sạn Vinci có những loại phòng nào?': 'Lựa chọn phòng tại Khách Sạn Vinci bao gồm: Phòng giường đôi, Phòng gia đình, Suite', 'Khách Sạn Vinci cách trung tâm Namban bao xa?': 'Khách Sạn Vinci cách trung tâm Namban 1,6 km.\nTất cả khoảng cách được đo theo đường thẳng. Khoảng cách di chuyển thực sự có thể khác.', 'Tôi có thể làm gì ở Khách Sạn Vinci?': 'Khách Sạn Vinci có những hoạt động/dịch vụ sau (có thể áp dụng phí): Phòng xông hơi', 'Khách Sạn Vinci có giờ nhận và trả phòng như thế nào?': 'Khách Sạn Vinci có giờ nhận phòng từ 13:00 và giờ trả phòng trước 12:00.', 'Chi phí nghỉ tại Khách Sạn Vinci là bao nhiêu?': 'Giá tại Khách Sạn Vinci có thể khác nhau tùy vào kỳ nghỉ của bạn (ví dụ: ngày bạn chọn, chính sách khách sạn,v.v.). Vui lòng xem giá bằng cách nhập ngày của bạn.'}"
https://www.booking.com/hotel/vn/bi-do-homestay-thanh-pho-da-lat.vi.html,"{'Chi phí nghỉ tại Nai Homestay là bao nhiêu?': 'Giá tại Nai Homestay có thể khác nhau tùy vào kỳ nghỉ của bạn (ví dụ: ngày bạn chọn, chính sách khách sạn,v.v.). Vui lòng xem giá bằng cách nhập ngày của bạn.', 'Nai Homestay có phổ biến với các gia đình không?': 'Có, Nai Homestay khá phổ biến đối với khách đặt kỳ nghỉ gia đình.', 'Nai Homestay có giờ nhận và trả phòng như thế nào?': 'Nai Homestay có giờ nhận phòng từ 14:00 và giờ trả phòng trước 12:00.', 'Nai Homestay cách trung tâm Đà Lạt bao xa?': 'Nai Homestay cách trung tâm Đà Lạt 1,1 km.\nTất cả khoảng cách được đo theo đường thẳng. Khoảng cách di chuyển thực sự có thể khác.', 'Tôi có thể làm gì ở Nai Homestay?': 'Nai Homestay có những hoạt động/dịch vụ sau (có thể áp dụng phí):'}"
https://www.booking.com/hotel/vn/po-nguyen-dang-hotel-dalat.vi.html,"{'Nguyen Dang Hotel cách trung tâm Đà Lạt bao xa?': 'Nguyen Dang Hotel cách trung tâm Đà Lạt 750 m.\nTất cả khoảng cách được đo theo đường thẳng. Khoảng cách di chuyển thực sự có thể khác.', 'Chi phí nghỉ tại Nguyen Dang Hotel là bao nhiêu?': 'Giá tại Nguyen Dang Hotel có thể khác nhau tùy vào kỳ nghỉ của bạn (ví dụ: ngày bạn chọn, chính sách khách sạn,v.v.). Vui lòng xem giá bằng cách nhập ngày của bạn.', 'Nguyen Dang Hotel có giờ nhận và trả phòng như thế nào?': 'Nguyen Dang Hotel có giờ nhận phòng từ 14:00 và giờ trả phòng trước 12:00.', 'Tôi có thể làm gì ở Nguyen Dang Hotel?': 'Nguyen Dang Hotel có những hoạt động/dịch vụ sau (có thể áp dụng phí):'}"
https://www.booking.com/hotel/vn/lam-nguyen-charming-house.vi.html,"{'Lam Nguyên Charming House có phổ biến với các gia đình không?': 'Có, Lam Nguyên Charming House khá phổ biến đối với khách đặt kỳ nghỉ gia đình.', 'Lam Nguyên Charming House có giờ nhận và trả phòng như thế nào?': 'Lam Nguyên Charming House có giờ nhận phòng từ 14:00 và giờ trả phòng trước 12:00.', 'Chi phí nghỉ tại Lam Nguyên Charming House là bao nhiêu?': 'Giá tại Lam Nguyên Charming House có thể khác nhau tùy vào kỳ nghỉ của bạn (ví dụ: ngày bạn chọn, chính sách khách sạn,v.v.). Vui lòng xem giá bằng cách nhập ngày của bạn.', 'Lam Nguyên Charming House cách trung tâm Bảo Lộc bao xa?': 'Lam Nguyên Charming House cách trung tâm Bảo Lộc 4,5 km.\nTất cả khoảng cách được đo theo đường thẳng. Khoảng cách di chuyển thực sự có thể khác.', 'Tôi có thể làm gì ở Lam Nguyên Charming House?': 'Lam Nguyên Charming House có những hoạt động/dịch vụ sau (có thể áp dụng phí):', 'Lam Nguyên Charming House có những loại phòng nào?': 'Lựa chọn phòng tại Lam Nguyên Charming House bao gồm: Phòng đơn, Phòng giường đôi, Phòng gia đình'}"
https://www.booking.com/hotel/vn/minh-uyen-homestay-thanh-pho-da-lat.vi.html,"{'Chi phí nghỉ tại Minh Uyen Homestay là bao nhiêu?': 'Giá tại Minh Uyen Homestay có thể khác nhau tùy vào kỳ nghỉ của bạn (ví dụ: ngày bạn chọn, chính sách khách sạn,v.v.). Vui lòng xem giá bằng cách nhập ngày của bạn.', 'Tôi có thể làm gì ở Minh Uyen Homestay?': 'Minh Uyen Homestay có những hoạt động/dịch vụ sau (có thể áp dụng phí): Tour/lớp về văn hóa địa phương', 'Minh Uyen Homestay cách trung tâm Đà Lạt bao xa?': 'Minh Uyen Homestay cách trung tâm Đà Lạt 900 m.\nTất cả khoảng cách được đo theo đường thẳng. Khoảng cách di chuyển thực sự có thể khác.', 'Minh Uyen Homestay có những loại phòng nào?': 'Lựa chọn phòng tại Minh Uyen Homestay bao gồm: Phòng giường đôi, Phòng 4 người, Phòng gia đình', 'Minh Uyen Homestay có phổ biến với các gia đình không?': 'Có, Minh Uyen Homestay khá phổ biến đối với khách đặt kỳ nghỉ gia đình.', 'Minh Uyen Homestay có giờ nhận và trả phòng như thế nào?': 'Minh Uyen Homestay có giờ nhận phòng từ 14:00 và giờ trả phòng trước 12:00.'}"
https://www.booking.com/hotel/vn/homestay-da-quy.vi.html,"{'Homestay Da Quy cách trung tâm Đà Lạt bao xa?': 'Homestay Da Quy cách trung tâm Đà Lạt 1,1 km.\nTất cả khoảng cách được đo theo đường thẳng. Khoảng cách di chuyển thực sự có thể khác.', 'Homestay Da Quy có giờ nhận và trả phòng như thế nào?': 'Homestay Da Quy có giờ nhận phòng từ 14:00 và giờ trả phòng trước 00:00.', 'Chi phí nghỉ tại Homestay Da Quy là bao nhiêu?': 'Giá tại Homestay Da Quy có thể khác nhau tùy vào kỳ nghỉ của bạn (ví dụ: ngày bạn chọn, chính sách khách sạn,v.v.). Vui lòng xem giá bằng cách nhập ngày của bạn.', 'Tôi có thể làm gì ở Homestay Da Quy?': 'Homestay Da Quy có những hoạt động/dịch vụ sau (có thể áp dụng phí): Xe đạp, Cho thuê xe đạp'}"
https://www.booking.com/hotel/vn/phu-tho-da-lat.vi.html,"{'Phu Tho Da Lat Hotel có giờ nhận và trả phòng như thế nào?': 'Phu Tho Da Lat Hotel có giờ nhận phòng từ 12:30 và giờ trả phòng trước 11:00.', 'Phu Tho Da Lat Hotel có phổ biến với các gia đình không?': 'Có, Phu Tho Da Lat Hotel khá phổ biến đối với khách đặt kỳ nghỉ gia đình.', 'Phu Tho Da Lat Hotel cách trung tâm Đà Lạt bao xa?': 'Phu Tho Da Lat Hotel cách trung tâm Đà Lạt 1 km.\nTất cả khoảng cách được đo theo đường thẳng. Khoảng cách di chuyển thực sự có thể khác.', 'Phu Tho Da Lat Hotel có những loại phòng nào?': 'Lựa chọn phòng tại Phu Tho Da Lat Hotel bao gồm: Phòng giường đôi, Phòng 4 người, Phòng gia đình', 'Tôi có thể làm gì ở Phu Tho Da Lat Hotel?': 'Phu Tho Da Lat Hotel có những hoạt động/dịch vụ sau (có thể áp dụng phí): Tour đi bộ, Tour đi xe đạp', 'Chi phí nghỉ tại Phu Tho Da Lat Hotel là bao nhiêu?': 'Giá tại Phu Tho Da Lat Hotel có thể khác nhau tùy vào kỳ nghỉ của bạn (ví dụ: ngày bạn chọn, chính sách khách sạn,v.v.). Vui lòng xem giá bằng cách nhập ngày của bạn.'}"
https://www.booking.com/hotel/vn/tasme-dalat-signature.vi.html,"{'Tôi có thể làm gì ở Tasme Dalat Signature?': 'Tasme Dalat Signature có những hoạt động/dịch vụ sau (có thể áp dụng phí):', 'Tasme Dalat Signature có phổ biến với các gia đình không?': 'Có, Tasme Dalat Signature khá phổ biến đối với khách đặt kỳ nghỉ gia đình.', 'Tasme Dalat Signature cách trung tâm Đà Lạt bao xa?': 'Tasme Dalat Signature cách trung tâm Đà Lạt 1,6 km.\nTất cả khoảng cách được đo theo đường thẳng. Khoảng cách di chuyển thực sự có thể khác.', 'Tasme Dalat Signature có những loại phòng nào?': 'Lựa chọn phòng tại Tasme Dalat Signature bao gồm: Phòng giường đôi, Phòng gia đình', 'Tasme Dalat Signature có giờ nhận và trả phòng như thế nào?': 'Tasme Dalat Signature có giờ nhận phòng từ 14:00 và giờ trả phòng trước 12:00.', 'Chi phí nghỉ tại Tasme Dalat Signature là bao nhiêu?': 'Giá tại Tasme Dalat Signature có thể khác nhau tùy vào kỳ nghỉ của bạn (ví dụ: ngày bạn chọn, chính sách khách sạn,v.v.). Vui lòng xem giá bằng cách nhập ngày của bạn.'}"
https://www.booking.com/hotel/vn/lamay-homestay-thanh-pho-da-lat4.vi.html,"{'Tôi có thể làm gì ở LaMay Homestay?': 'La, May Homestay có những hoạt động/dịch vụ sau (có thể áp dụng phí):', 'LaMay Homestay cách trung tâm Đà Lạt bao xa?': 'La, May Homestay cách trung tâm Đà Lạt 1,9 km.\nTất cả khoảng cách được đo theo đường thẳng. Khoảng cách di chuyển thực sự có thể khác.', 'LaMay Homestay có giờ nhận và trả phòng như thế nào?': 'La, May Homestay có giờ nhận phòng từ 14:00 và giờ trả phòng trước 12:30.', 'Chi phí nghỉ tại LaMay Homestay là bao nhiêu?': 'Giá tại La, May Homestay có thể khác nhau tùy vào kỳ nghỉ của bạn (ví dụ: ngày bạn chọn, chính sách khách sạn,v.v.). Vui lòng xem giá bằng cách nhập ngày của bạn.'}"
https://www.booking.com/hotel/vn/ducampo-house-dalat.vi.html,"{'Tôi có thể làm gì ở Ducampo House Dalat?': 'Ducampo House Dalat có những hoạt động/dịch vụ sau (có thể áp dụng phí):', 'Bao nhiêu khách có thể lưu trú tại Ducampo House Dalat?': 'Ducampo House Dalat có thể tiếp đón nhóm có số lượng như sau: 5 khách\n\nĐể biết thêm thông tin, vui lòng kiểm tra chi tiết (các) lựa chọn chỗ nghỉ ở trang này.', 'Ducampo House Dalat có ban công không?': 'Có, nhiều lựa chọn tại chỗ nghỉ này có ban công. Bạn có thể tìm hiểu thêm về điều này và các tiện nghi khác tại Ducampo House Dalat trên trang này.', 'Chi phí nghỉ tại Ducampo House Dalat là bao nhiêu?': 'Giá tại Ducampo House Dalat có thể khác nhau tùy vào kỳ nghỉ của bạn (ví dụ: ngày bạn chọn, chính sách khách sạn,v.v.). Vui lòng xem giá bằng cách nhập ngày của bạn.', 'Ducampo House Dalat có phổ biến với các gia đình không?': 'Có, Ducampo House Dalat khá phổ biến đối với khách đặt kỳ nghỉ gia đình.', 'Ducampo House Dalat có giờ nhận và trả phòng như thế nào?': 'Ducampo House Dalat có giờ nhận phòng từ 14:00 và giờ trả phòng trước 12:00.', 'Ducampo House Dalat có sân hiên không?': 'Có, nhiều lựa chọn tại chỗ nghỉ này có sân hiên. Bạn có thể tìm hiểu thêm về điều này và các tiện nghi khác tại Ducampo House Dalat trên trang này.', 'Ducampo House Dalat có bao nhiêu phòng ngủ?': 'Ducampo House Dalat có số lượng phòng ngủ như sau: 2 phòng ngủ\n\nĐể biết thêm thông tin, vui lòng kiểm tra chi tiết (các) lựa chọn chỗ nghỉ ở trang này.', 'Ducampo House Dalat cách trung tâm Đà Lạt bao xa?': 'Ducampo House Dalat cách trung tâm Đà Lạt 900 m.\nTất cả khoảng cách được đo theo đường thẳng. Khoảng cách di chuyển thực sự có thể khác.'}"
https://www.booking.com/hotel/vn/guest-house-hai-co-chu.vi.html,"{'Tôi có thể làm gì ở Guest house Hai Cô Chú?': 'Guest house Hai Cô Chú có những hoạt động/dịch vụ sau (có thể áp dụng phí):', 'Guest house Hai Cô Chú có giờ nhận và trả phòng như thế nào?': 'Guest house Hai Cô Chú có giờ nhận phòng từ 12:00 và giờ trả phòng trước 11:00.', 'Chi phí nghỉ tại Guest house Hai Cô Chú là bao nhiêu?': 'Giá tại Guest house Hai Cô Chú có thể khác nhau tùy vào kỳ nghỉ của bạn (ví dụ: ngày bạn chọn, chính sách khách sạn,v.v.). Vui lòng xem giá bằng cách nhập ngày của bạn.', 'Guest house Hai Cô Chú cách trung tâm Đà Lạt bao xa?': 'Guest house Hai Cô Chú cách trung tâm Đà Lạt 150 m.\nTất cả khoảng cách được đo theo đường thẳng. Khoảng cách di chuyển thực sự có thể khác.'}"
https://www.booking.com/hotel/vn/da-lach-noah-farmstay-venue-travel.vi.html,"{'Tôi có thể làm gì ở Da Lach Noah Farmstay Venuestay?': 'Da Lach Noah Farmstay Venuestay có những hoạt động/dịch vụ sau (có thể áp dụng phí):', 'Chi phí nghỉ tại Da Lach Noah Farmstay Venuestay là bao nhiêu?': 'Giá tại Da Lach Noah Farmstay Venuestay có thể khác nhau tùy vào kỳ nghỉ của bạn (ví dụ: ngày bạn chọn, chính sách khách sạn,v.v.). Vui lòng xem giá bằng cách nhập ngày của bạn.', 'Da Lach Noah Farmstay Venuestay có phổ biến với các gia đình không?': 'Có, Da Lach Noah Farmstay Venuestay khá phổ biến đối với khách đặt kỳ nghỉ gia đình.', 'Da Lach Noah Farmstay Venuestay có giờ nhận và trả phòng như thế nào?': 'Da Lach Noah Farmstay Venuestay có giờ nhận phòng từ 14:00 và giờ trả phòng trước 12:00.', 'Da Lach Noah Farmstay Venuestay cách trung tâm Đà Lạt bao xa?': 'Da Lach Noah Farmstay Venuestay cách trung tâm Đà Lạt 4,5 km.\nTất cả khoảng cách được đo theo đường thẳng. Khoảng cách di chuyển thực sự có thể khác.'}"
https://www.booking.com/hotel/vn/lang-ko-ho.vi.html,"{'Hotel Làng Kò Hơ có giờ nhận và trả phòng như thế nào?': 'Hotel Làng Kò Hơ có giờ nhận phòng từ 12:00 và giờ trả phòng trước 10:00.', 'Tôi có thể làm gì ở Hotel Làng Kò Hơ?': 'Hotel Làng Kò Hơ có những hoạt động/dịch vụ sau (có thể áp dụng phí): Sân gôn (trong vòng 3km)Tour đi xe đạp, Tour đi bộ', 'Hotel Làng Kò Hơ cách trung tâm Đà Lạt bao xa?': 'Hotel Làng Kò Hơ cách trung tâm Đà Lạt 400 m.\nTất cả khoảng cách được đo theo đường thẳng. Khoảng cách di chuyển thực sự có thể khác.', 'Chi phí nghỉ tại Hotel Làng Kò Hơ là bao nhiêu?': 'Giá tại Hotel Làng Kò Hơ có thể khác nhau tùy vào kỳ nghỉ của bạn (ví dụ: ngày bạn chọn, chính sách khách sạn,v.v.). Vui lòng xem giá bằng cách nhập ngày của bạn.', 'Hotel Làng Kò Hơ có phổ biến với các gia đình không?': 'Có, Hotel Làng Kò Hơ khá phổ biến đối với khách đặt kỳ nghỉ gia đình.', 'Hotel Làng Kò Hơ có những loại phòng nào?': 'Lựa chọn phòng tại Hotel Làng Kò Hơ bao gồm: Phòng gia đình, Căn hộPhòng giường đôi'}"
https://www.booking.com/hotel/vn/bombo.vi.html,"{'Chi phí nghỉ tại Bombo DaLat Hotel là bao nhiêu?': 'Giá tại Bombo Da, Lat Hotel có thể khác nhau tùy vào kỳ nghỉ của bạn (ví dụ: ngày bạn chọn, chính sách khách sạn,v.v.). Vui lòng xem giá bằng cách nhập ngày của bạn.', 'Bombo DaLat Hotel cách trung tâm Đà Lạt bao xa?': 'Bombo Da, Lat Hotel cách trung tâm Đà Lạt 450 m.\nTất cả khoảng cách được đo theo đường thẳng. Khoảng cách di chuyển thực sự có thể khác.', 'Bombo DaLat Hotel có giờ nhận và trả phòng như thế nào?': 'Bombo Da, Lat Hotel có giờ nhận phòng từ 14:00 và giờ trả phòng trước 13:00.', 'Bombo DaLat Hotel có phổ biến với các gia đình không?': 'Có, Bombo Da, Lat Hotel khá phổ biến đối với khách đặt kỳ nghỉ gia đình.', 'Bombo DaLat Hotel có nhà hàng trong khuôn viên không?': 'Bombo Da, Lat Hotel có 1 nhà hàng: Restaurant #1', 'Bombo DaLat Hotel có những loại phòng nào?': 'Lựa chọn phòng tại Bombo Da, Lat Hotel bao gồm: Phòng giường đôi, Phòng 2 giường đơn Phòng gia đình', 'Tôi có thể làm gì ở Bombo DaLat Hotel?': 'Bombo Da, Lat Hotel có những hoạt động/dịch vụ sau (có thể áp dụng phí):'}"
https://www.booking.com/hotel/vn/po-h-i-an-hotel-bao-loc.vi.html,"{'Chi phí nghỉ tại HẢI AN HOTEL là bao nhiêu?': 'Giá tại HẢI A, N H, O, T, E, L có thể khác nhau tùy vào kỳ nghỉ của bạn (ví dụ: ngày bạn chọn, chính sách khách sạn,v.v.). Vui lòng xem giá bằng cách nhập ngày của bạn.', 'Tôi có thể làm gì ở HẢI AN HOTEL?': 'HẢI A, N H, O, T, E, L có những hoạt động/dịch vụ sau (có thể áp dụng phí):', 'HẢI AN HOTEL cách trung tâm Bảo Lộc bao xa?': 'HẢI A, N H, O, T, E, L cách trung tâm Bảo Lộc 550 m.\nTất cả khoảng cách được đo theo đường thẳng. Khoảng cách di chuyển thực sự có thể khác.', 'HẢI AN HOTEL có giờ nhận và trả phòng như thế nào?': 'HẢI A, N H, O, T, E, L có giờ nhận phòng từ 14:00 và giờ trả phòng trước 12:00.'}"
https://www.booking.com/hotel/vn/nha-cua-nguoi-va-ta.vi.html,"{'Nhà của Người và Ta cách trung tâm Đà Lạt bao xa?': 'Nhà của Người và Ta cách trung tâm Đà Lạt 2 km.\nTất cả khoảng cách được đo theo đường thẳng. Khoảng cách di chuyển thực sự có thể khác.', 'Chi phí nghỉ tại Nhà của Người và Ta là bao nhiêu?': 'Giá tại Nhà của Người và Ta có thể khác nhau tùy vào kỳ nghỉ của bạn (ví dụ: ngày bạn chọn, chính sách khách sạn,v.v.). Vui lòng xem giá bằng cách nhập ngày của bạn.', 'Tôi có thể làm gì ở Nhà của Người và Ta?': 'Nhà của Người và Ta có những hoạt động/dịch vụ sau (có thể áp dụng phí):', 'Nhà của Người và Ta có giờ nhận và trả phòng như thế nào?': 'Nhà của Người và Ta có giờ nhận phòng từ 13:00 và giờ trả phòng trước 12:00.'}"
https://www.booking.com/hotel/vn/moon-homestay-dalat.vi.html,"{'Moon homestay.dalat có bao nhiêu phòng ngủ?': 'Moon homestay.dalat có số lượng phòng ngủ như sau: 2 phòng ngủ\n\nĐể biết thêm thông tin, vui lòng kiểm tra chi tiết (các) lựa chọn chỗ nghỉ ở trang này.', 'Moon homestay.dalat có giờ nhận và trả phòng như thế nào?': 'Moon homestay.dalat có giờ nhận phòng từ 11:00 và giờ trả phòng trước 12:00.', 'Tôi có thể làm gì ở Moon homestay.dalat?': 'Moon homestay.dalat có những hoạt động/dịch vụ sau (có thể áp dụng phí):', 'Moon homestay.dalat có phổ biến với các gia đình không?': 'Có, Moon homestay.dalat khá phổ biến đối với khách đặt kỳ nghỉ gia đình.', 'Moon homestay.dalat cách trung tâm Đà Lạt bao xa?': 'Moon homestay.dalat cách trung tâm Đà Lạt 2,5 km.\nTất cả khoảng cách được đo theo đường thẳng. Khoảng cách di chuyển thực sự có thể khác.', 'Bao nhiêu khách có thể lưu trú tại Moon homestay.dalat?': 'Moon homestay.dalat có thể tiếp đón nhóm có số lượng như sau: 6 khách\n\nĐể biết thêm thông tin, vui lòng kiểm tra chi tiết (các) lựa chọn chỗ nghỉ ở trang này.', 'Chi phí nghỉ tại Moon homestay.dalat là bao nhiêu?': 'Giá tại Moon homestay.dalat có thể khác nhau tùy vào kỳ nghỉ của bạn (ví dụ: ngày bạn chọn, chính sách khách sạn,v.v.). Vui lòng xem giá bằng cách nhập ngày của bạn.'}"
https://www.booking.com/hotel/vn/backpackers-home.vi.html,"{'Nụ Cười Xinh cách trung tâm Đà Lạt bao xa?': 'Nụ Cười Xinh cách trung tâm Đà Lạt 450 m.\nTất cả khoảng cách được đo theo đường thẳng. Khoảng cách di chuyển thực sự có thể khác.', 'Chi phí nghỉ tại Nụ Cười Xinh là bao nhiêu?': 'Giá tại Nụ Cười Xinh có thể khác nhau tùy vào kỳ nghỉ của bạn (ví dụ: ngày bạn chọn, chính sách khách sạn,v.v.). Vui lòng xem giá bằng cách nhập ngày của bạn.', 'Nụ Cười Xinh có giờ nhận và trả phòng như thế nào?': 'Nụ Cười Xinh có giờ nhận phòng từ 13:00 và giờ trả phòng trước 11:00.', 'Tôi có thể làm gì ở Nụ Cười Xinh?': 'Nụ Cười Xinh có những hoạt động/dịch vụ sau (có thể áp dụng phí): Tour/lớp về văn hóa địa phương'}"
https://www.booking.com/hotel/vn/abahi-homestay-123.vi.html,"{'Chi phí nghỉ tại Abahi homestay 123 là bao nhiêu?': 'Giá tại Abahi homestay 123 có thể khác nhau tùy vào kỳ nghỉ của bạn (ví dụ: ngày bạn chọn, chính sách khách sạn,v.v.). Vui lòng xem giá bằng cách nhập ngày của bạn.', 'Abahi homestay 123 cách trung tâm Ấp Xuân An bao xa?': 'Abahi homestay 123 cách trung tâm Ấp Xuân An 450 m.\nTất cả khoảng cách được đo theo đường thẳng. Khoảng cách di chuyển thực sự có thể khác.', 'Abahi homestay 123 có giờ nhận và trả phòng như thế nào?': 'Abahi homestay 123 có giờ nhận phòng từ 13:00 và giờ trả phòng trước 11:00.', 'Tôi có thể làm gì ở Abahi homestay 123?': 'Abahi homestay 123 có những hoạt động/dịch vụ sau (có thể áp dụng phí):'}"
https://www.booking.com/hotel/vn/nang-xinh-homestay.vi.html,"{'Chi phí nghỉ tại Nắng Xinh Homestay là bao nhiêu?': 'Giá tại Nắng Xinh Homestay có thể khác nhau tùy vào kỳ nghỉ của bạn (ví dụ: ngày bạn chọn, chính sách khách sạn,v.v.). Vui lòng xem giá bằng cách nhập ngày của bạn.', 'Nắng Xinh Homestay có giờ nhận và trả phòng như thế nào?': 'Nắng Xinh Homestay có giờ nhận phòng từ 14:00 và giờ trả phòng trước 11:00.', 'Nắng Xinh Homestay cách trung tâm Ấp Xuân An bao xa?': 'Nắng Xinh Homestay cách trung tâm Ấp Xuân An 100 m.\nTất cả khoảng cách được đo theo đường thẳng. Khoảng cách di chuyển thực sự có thể khác.', 'Tôi có thể làm gì ở Nắng Xinh Homestay?': 'Nắng Xinh Homestay có những hoạt động/dịch vụ sau (có thể áp dụng phí):'}"
https://www.booking.com/hotel/vn/siro-house-coffee.vi.html,"{'Chi phí nghỉ tại Siro House Coffee là bao nhiêu?': 'Giá tại Siro House Coffee có thể khác nhau tùy vào kỳ nghỉ của bạn (ví dụ: ngày bạn chọn, chính sách khách sạn,v.v.). Vui lòng xem giá bằng cách nhập ngày của bạn.', 'Siro House Coffee cách trung tâm Ấp Ða Thành bao xa?': 'Siro House Coffee cách trung tâm Ấp Ða Thành 1 km.\nTất cả khoảng cách được đo theo đường thẳng. Khoảng cách di chuyển thực sự có thể khác.', 'Siro House Coffee có giờ nhận và trả phòng như thế nào?': 'Siro House Coffee có giờ nhận phòng từ 14:00 và giờ trả phòng trước 12:00.', 'Tôi có thể làm gì ở Siro House Coffee?': 'Siro House Coffee có những hoạt động/dịch vụ sau (có thể áp dụng phí): Sân gôn (trong vòng 3km)Tour/lớp về văn hóa địa phương', 'Siro House Coffee có những loại phòng nào?': 'Lựa chọn phòng tại Siro House Coffee bao gồm: Phòng giường đôi, Phòng 4 người'}"
https://www.booking.com/hotel/vn/hong-tung.vi.html,"{'Tôi có thể làm gì ở Hồng Tùng Hotel?': 'Hồng Tùng Hotel có những hoạt động/dịch vụ sau (có thể áp dụng phí):', 'Hồng Tùng Hotel cách trung tâm Đà Lạt bao xa?': 'Hồng Tùng Hotel cách trung tâm Đà Lạt 1,6 km.\nTất cả khoảng cách được đo theo đường thẳng. Khoảng cách di chuyển thực sự có thể khác.', 'Hồng Tùng Hotel có phổ biến với các gia đình không?': 'Có, Hồng Tùng Hotel khá phổ biến đối với khách đặt kỳ nghỉ gia đình.', 'Hồng Tùng Hotel có giờ nhận và trả phòng như thế nào?': 'Hồng Tùng Hotel có giờ nhận phòng từ 14:00 và giờ trả phòng trước 12:30.', 'Chi phí nghỉ tại Hồng Tùng Hotel là bao nhiêu?': 'Giá tại Hồng Tùng Hotel có thể khác nhau tùy vào kỳ nghỉ của bạn (ví dụ: ngày bạn chọn, chính sách khách sạn,v.v.). Vui lòng xem giá bằng cách nhập ngày của bạn.', 'Hồng Tùng Hotel có những loại phòng nào?': 'Lựa chọn phòng tại Hồng Tùng Hotel bao gồm: Phòng gia đình, Phòng giường đôi'}"
https://www.booking.com/hotel/vn/ngan-pho-thanh-pho-da-lat.vi.html,"{'Ngan Pho Studio & Love Hotel có giờ nhận và trả phòng như thế nào?': 'Ngan Pho Studio & Love Hotel có giờ nhận phòng từ 14:00 và giờ trả phòng trước 00:00.', 'Ngan Pho Studio & Love Hotel cách trung tâm Đà Lạt bao xa?': 'Ngan Pho Studio & Love Hotel cách trung tâm Đà Lạt 950 m.\nTất cả khoảng cách được đo theo đường thẳng. Khoảng cách di chuyển thực sự có thể khác.', 'Tôi có thể làm gì ở Ngan Pho Studio & Love Hotel?': 'Ngan Pho Studio & Love Hotel có những hoạt động/dịch vụ sau (có thể áp dụng phí):', 'Ngan Pho Studio & Love Hotel có phổ biến với các gia đình không?': 'Có, Ngan Pho Studio & Love Hotel khá phổ biến đối với khách đặt kỳ nghỉ gia đình.', 'Chi phí nghỉ tại Ngan Pho Studio & Love Hotel là bao nhiêu?': 'Giá tại Ngan Pho Studio & Love Hotel có thể khác nhau tùy vào kỳ nghỉ của bạn (ví dụ: ngày bạn chọn, chính sách khách sạn,v.v.). Vui lòng xem giá bằng cách nhập ngày của bạn.'}"
https://www.booking.com/hotel/vn/bang-bang-hostel.vi.html,"{'Chi phí nghỉ tại Băng Băng Hotel là bao nhiêu?': 'Giá tại Băng Băng Hotel có thể khác nhau tùy vào kỳ nghỉ của bạn (ví dụ: ngày bạn chọn, chính sách khách sạn,v.v.). Vui lòng xem giá bằng cách nhập ngày của bạn.', 'Băng Băng Hotel cách trung tâm Đà Lạt bao xa?': 'Băng Băng Hotel cách trung tâm Đà Lạt 1,2 km.\nTất cả khoảng cách được đo theo đường thẳng. Khoảng cách di chuyển thực sự có thể khác.', 'Băng Băng Hotel có phổ biến với các gia đình không?': 'Có, Băng Băng Hotel khá phổ biến đối với khách đặt kỳ nghỉ gia đình.', 'Băng Băng Hotel có giờ nhận và trả phòng như thế nào?': 'Băng Băng Hotel có giờ nhận phòng từ 14:00 và giờ trả phòng trước 12:00.', 'Tôi có thể làm gì ở Băng Băng Hotel?': 'Băng Băng Hotel có những hoạt động/dịch vụ sau (có thể áp dụng phí):', 'Băng Băng Hotel có những loại phòng nào?': 'Lựa chọn phòng tại Băng Băng Hotel bao gồm: Phòng giường đôi, Phòng 4 người, Phòng gia đình'}"
https://www.booking.com/hotel/vn/idorm-b-amp-b.vi.html,"{'iDorm B&B - idorm Mỹ cách trung tâm Đà Lạt bao xa?': 'i, Dorm B&B - idorm Mỹ cách trung tâm Đà Lạt 400 m.\nTất cả khoảng cách được đo theo đường thẳng. Khoảng cách di chuyển thực sự có thể khác.', 'Chi phí nghỉ tại iDorm B&B - idorm Mỹ là bao nhiêu?': 'Giá tại i, Dorm B&B - idorm Mỹ có thể khác nhau tùy vào kỳ nghỉ của bạn (ví dụ: ngày bạn chọn, chính sách khách sạn,v.v.). Vui lòng xem giá bằng cách nhập ngày của bạn.', 'iDorm B&B - idorm Mỹ có những loại phòng nào?': 'Lựa chọn phòng tại i, Dorm B&B - idorm Mỹ bao gồm: Phòng gia đình, Phòng 3 người, Phòng giường đôi', 'Tôi có thể làm gì ở iDorm B&B - idorm Mỹ?': 'i, Dorm B&B - idorm Mỹ có những hoạt động/dịch vụ sau (có thể áp dụng phí):', 'iDorm B&B - idorm Mỹ có giờ nhận và trả phòng như thế nào?': 'i, Dorm B&B - idorm Mỹ có giờ nhận phòng từ 14:00 và giờ trả phòng trước 11:30.'}"
https://www.booking.com/hotel/vn/cslt-du-lich-thao-loc.vi.html,"{'Cslt du lịch Thảo Lộc có giờ nhận và trả phòng như thế nào?': 'Cslt du lịch Thảo Lộc có giờ nhận phòng từ 02:00 và giờ trả phòng trước 13:00.', 'Cslt du lịch Thảo Lộc cách trung tâm Ấp Ða Thành bao xa?': 'Cslt du lịch Thảo Lộc cách trung tâm Ấp Ða Thành 850 m.\nTất cả khoảng cách được đo theo đường thẳng. Khoảng cách di chuyển thực sự có thể khác.', 'Tôi có thể làm gì ở Cslt du lịch Thảo Lộc?': 'Cslt du lịch Thảo Lộc có những hoạt động/dịch vụ sau (có thể áp dụng phí):', 'Chi phí nghỉ tại Cslt du lịch Thảo Lộc là bao nhiêu?': 'Giá tại Cslt du lịch Thảo Lộc có thể khác nhau tùy vào kỳ nghỉ của bạn (ví dụ: ngày bạn chọn, chính sách khách sạn,v.v.). Vui lòng xem giá bằng cách nhập ngày của bạn.'}"
https://www.booking.com/hotel/vn/mai-vang-ii.vi.html,"{'Chi phí nghỉ tại HANZ Premium Mai Vang Hotel là bao nhiêu?': 'Giá tại H, A, N, Z Premium Mai Vang Hotel có thể khác nhau tùy vào kỳ nghỉ của bạn (ví dụ: ngày bạn chọn, chính sách khách sạn,v.v.). Vui lòng xem giá bằng cách nhập ngày của bạn.', 'Tôi có thể làm gì ở HANZ Premium Mai Vang Hotel?': 'H, A, N, Z Premium Mai Vang Hotel có những hoạt động/dịch vụ sau (có thể áp dụng phí):', 'HANZ Premium Mai Vang Hotel cách trung tâm Đà Lạt bao xa?': 'H, A, N, Z Premium Mai Vang Hotel cách trung tâm Đà Lạt 650 m.\nTất cả khoảng cách được đo theo đường thẳng. Khoảng cách di chuyển thực sự có thể khác.', 'HANZ Premium Mai Vang Hotel có giờ nhận và trả phòng như thế nào?': 'H, A, N, Z Premium Mai Vang Hotel có giờ nhận phòng từ 19:00 và giờ trả phòng trước 12:00.', 'HANZ Premium Mai Vang Hotel có những loại phòng nào?': 'Lựa chọn phòng tại H, A, N, Z Premium Mai Vang Hotel bao gồm: Phòng giường đôi/2 giường đơn, Phòng 3 người, Suite', 'HANZ Premium Mai Vang Hotel có nhà hàng trong khuôn viên không?': 'H, A, N, Z Premium Mai Vang Hotel có 1 nhà hàng: M, A, I VÀ, N, G I, I'}"
https://www.booking.com/hotel/vn/delight-house-stay-amp-chill.vi.html,"{'Délight House STAY&CHILL có những loại phòng nào?': 'Lựa chọn phòng tại Délight House S, T, A, Y&C, H, I, L, L bao gồm: Phòng giường đôi, Phòng 4 người', 'Délight House STAY&CHILL có nhà hàng trong khuôn viên không?': 'Délight House S, T, A, Y&C, H, I, L, L có 1 nhà hàng: Nhà hàng', 'Tôi có thể làm gì ở Délight House STAY&CHILL?': 'Délight House S, T, A, Y&C, H, I, L, L có những hoạt động/dịch vụ sau (có thể áp dụng phí): Xe đạp, Đi bộ đường dài, Sân chơi trẻ em, Phòng chơi game, Câu cáKaraoke, Sân gôn (trong vòng 3km)Giải trí buổi tối, Tour/lớp về văn hóa địa phương, Tour đi bộ, Cho thuê xe đạp, Nhảy/khám phá bar, Biểu diễn/nhạc sống, Giờ vàng, Vũ trường/D, J, Hài độc thoại, Lớp dạy nấu ăn, Cưỡi ngựa, Nhân viên Giải trí, Đêm phim, Sự kiện thể thao (truyền hình trực tiếp)Thiết bị dành cho cầu lông, Lớp thể dục, Tour đi xe đạp, Bữa tối theo chủ đề', 'Délight House STAY&CHILL có giờ nhận và trả phòng như thế nào?': 'Délight House S, T, A, Y&C, H, I, L, L có giờ nhận phòng từ 13:00 và giờ trả phòng trước 11:00.', 'Délight House STAY&CHILL cách trung tâm Đà Lạt bao xa?': 'Délight House S, T, A, Y&C, H, I, L, L cách trung tâm Đà Lạt 3,6 km.\nTất cả khoảng cách được đo theo đường thẳng. Khoảng cách di chuyển thực sự có thể khác.', 'Chi phí nghỉ tại Délight House STAY&CHILL là bao nhiêu?': 'Giá tại Délight House S, T, A, Y&C, H, I, L, L có thể khác nhau tùy vào kỳ nghỉ của bạn (ví dụ: ngày bạn chọn, chính sách khách sạn,v.v.). Vui lòng xem giá bằng cách nhập ngày của bạn.'}"
https://www.booking.com/hotel/vn/phu-tho-dalat.vi.html,"{'Dalat Colico Hotel có những loại phòng nào?': 'Lựa chọn phòng tại Dalat Colico Hotel bao gồm: Phòng gia đình, Phòng 4 người, Phòng 3 người, Phòng giường đôi', 'Chi phí nghỉ tại Dalat Colico Hotel là bao nhiêu?': 'Giá tại Dalat Colico Hotel có thể khác nhau tùy vào kỳ nghỉ của bạn (ví dụ: ngày bạn chọn, chính sách khách sạn,v.v.). Vui lòng xem giá bằng cách nhập ngày của bạn.', 'Dalat Colico Hotel có giờ nhận và trả phòng như thế nào?': 'Dalat Colico Hotel có giờ nhận phòng từ 13:00 và giờ trả phòng trước 12:00.', 'Tôi có thể làm gì ở Dalat Colico Hotel?': 'Dalat Colico Hotel có những hoạt động/dịch vụ sau (có thể áp dụng phí): Sân gôn (trong vòng 3km)Cho thuê xe đạp', 'Dalat Colico Hotel cách trung tâm Đà Lạt bao xa?': 'Dalat Colico Hotel cách trung tâm Đà Lạt 1,1 km.\nTất cả khoảng cách được đo theo đường thẳng. Khoảng cách di chuyển thực sự có thể khác.'}"
https://www.booking.com/hotel/vn/villa-tra-my-da-lat.vi.html,"{'Trà My Villa Đà Lạt BBQ Garden có sân hiên không?': 'Có, nhiều lựa chọn tại chỗ nghỉ này có sân hiên. Bạn có thể tìm hiểu thêm về điều này và các tiện nghi khác tại Trà My Villa Đà Lạt B, B, Q Garden trên trang này.', 'Chi phí nghỉ tại Trà My Villa Đà Lạt BBQ Garden là bao nhiêu?': 'Giá tại Trà My Villa Đà Lạt B, B, Q Garden có thể khác nhau tùy vào kỳ nghỉ của bạn (ví dụ: ngày bạn chọn, chính sách khách sạn,v.v.). Vui lòng xem giá bằng cách nhập ngày của bạn.', 'Bao nhiêu khách có thể lưu trú tại Trà My Villa Đà Lạt BBQ Garden?': 'Bạn có thể chọn từ nhiều lựa chọn chỗ nghỉ tại Trà My Villa Đà Lạt B, B, Q Garden (tùy vào tình trạng có sẵn). Những chỗ này có thể tiếp đón: 12 khách14 khách8 khách\n\nĐể biết thêm thông tin, vui lòng kiểm tra chi tiết (các) lựa chọn chỗ nghỉ ở trang này.', 'Trà My Villa Đà Lạt BBQ Garden cách trung tâm Đà Lạt bao xa?': 'Trà My Villa Đà Lạt B, B, Q Garden cách trung tâm Đà Lạt 2,7 km.\nTất cả khoảng cách được đo theo đường thẳng. Khoảng cách di chuyển thực sự có thể khác.', 'Trà My Villa Đà Lạt BBQ Garden có giờ nhận và trả phòng như thế nào?': 'Trà My Villa Đà Lạt B, B, Q Garden có giờ nhận phòng từ 14:00 và giờ trả phòng trước 12:00.', 'Trà My Villa Đà Lạt BBQ Garden có ban công không?': 'Có, nhiều lựa chọn tại chỗ nghỉ này có ban công. Bạn có thể tìm hiểu thêm về điều này và các tiện nghi khác tại Trà My Villa Đà Lạt B, B, Q Garden trên trang này.', 'Trà My Villa Đà Lạt BBQ Garden có phổ biến với các gia đình không?': 'Có, Trà My Villa Đà Lạt B, B, Q Garden khá phổ biến đối với khách đặt kỳ nghỉ gia đình.', 'Trà My Villa Đà Lạt BBQ Garden có bao nhiêu phòng ngủ?': 'Bạn có thể chọn từ nhiều lựa chọn chỗ nghỉ tại Trà My Villa Đà Lạt B, B, Q Garden (tùy vào tình trạng có sẵn). Những chỗ này có: 3 phòng ngủ4 phòng ngủ5 phòng ngủ7 phòng ngủ\n\nĐể biết thêm thông tin, vui lòng kiểm tra chi tiết (các) lựa chọn chỗ nghỉ ở trang này.', 'Tôi có thể làm gì ở Trà My Villa Đà Lạt BBQ Garden?': 'Trà My Villa Đà Lạt B, B, Q Garden có những hoạt động/dịch vụ sau (có thể áp dụng phí): Bowling, Sân gôn (trong vòng 3km)'}"
https://www.booking.com/hotel/vn/funny-garden.vi.html,"{'Funny Garden có những loại phòng nào?': 'Lựa chọn phòng tại Funny Garden bao gồm: Phòng giường đôi', 'Funny Garden có giờ nhận và trả phòng như thế nào?': 'Funny Garden có giờ nhận phòng từ 12:00 và giờ trả phòng trước 11:30.', 'Tôi có thể làm gì ở Funny Garden?': 'Funny Garden có những hoạt động/dịch vụ sau (có thể áp dụng phí):', 'Funny Garden cách trung tâm Ấp Ða Thành bao xa?': 'Funny Garden cách trung tâm Ấp Ða Thành 300 m.\nTất cả khoảng cách được đo theo đường thẳng. Khoảng cách di chuyển thực sự có thể khác.', 'Chi phí nghỉ tại Funny Garden là bao nhiêu?': 'Giá tại Funny Garden có thể khác nhau tùy vào kỳ nghỉ của bạn (ví dụ: ngày bạn chọn, chính sách khách sạn,v.v.). Vui lòng xem giá bằng cách nhập ngày của bạn.'}"
https://www.booking.com/hotel/vn/cozy-1bedroom-apt-in-dalat-center-the-2nd-home.vi.html,"{'Cozy 1 Bedroom Apt in Dalat Center Residence - The 2nd Home có phổ biến với các gia đình không?': 'Có, Cozy 1 Bedroom Apt in Dalat Center Residence - The 2nd Home khá phổ biến đối với khách đặt kỳ nghỉ gia đình.', 'Tôi có thể làm gì ở Cozy 1 Bedroom Apt in Dalat Center Residence - The 2nd Home?': 'Cozy 1 Bedroom Apt in Dalat Center Residence - The 2nd Home có những hoạt động/dịch vụ sau (có thể áp dụng phí):', 'Bao nhiêu khách có thể lưu trú tại Cozy 1 Bedroom Apt in Dalat Center Residence - The 2nd Home?': 'Cozy 1 Bedroom Apt in Dalat Center Residence - The 2nd Home có thể tiếp đón nhóm có số lượng như sau: 2 khách\n\nĐể biết thêm thông tin, vui lòng kiểm tra chi tiết (các) lựa chọn chỗ nghỉ ở trang này.', 'Cozy 1 Bedroom Apt in Dalat Center Residence - The 2nd Home có bao nhiêu phòng ngủ?': 'Cozy 1 Bedroom Apt in Dalat Center Residence - The 2nd Home có số lượng phòng ngủ như sau: 1 phòng ngủ\n\nĐể biết thêm thông tin, vui lòng kiểm tra chi tiết (các) lựa chọn chỗ nghỉ ở trang này.', 'Cozy 1 Bedroom Apt in Dalat Center Residence - The 2nd Home cách trung tâm Đà Lạt bao xa?': 'Cozy 1 Bedroom Apt in Dalat Center Residence - The 2nd Home cách trung tâm Đà Lạt 250 m.\nTất cả khoảng cách được đo theo đường thẳng. Khoảng cách di chuyển thực sự có thể khác.', 'Chi phí nghỉ tại Cozy 1 Bedroom Apt in Dalat Center Residence - The 2nd Home là bao nhiêu?': 'Giá tại Cozy 1 Bedroom Apt in Dalat Center Residence - The 2nd Home có thể khác nhau tùy vào kỳ nghỉ của bạn (ví dụ: ngày bạn chọn, chính sách khách sạn,v.v.). Vui lòng xem giá bằng cách nhập ngày của bạn.'}"
https://www.booking.com/hotel/vn/dang-nguyen.vi.html,"{'Tôi có thể làm gì ở Villa Đăng Nguyên?': 'Villa Đăng Nguyên có những hoạt động/dịch vụ sau (có thể áp dụng phí):', 'Villa Đăng Nguyên có những loại phòng nào?': 'Lựa chọn phòng tại Villa Đăng Nguyên bao gồm: Phòng giường đôi, Phòng giường đôi/2 giường đơn, Phòng 3 người', 'Chi phí nghỉ tại Villa Đăng Nguyên là bao nhiêu?': 'Giá tại Villa Đăng Nguyên có thể khác nhau tùy vào kỳ nghỉ của bạn (ví dụ: ngày bạn chọn, chính sách khách sạn,v.v.). Vui lòng xem giá bằng cách nhập ngày của bạn.', 'Villa Đăng Nguyên cách trung tâm Đà Lạt bao xa?': 'Villa Đăng Nguyên cách trung tâm Đà Lạt 3,1 km.\nTất cả khoảng cách được đo theo đường thẳng. Khoảng cách di chuyển thực sự có thể khác.', 'Villa Đăng Nguyên có giờ nhận và trả phòng như thế nào?': 'Villa Đăng Nguyên có giờ nhận phòng từ 13:00 và giờ trả phòng trước 12:00.'}"
https://www.booking.com/hotel/vn/convoi-studio-very-nice-dalat-wooden-house.vi.html,"{'Bao nhiêu khách có thể lưu trú tại Convoi Studio - Very nice Dalat wooden house?': 'Convoi Studio - Very nice Dalat wooden house có thể tiếp đón nhóm có số lượng như sau: 6 khách\n\nĐể biết thêm thông tin, vui lòng kiểm tra chi tiết (các) lựa chọn chỗ nghỉ ở trang này.', 'Convoi Studio - Very nice Dalat wooden house có bao nhiêu phòng ngủ?': 'Convoi Studio - Very nice Dalat wooden house có số lượng phòng ngủ như sau: 3 phòng ngủ\n\nĐể biết thêm thông tin, vui lòng kiểm tra chi tiết (các) lựa chọn chỗ nghỉ ở trang này.', 'Convoi Studio - Very nice Dalat wooden house có giờ nhận và trả phòng như thế nào?': 'Convoi Studio - Very nice Dalat wooden house có giờ nhận phòng từ 14:00 và giờ trả phòng trước 12:00.', 'Convoi Studio - Very nice Dalat wooden house có sân hiên không?': 'Có, nhiều lựa chọn tại chỗ nghỉ này có sân hiên. Bạn có thể tìm hiểu thêm về điều này và các tiện nghi khác tại Convoi Studio - Very nice Dalat wooden house trên trang này.', 'Convoi Studio - Very nice Dalat wooden house có phổ biến với các gia đình không?': 'Có, Convoi Studio - Very nice Dalat wooden house khá phổ biến đối với khách đặt kỳ nghỉ gia đình.', 'Convoi Studio - Very nice Dalat wooden house có ban công không?': 'Có, nhiều lựa chọn tại chỗ nghỉ này có ban công. Bạn có thể tìm hiểu thêm về điều này và các tiện nghi khác tại Convoi Studio - Very nice Dalat wooden house trên trang này.', 'Tôi có thể làm gì ở Convoi Studio - Very nice Dalat wooden house?': 'Convoi Studio - Very nice Dalat wooden house có những hoạt động/dịch vụ sau (có thể áp dụng phí):', 'Convoi Studio - Very nice Dalat wooden house cách trung tâm Đà Lạt bao xa?': 'Convoi Studio - Very nice Dalat wooden house cách trung tâm Đà Lạt 750 m.\nTất cả khoảng cách được đo theo đường thẳng. Khoảng cách di chuyển thực sự có thể khác.', 'Chi phí nghỉ tại Convoi Studio - Very nice Dalat wooden house là bao nhiêu?': 'Giá tại Convoi Studio - Very nice Dalat wooden house có thể khác nhau tùy vào kỳ nghỉ của bạn (ví dụ: ngày bạn chọn, chính sách khách sạn,v.v.). Vui lòng xem giá bằng cách nhập ngày của bạn.'}"
https://www.booking.com/hotel/vn/whispering-pines-dalat-thong-thi-tham-dl.vi.html,"{'Whispering Pines Dalat (Thông Thì Thầm ĐL) có giờ nhận và trả phòng như thế nào?': 'Whispering Pines Dalat (Thông Thì Thầm Đ, L) có giờ nhận phòng từ 14:00 và giờ trả phòng trước 12:00.', 'Tôi có thể làm gì ở Whispering Pines Dalat (Thông Thì Thầm ĐL)?': 'Whispering Pines Dalat (Thông Thì Thầm Đ, L) có những hoạt động/dịch vụ sau (có thể áp dụng phí): Phòng chơi game, Karaoke', 'Whispering Pines Dalat (Thông Thì Thầm ĐL) có ban công không?': 'Có, nhiều lựa chọn tại chỗ nghỉ này có ban công. Bạn có thể tìm hiểu thêm về điều này và các tiện nghi khác tại Whispering Pines Dalat (Thông Thì Thầm Đ, L) trên trang này.', 'Whispering Pines Dalat (Thông Thì Thầm ĐL) cách trung tâm Đà Lạt bao xa?': 'Whispering Pines Dalat (Thông Thì Thầm Đ, L) cách trung tâm Đà Lạt 1,8 km.\nTất cả khoảng cách được đo theo đường thẳng. Khoảng cách di chuyển thực sự có thể khác.', 'Chi phí nghỉ tại Whispering Pines Dalat (Thông Thì Thầm ĐL) là bao nhiêu?': 'Giá tại Whispering Pines Dalat (Thông Thì Thầm Đ, L) có thể khác nhau tùy vào kỳ nghỉ của bạn (ví dụ: ngày bạn chọn, chính sách khách sạn,v.v.). Vui lòng xem giá bằng cách nhập ngày của bạn.', 'Whispering Pines Dalat (Thông Thì Thầm ĐL) có bao nhiêu phòng ngủ?': 'Whispering Pines Dalat (Thông Thì Thầm Đ, L) có số lượng phòng ngủ như sau: 3 phòng ngủ\n\nĐể biết thêm thông tin, vui lòng kiểm tra chi tiết (các) lựa chọn chỗ nghỉ ở trang này.', 'Bao nhiêu khách có thể lưu trú tại Whispering Pines Dalat (Thông Thì Thầm ĐL)?': 'Whispering Pines Dalat (Thông Thì Thầm Đ, L) có thể tiếp đón nhóm có số lượng như sau: 10 khách\n\nĐể biết thêm thông tin, vui lòng kiểm tra chi tiết (các) lựa chọn chỗ nghỉ ở trang này.', 'Whispering Pines Dalat (Thông Thì Thầm ĐL) có phổ biến với các gia đình không?': 'Có, Whispering Pines Dalat (Thông Thì Thầm Đ, L) khá phổ biến đối với khách đặt kỳ nghỉ gia đình.'}"
https://www.booking.com/hotel/vn/valentine-thanh-pho-da-lat1.vi.html,"{'VALENTINE Hotel có những loại phòng nào?': 'Lựa chọn phòng tại V, A, L, E, N, T, I, N, E Hotel bao gồm: Phòng giường đôi, Phòng 4 người', 'VALENTINE Hotel có giờ nhận và trả phòng như thế nào?': 'V, A, L, E, N, T, I, N, E Hotel có giờ nhận phòng từ 12:00 và giờ trả phòng trước 12:00.', 'Tôi có thể làm gì ở VALENTINE Hotel?': 'V, A, L, E, N, T, I, N, E Hotel có những hoạt động/dịch vụ sau (có thể áp dụng phí):', 'VALENTINE Hotel có phổ biến với các gia đình không?': 'Có, V, A, L, E, N, T, I, N, E Hotel khá phổ biến đối với khách đặt kỳ nghỉ gia đình.', 'VALENTINE Hotel cách trung tâm Đà Lạt bao xa?': 'V, A, L, E, N, T, I, N, E Hotel cách trung tâm Đà Lạt 400 m.\nTất cả khoảng cách được đo theo đường thẳng. Khoảng cách di chuyển thực sự có thể khác.', 'Chi phí nghỉ tại VALENTINE Hotel là bao nhiêu?': 'Giá tại V, A, L, E, N, T, I, N, E Hotel có thể khác nhau tùy vào kỳ nghỉ của bạn (ví dụ: ngày bạn chọn, chính sách khách sạn,v.v.). Vui lòng xem giá bằng cách nhập ngày của bạn.'}"
https://www.booking.com/hotel/vn/lucas-inn.vi.html,"{'Lucas Inn cách trung tâm Đà Lạt bao xa?': 'Lucas Inn cách trung tâm Đà Lạt 550 m.\nTất cả khoảng cách được đo theo đường thẳng. Khoảng cách di chuyển thực sự có thể khác.', 'Chi phí nghỉ tại Lucas Inn là bao nhiêu?': 'Giá tại Lucas Inn có thể khác nhau tùy vào kỳ nghỉ của bạn (ví dụ: ngày bạn chọn, chính sách khách sạn,v.v.). Vui lòng xem giá bằng cách nhập ngày của bạn.', 'Lucas Inn có giờ nhận và trả phòng như thế nào?': 'Lucas Inn có giờ nhận phòng từ 14:00 và giờ trả phòng trước 12:00.', 'Lucas Inn có những loại phòng nào?': 'Lựa chọn phòng tại Lucas Inn bao gồm: Phòng giường đôi, Phòng gia đình', 'Tôi có thể làm gì ở Lucas Inn?': 'Lucas Inn có những hoạt động/dịch vụ sau (có thể áp dụng phí): Xe đạp, Đi bộ đường dài, Sân gôn (trong vòng 3km)Tour đi xe đạp, Cho thuê xe đạp, Tour đi bộ, Tour/lớp về văn hóa địa phương'}"
https://www.booking.com/hotel/vn/da-lat-home-thanh-pho-da-lat.vi.html,"{'Bao nhiêu khách có thể lưu trú tại Đà Lạt home?': 'Đà Lạt home có thể tiếp đón nhóm có số lượng như sau: 10 khách\n\nĐể biết thêm thông tin, vui lòng kiểm tra chi tiết (các) lựa chọn chỗ nghỉ ở trang này.', 'Đà Lạt home có bao nhiêu phòng ngủ?': 'Đà Lạt home có số lượng phòng ngủ như sau: 1 phòng ngủ\n\nĐể biết thêm thông tin, vui lòng kiểm tra chi tiết (các) lựa chọn chỗ nghỉ ở trang này.', 'Tôi có thể làm gì ở Đà Lạt home?': 'Đà Lạt home có những hoạt động/dịch vụ sau (có thể áp dụng phí):', 'Đà Lạt home cách trung tâm Đà Lạt bao xa?': 'Đà Lạt home cách trung tâm Đà Lạt 1,3 km.\nTất cả khoảng cách được đo theo đường thẳng. Khoảng cách di chuyển thực sự có thể khác.', 'Đà Lạt home có sân hiên không?': 'Có, nhiều lựa chọn tại chỗ nghỉ này có sân hiên. Bạn có thể tìm hiểu thêm về điều này và các tiện nghi khác tại Đà Lạt home trên trang này.', 'Đà Lạt home có phổ biến với các gia đình không?': 'Có, Đà Lạt home khá phổ biến đối với khách đặt kỳ nghỉ gia đình.', 'Chi phí nghỉ tại Đà Lạt home là bao nhiêu?': 'Giá tại Đà Lạt home có thể khác nhau tùy vào kỳ nghỉ của bạn (ví dụ: ngày bạn chọn, chính sách khách sạn,v.v.). Vui lòng xem giá bằng cách nhập ngày của bạn.', 'Đà Lạt home có ban công không?': 'Có, nhiều lựa chọn tại chỗ nghỉ này có ban công. Bạn có thể tìm hiểu thêm về điều này và các tiện nghi khác tại Đà Lạt home trên trang này.', 'Đà Lạt home có giờ nhận và trả phòng như thế nào?': 'Đà Lạt home có giờ nhận phòng từ 14:00 và giờ trả phòng trước 12:00.'}"
https://www.booking.com/hotel/vn/po-thao-quyen-motel-khu-chi-l-ng.vi.html,"{'Chi phí nghỉ tại Thao Quyen Motel là bao nhiêu?': 'Giá tại Thao Quyen Motel có thể khác nhau tùy vào kỳ nghỉ của bạn (ví dụ: ngày bạn chọn, chính sách khách sạn,v.v.). Vui lòng xem giá bằng cách nhập ngày của bạn.', 'Tôi có thể làm gì ở Thao Quyen Motel?': 'Thao Quyen Motel có những hoạt động/dịch vụ sau (có thể áp dụng phí):', 'Thao Quyen Motel cách trung tâm Đà Lạt bao xa?': 'Thao Quyen Motel cách trung tâm Đà Lạt 2,5 km.\nTất cả khoảng cách được đo theo đường thẳng. Khoảng cách di chuyển thực sự có thể khác.', 'Thao Quyen Motel có giờ nhận và trả phòng như thế nào?': 'Thao Quyen Motel có giờ nhận phòng từ 14:00 và giờ trả phòng trước 12:00.', 'Thao Quyen Motel có phổ biến với các gia đình không?': 'Có, Thao Quyen Motel khá phổ biến đối với khách đặt kỳ nghỉ gia đình.'}"
https://www.booking.com/hotel/vn/khach-san-hoang-thang-1.vi.html,"{'Khách Sạn Hoàng Thắng 1 có phổ biến với các gia đình không?': 'Có, Khách Sạn Hoàng Thắng 1 khá phổ biến đối với khách đặt kỳ nghỉ gia đình.', 'Chi phí nghỉ tại Khách Sạn Hoàng Thắng 1 là bao nhiêu?': 'Giá tại Khách Sạn Hoàng Thắng 1 có thể khác nhau tùy vào kỳ nghỉ của bạn (ví dụ: ngày bạn chọn, chính sách khách sạn,v.v.). Vui lòng xem giá bằng cách nhập ngày của bạn.', 'Tôi có thể làm gì ở Khách Sạn Hoàng Thắng 1?': 'Khách Sạn Hoàng Thắng 1 có những hoạt động/dịch vụ sau (có thể áp dụng phí): Ghế mát-xa', 'Khách Sạn Hoàng Thắng 1 có những loại phòng nào?': 'Lựa chọn phòng tại Khách Sạn Hoàng Thắng 1 bao gồm: Phòng giường đôi, Phòng 4 người', 'Khách Sạn Hoàng Thắng 1 có nhà hàng trong khuôn viên không?': 'Khách Sạn Hoàng Thắng 1 có 1 nhà hàng: Nhà hàng #1', 'Khách Sạn Hoàng Thắng 1 có giờ nhận và trả phòng như thế nào?': 'Khách Sạn Hoàng Thắng 1 có giờ nhận phòng từ 14:00 và giờ trả phòng trước 12:00.', 'Khách Sạn Hoàng Thắng 1 cách trung tâm Đà Lạt bao xa?': 'Khách Sạn Hoàng Thắng 1 cách trung tâm Đà Lạt 1 km.\nTất cả khoảng cách được đo theo đường thẳng. Khoảng cách di chuyển thực sự có thể khác.'}"
https://www.booking.com/hotel/vn/hanz-thien-nien-ky-dalat.vi.html,"{'HANZ Thien Nien Ky Hotel có giờ nhận và trả phòng như thế nào?': 'H, A, N, Z Thien Nien Ky Hotel có giờ nhận phòng từ 14:30 và giờ trả phòng trước 11:00.', 'Tôi có thể làm gì ở HANZ Thien Nien Ky Hotel?': 'H, A, N, Z Thien Nien Ky Hotel có những hoạt động/dịch vụ sau (có thể áp dụng phí): Cho thuê xe đạp', 'HANZ Thien Nien Ky Hotel có phổ biến với các gia đình không?': 'Có, H, A, N, Z Thien Nien Ky Hotel khá phổ biến đối với khách đặt kỳ nghỉ gia đình.', 'Chi phí nghỉ tại HANZ Thien Nien Ky Hotel là bao nhiêu?': 'Giá tại H, A, N, Z Thien Nien Ky Hotel có thể khác nhau tùy vào kỳ nghỉ của bạn (ví dụ: ngày bạn chọn, chính sách khách sạn,v.v.). Vui lòng xem giá bằng cách nhập ngày của bạn.', 'HANZ Thien Nien Ky Hotel cách trung tâm Đà Lạt bao xa?': 'H, A, N, Z Thien Nien Ky Hotel cách trung tâm Đà Lạt 1,1 km.\nTất cả khoảng cách được đo theo đường thẳng. Khoảng cách di chuyển thực sự có thể khác.'}"
https://www.booking.com/hotel/vn/creme-homestay-da-lat.vi.html,"{'Crème Homestay Đà Lạt cách trung tâm Khu Chi Lăng bao xa?': 'Crème Homestay Đà Lạt cách trung tâm Khu Chi Lăng 1,1 km.\nTất cả khoảng cách được đo theo đường thẳng. Khoảng cách di chuyển thực sự có thể khác.', 'Tôi có thể làm gì ở Crème Homestay Đà Lạt?': 'Crème Homestay Đà Lạt có những hoạt động/dịch vụ sau (có thể áp dụng phí):', 'Chi phí nghỉ tại Crème Homestay Đà Lạt là bao nhiêu?': 'Giá tại Crème Homestay Đà Lạt có thể khác nhau tùy vào kỳ nghỉ của bạn (ví dụ: ngày bạn chọn, chính sách khách sạn,v.v.). Vui lòng xem giá bằng cách nhập ngày của bạn.', 'Crème Homestay Đà Lạt có giờ nhận và trả phòng như thế nào?': 'Crème Homestay Đà Lạt có giờ nhận phòng từ 14:00 và giờ trả phòng trước 12:00.', 'Crème Homestay Đà Lạt có những loại phòng nào?': 'Lựa chọn phòng tại Crème Homestay Đà Lạt bao gồm: Phòng giường đôi, Phòng 4 người'}"
https://www.booking.com/hotel/vn/capital-o-1208-phong-van-villa.vi.html,"{'Chi phí nghỉ tại Capital O 1208 Phong Van Villa là bao nhiêu?': 'Giá tại Capital O 1208 Phong Van Villa có thể khác nhau tùy vào kỳ nghỉ của bạn (ví dụ: ngày bạn chọn, chính sách khách sạn,v.v.). Vui lòng xem giá bằng cách nhập ngày của bạn.', 'Capital O 1208 Phong Van Villa có những loại phòng nào?': 'Lựa chọn phòng tại Capital O 1208 Phong Van Villa bao gồm: Suite, Phòng giường đôi, Phòng gia đình', 'Tôi có thể làm gì ở Capital O 1208 Phong Van Villa?': 'Capital O 1208 Phong Van Villa có những hoạt động/dịch vụ sau (có thể áp dụng phí):', 'Capital O 1208 Phong Van Villa có giờ nhận và trả phòng như thế nào?': 'Capital O 1208 Phong Van Villa có giờ nhận phòng từ 14:00 và giờ trả phòng trước 12:00.', 'Capital O 1208 Phong Van Villa cách trung tâm Đà Lạt bao xa?': 'Capital O 1208 Phong Van Villa cách trung tâm Đà Lạt 5 km.\nTất cả khoảng cách được đo theo đường thẳng. Khoảng cách di chuyển thực sự có thể khác.'}"
https://www.booking.com/hotel/vn/khach-san-dau-tay-da-lat.vi.html,"{'Strawberry Hotel Dalat cách trung tâm Đà Lạt bao xa?': 'Strawberry Hotel Dalat cách trung tâm Đà Lạt 1,1 km.\nTất cả khoảng cách được đo theo đường thẳng. Khoảng cách di chuyển thực sự có thể khác.', 'Tôi có thể làm gì ở Strawberry Hotel Dalat?': 'Strawberry Hotel Dalat có những hoạt động/dịch vụ sau (có thể áp dụng phí):', 'Strawberry Hotel Dalat có những loại phòng nào?': 'Lựa chọn phòng tại Strawberry Hotel Dalat bao gồm: Phòng đơn, Phòng giường đôi, Phòng 4 người, Phòng gia đình', 'Chi phí nghỉ tại Strawberry Hotel Dalat là bao nhiêu?': 'Giá tại Strawberry Hotel Dalat có thể khác nhau tùy vào kỳ nghỉ của bạn (ví dụ: ngày bạn chọn, chính sách khách sạn,v.v.). Vui lòng xem giá bằng cách nhập ngày của bạn.', 'Strawberry Hotel Dalat có giờ nhận và trả phòng như thế nào?': 'Strawberry Hotel Dalat có giờ nhận phòng từ 14:00 và giờ trả phòng trước 12:00.'}"
https://www.booking.com/hotel/vn/home-1-31-nha-chung-da-lat.vi.html,"{'Bao nhiêu khách có thể lưu trú tại Home 1/31 Nhà Chung Đà Lạt?': 'Home 1/31 Nhà Chung Đà Lạt có thể tiếp đón nhóm có số lượng như sau: 14 khách\n\nĐể biết thêm thông tin, vui lòng kiểm tra chi tiết (các) lựa chọn chỗ nghỉ ở trang này.', 'Home 1/31 Nhà Chung Đà Lạt có phổ biến với các gia đình không?': 'Có, Home 1/31 Nhà Chung Đà Lạt khá phổ biến đối với khách đặt kỳ nghỉ gia đình.', 'Home 1/31 Nhà Chung Đà Lạt có ban công không?': 'Có, nhiều lựa chọn tại chỗ nghỉ này có ban công. Bạn có thể tìm hiểu thêm về điều này và các tiện nghi khác tại Home 1/31 Nhà Chung Đà Lạt trên trang này.', 'Chi phí nghỉ tại Home 1/31 Nhà Chung Đà Lạt là bao nhiêu?': 'Giá tại Home 1/31 Nhà Chung Đà Lạt có thể khác nhau tùy vào kỳ nghỉ của bạn (ví dụ: ngày bạn chọn, chính sách khách sạn,v.v.). Vui lòng xem giá bằng cách nhập ngày của bạn.', 'Home 1/31 Nhà Chung Đà Lạt có giờ nhận và trả phòng như thế nào?': 'Home 1/31 Nhà Chung Đà Lạt có giờ nhận phòng từ 14:00 và giờ trả phòng trước 12:00.', 'Home 1/31 Nhà Chung Đà Lạt cách trung tâm Đà Lạt bao xa?': 'Home 1/31 Nhà Chung Đà Lạt cách trung tâm Đà Lạt 850 m.\nTất cả khoảng cách được đo theo đường thẳng. Khoảng cách di chuyển thực sự có thể khác.', 'Home 1/31 Nhà Chung Đà Lạt có sân hiên không?': 'Có, nhiều lựa chọn tại chỗ nghỉ này có sân hiên. Bạn có thể tìm hiểu thêm về điều này và các tiện nghi khác tại Home 1/31 Nhà Chung Đà Lạt trên trang này.', 'Tôi có thể làm gì ở Home 1/31 Nhà Chung Đà Lạt?': 'Home 1/31 Nhà Chung Đà Lạt có những hoạt động/dịch vụ sau (có thể áp dụng phí): Cho thuê xe đạp', 'Home 1/31 Nhà Chung Đà Lạt có bao nhiêu phòng ngủ?': 'Home 1/31 Nhà Chung Đà Lạt có số lượng phòng ngủ như sau: 4 phòng ngủ\n\nĐể biết thêm thông tin, vui lòng kiểm tra chi tiết (các) lựa chọn chỗ nghỉ ở trang này.'}"
https://www.booking.com/hotel/vn/devon-inn.vi.html,"{'Chi phí nghỉ tại Devon Inn là bao nhiêu?': 'Giá tại Devon Inn có thể khác nhau tùy vào kỳ nghỉ của bạn (ví dụ: ngày bạn chọn, chính sách khách sạn,v.v.). Vui lòng xem giá bằng cách nhập ngày của bạn.', 'Devon Inn có giờ nhận và trả phòng như thế nào?': 'Devon Inn có giờ nhận phòng từ 15:00 và giờ trả phòng trước 12:00.', 'Tôi có thể làm gì ở Devon Inn?': 'Devon Inn có những hoạt động/dịch vụ sau (có thể áp dụng phí): Sân gôn (trong vòng 3km)', 'Devon Inn có những loại phòng nào?': 'Lựa chọn phòng tại Devon Inn bao gồm: Phòng giường đôi, Phòng 4 người, Căn hộ', 'Devon Inn cách trung tâm Khu Chi Lăng bao xa?': 'Devon Inn cách trung tâm Khu Chi Lăng 150 m.\nTất cả khoảng cách được đo theo đường thẳng. Khoảng cách di chuyển thực sự có thể khác.'}"
https://www.booking.com/hotel/vn/khach-san-trung-hieu-da-lat.vi.html,"{'Trung Hiếu Hotel có những loại phòng nào?': 'Lựa chọn phòng tại Trung Hiếu Hotel bao gồm: Phòng giường đôi, Phòng 4 người', 'Trung Hiếu Hotel có giờ nhận và trả phòng như thế nào?': 'Trung Hiếu Hotel có giờ nhận phòng từ 14:00 và giờ trả phòng trước 12:00.', 'Chi phí nghỉ tại Trung Hiếu Hotel là bao nhiêu?': 'Giá tại Trung Hiếu Hotel có thể khác nhau tùy vào kỳ nghỉ của bạn (ví dụ: ngày bạn chọn, chính sách khách sạn,v.v.). Vui lòng xem giá bằng cách nhập ngày của bạn.', 'Trung Hiếu Hotel cách trung tâm Đà Lạt bao xa?': 'Trung Hiếu Hotel cách trung tâm Đà Lạt 1,8 km.\nTất cả khoảng cách được đo theo đường thẳng. Khoảng cách di chuyển thực sự có thể khác.', 'Tôi có thể làm gì ở Trung Hiếu Hotel?': 'Trung Hiếu Hotel có những hoạt động/dịch vụ sau (có thể áp dụng phí):'}"
https://www.booking.com/hotel/vn/greeneco-dalat.vi.html,"{'GREENECO DA LAT HOTEL - Khách sạn Green Eco Đà Lạt có nhà hàng trong khuôn viên không?': 'G, R, E, E, N, E, C, O D, A L, A, T H, O, T, E, L - Khách sạn Green Eco Đà Lạt có 1 nhà hàng: Vườn Đá', 'Chi phí nghỉ tại GREENECO DA LAT HOTEL - Khách sạn Green Eco Đà Lạt là bao nhiêu?': 'Giá tại G, R, E, E, N, E, C, O D, A L, A, T H, O, T, E, L - Khách sạn Green Eco Đà Lạt có thể khác nhau tùy vào kỳ nghỉ của bạn (ví dụ: ngày bạn chọn, chính sách khách sạn,v.v.). Vui lòng xem giá bằng cách nhập ngày của bạn.', 'Tôi có thể làm gì ở GREENECO DA LAT HOTEL - Khách sạn Green Eco Đà Lạt?': 'G, R, E, E, N, E, C, O D, A L, A, T H, O, T, E, L - Khách sạn Green Eco Đà Lạt có những hoạt động/dịch vụ sau (có thể áp dụng phí): Bồn tắm nóng/bể sục (Jacuzzi)Phòng xông hơi, Tour đi xe đạp, Cho thuê xe đạp, Tour đi bộ, Tour/lớp về văn hóa địa phương', 'GREENECO DA LAT HOTEL - Khách sạn Green Eco Đà Lạt có những loại phòng nào?': 'Lựa chọn phòng tại G, R, E, E, N, E, C, O D, A L, A, T H, O, T, E, L - Khách sạn Green Eco Đà Lạt bao gồm: Phòng giường đôi, Suite, Phòng gia đình, Căn hộ', 'GREENECO DA LAT HOTEL - Khách sạn Green Eco Đà Lạt có bể sục cho khách không?': 'Chỗ nghỉ có bể sục. Bạn có thể tìm hiểu thêm về điều này và các tiện nghi khác tại G, R, E, E, N, E, C, O D, A L, A, T H, O, T, E, L - Khách sạn Green Eco Đà Lạt trên trang này.', 'GREENECO DA LAT HOTEL - Khách sạn Green Eco Đà Lạt có giờ nhận và trả phòng như thế nào?': 'G, R, E, E, N, E, C, O D, A L, A, T H, O, T, E, L - Khách sạn Green Eco Đà Lạt có giờ nhận phòng từ 14:00 và giờ trả phòng trước 12:00.', 'GREENECO DA LAT HOTEL - Khách sạn Green Eco Đà Lạt cách trung tâm Đà Lạt bao xa?': 'G, R, E, E, N, E, C, O D, A L, A, T H, O, T, E, L - Khách sạn Green Eco Đà Lạt cách trung tâm Đà Lạt 2,6 km.\nTất cả khoảng cách được đo theo đường thẳng. Khoảng cách di chuyển thực sự có thể khác.'}"
https://www.booking.com/hotel/vn/little-chai-nho-chi-nhanh-2.vi.html,"{'Chi phí nghỉ tại Little Chái Nho chi nhánh 2 là bao nhiêu?': 'Giá tại Little Chái Nho chi nhánh 2 có thể khác nhau tùy vào kỳ nghỉ của bạn (ví dụ: ngày bạn chọn, chính sách khách sạn,v.v.). Vui lòng xem giá bằng cách nhập ngày của bạn.', 'Little Chái Nho chi nhánh 2 cách trung tâm Đà Lạt bao xa?': 'Little Chái Nho chi nhánh 2 cách trung tâm Đà Lạt 750 m.\nTất cả khoảng cách được đo theo đường thẳng. Khoảng cách di chuyển thực sự có thể khác.', 'Tôi có thể làm gì ở Little Chái Nho chi nhánh 2?': 'Little Chái Nho chi nhánh 2 có những hoạt động/dịch vụ sau (có thể áp dụng phí):', 'Little Chái Nho chi nhánh 2 có giờ nhận và trả phòng như thế nào?': 'Little Chái Nho chi nhánh 2 có giờ nhận phòng từ 14:00 và giờ trả phòng trước 12:00.', 'Bao nhiêu khách có thể lưu trú tại Little Chái Nho chi nhánh 2?': 'Little Chái Nho chi nhánh 2 có thể tiếp đón nhóm có số lượng như sau: 9 khách\n\nĐể biết thêm thông tin, vui lòng kiểm tra chi tiết (các) lựa chọn chỗ nghỉ ở trang này.', 'Little Chái Nho chi nhánh 2 có bao nhiêu phòng ngủ?': 'Little Chái Nho chi nhánh 2 có số lượng phòng ngủ như sau: 4 phòng ngủ\n\nĐể biết thêm thông tin, vui lòng kiểm tra chi tiết (các) lựa chọn chỗ nghỉ ở trang này.', 'Little Chái Nho chi nhánh 2 có sân hiên không?': 'Có, nhiều lựa chọn tại chỗ nghỉ này có sân hiên. Bạn có thể tìm hiểu thêm về điều này và các tiện nghi khác tại Little Chái Nho chi nhánh 2 trên trang này.', 'Little Chái Nho chi nhánh 2 có phổ biến với các gia đình không?': 'Có, Little Chái Nho chi nhánh 2 khá phổ biến đối với khách đặt kỳ nghỉ gia đình.', 'Little Chái Nho chi nhánh 2 có ban công không?': 'Có, nhiều lựa chọn tại chỗ nghỉ này có ban công. Bạn có thể tìm hiểu thêm về điều này và các tiện nghi khác tại Little Chái Nho chi nhánh 2 trên trang này.'}"
https://www.booking.com/hotel/vn/hoang-hiep-villa.vi.html,"{'Hoàng Hiệp Villa có giờ nhận và trả phòng như thế nào?': 'Hoàng Hiệp Villa có giờ nhận phòng từ 14:00 và giờ trả phòng trước 00:00.', 'Hoàng Hiệp Villa cách trung tâm Đà Lạt bao xa?': 'Hoàng Hiệp Villa cách trung tâm Đà Lạt 5 km.\nTất cả khoảng cách được đo theo đường thẳng. Khoảng cách di chuyển thực sự có thể khác.', 'Hoàng Hiệp Villa có những loại phòng nào?': 'Lựa chọn phòng tại Hoàng Hiệp Villa bao gồm: Phòng giường đôi, Phòng 4 người', 'Tôi có thể làm gì ở Hoàng Hiệp Villa?': 'Hoàng Hiệp Villa có những hoạt động/dịch vụ sau (có thể áp dụng phí):', 'Chi phí nghỉ tại Hoàng Hiệp Villa là bao nhiêu?': 'Giá tại Hoàng Hiệp Villa có thể khác nhau tùy vào kỳ nghỉ của bạn (ví dụ: ngày bạn chọn, chính sách khách sạn,v.v.). Vui lòng xem giá bằng cách nhập ngày của bạn.', 'Hoàng Hiệp Villa có phổ biến với các gia đình không?': 'Có, Hoàng Hiệp Villa khá phổ biến đối với khách đặt kỳ nghỉ gia đình.'}"
https://www.booking.com/hotel/vn/da-lat-cui-homestay-da-lat.vi.html,"{'Đà Lạt Củi Homestay có phổ biến với các gia đình không?': 'Có, Đà Lạt Củi Homestay khá phổ biến đối với khách đặt kỳ nghỉ gia đình.', 'Đà Lạt Củi Homestay có giờ nhận và trả phòng như thế nào?': 'Đà Lạt Củi Homestay có giờ nhận phòng từ 12:30 và giờ trả phòng trước 11:30.', 'Chi phí nghỉ tại Đà Lạt Củi Homestay là bao nhiêu?': 'Giá tại Đà Lạt Củi Homestay có thể khác nhau tùy vào kỳ nghỉ của bạn (ví dụ: ngày bạn chọn, chính sách khách sạn,v.v.). Vui lòng xem giá bằng cách nhập ngày của bạn.', 'Tôi có thể làm gì ở Đà Lạt Củi Homestay?': 'Đà Lạt Củi Homestay có những hoạt động/dịch vụ sau (có thể áp dụng phí): Tour đi bộ, Phòng tắm chung', 'Đà Lạt Củi Homestay cách trung tâm Đà Lạt bao xa?': 'Đà Lạt Củi Homestay cách trung tâm Đà Lạt 2,5 km.\nTất cả khoảng cách được đo theo đường thẳng. Khoảng cách di chuyển thực sự có thể khác.'}"
https://www.booking.com/hotel/vn/mo-garden-retreat-dalat.vi.html,"{'Mơ Garden Retreat DaLat có những loại phòng nào?': 'Lựa chọn phòng tại Mơ Garden Retreat Da, Lat bao gồm: Phòng giường đôi, Phòng 4 người, Phòng gia đình, Phòng tập thể', 'Chi phí nghỉ tại Mơ Garden Retreat DaLat là bao nhiêu?': 'Giá tại Mơ Garden Retreat Da, Lat có thể khác nhau tùy vào kỳ nghỉ của bạn (ví dụ: ngày bạn chọn, chính sách khách sạn,v.v.). Vui lòng xem giá bằng cách nhập ngày của bạn.', 'Tôi có thể làm gì ở Mơ Garden Retreat DaLat?': 'Mơ Garden Retreat Da, Lat có những hoạt động/dịch vụ sau (có thể áp dụng phí): Trung tâm Spa & chăm sóc sức khoẻSân chơi trẻ em, Sân gôn (trong vòng 3km)Dịch Vụ Làm Đẹp, Phòng tắm chung, Dịch vụ trang điểm, Chăm sóc da mặt', 'Mơ Garden Retreat DaLat cách trung tâm Đà Lạt bao xa?': 'Mơ Garden Retreat Da, Lat cách trung tâm Đà Lạt 1,4 km.\nTất cả khoảng cách được đo theo đường thẳng. Khoảng cách di chuyển thực sự có thể khác.', 'Mơ Garden Retreat DaLat có giờ nhận và trả phòng như thế nào?': 'Mơ Garden Retreat Da, Lat có giờ nhận phòng từ 14:00 và giờ trả phòng trước 12:00.'}"
https://www.booking.com/hotel/vn/dalat-happy-hostel-da-lat.vi.html,"{'Dalat Happy Hostel có giờ nhận và trả phòng như thế nào?': 'Dalat Happy Hostel có giờ nhận phòng từ 13:30 và giờ trả phòng trước 11:30.', 'Tôi có thể làm gì ở Dalat Happy Hostel?': 'Dalat Happy Hostel có những hoạt động/dịch vụ sau (có thể áp dụng phí): Đi bộ đường dài, Karaoke, Tour đi xe đạp, Tour/lớp về văn hóa địa phương, Tour đi bộ, Sự kiện thể thao (truyền hình trực tiếp)Giờ vàng, Cho thuê xe đạp', 'Chi phí nghỉ tại Dalat Happy Hostel là bao nhiêu?': 'Giá tại Dalat Happy Hostel có thể khác nhau tùy vào kỳ nghỉ của bạn (ví dụ: ngày bạn chọn, chính sách khách sạn,v.v.). Vui lòng xem giá bằng cách nhập ngày của bạn.', 'Dalat Happy Hostel cách trung tâm Đà Lạt bao xa?': 'Dalat Happy Hostel cách trung tâm Đà Lạt 1 km.\nTất cả khoảng cách được đo theo đường thẳng. Khoảng cách di chuyển thực sự có thể khác.'}"
https://www.booking.com/hotel/vn/le-dinhs-house.vi.html,"{'Lê Đinh’s House có những loại phòng nào?': 'Lựa chọn phòng tại Lê Đinh’s House bao gồm: Phòng giường đôi, Phòng 4 người, Studio', 'Chi phí nghỉ tại Lê Đinh’s House là bao nhiêu?': 'Giá tại Lê Đinh’s House có thể khác nhau tùy vào kỳ nghỉ của bạn (ví dụ: ngày bạn chọn, chính sách khách sạn,v.v.). Vui lòng xem giá bằng cách nhập ngày của bạn.', 'Lê Đinh’s House có giờ nhận và trả phòng như thế nào?': 'Lê Đinh’s House có giờ nhận phòng từ 14:00 và giờ trả phòng trước 12:00.', 'Tôi có thể làm gì ở Lê Đinh’s House?': 'Lê Đinh’s House có những hoạt động/dịch vụ sau (có thể áp dụng phí): Sân chơi trẻ em, Karaoke', 'Lê Đinh’s House có phổ biến với các gia đình không?': 'Có, Lê Đinh’s House khá phổ biến đối với khách đặt kỳ nghỉ gia đình.', 'Lê Đinh’s House cách trung tâm Di Linh bao xa?': 'Lê Đinh’s House cách trung tâm Di Linh 4,7 km.\nTất cả khoảng cách được đo theo đường thẳng. Khoảng cách di chuyển thực sự có thể khác.'}"
https://www.booking.com/hotel/vn/an-home-dalat-thanh-pho-da-lat.vi.html,"{'Tôi có thể làm gì ở An Home Dalat?': 'An Home Dalat có những hoạt động/dịch vụ sau (có thể áp dụng phí):', 'An Home Dalat có những loại phòng nào?': 'Lựa chọn phòng tại An Home Dalat bao gồm: Phòng giường đôi, Phòng 4 người', 'Chi phí nghỉ tại An Home Dalat là bao nhiêu?': 'Giá tại An Home Dalat có thể khác nhau tùy vào kỳ nghỉ của bạn (ví dụ: ngày bạn chọn, chính sách khách sạn,v.v.). Vui lòng xem giá bằng cách nhập ngày của bạn.', 'An Home Dalat cách trung tâm Đà Lạt bao xa?': 'An Home Dalat cách trung tâm Đà Lạt 600 m.\nTất cả khoảng cách được đo theo đường thẳng. Khoảng cách di chuyển thực sự có thể khác.', 'An Home Dalat có giờ nhận và trả phòng như thế nào?': 'An Home Dalat có giờ nhận phòng từ 14:00 và giờ trả phòng trước 12:00.'}"
https://www.booking.com/hotel/vn/silence-house-dalat-atp.vi.html,"{'Silence House Dalat ATP có giờ nhận và trả phòng như thế nào?': 'Silence House Dalat A, T, P có giờ nhận phòng từ 14:00 và giờ trả phòng trước 11:00.', 'Tôi có thể làm gì ở Silence House Dalat ATP?': 'Silence House Dalat A, T, P có những hoạt động/dịch vụ sau (có thể áp dụng phí): Sân gôn (trong vòng 3km)', 'Silence House Dalat ATP cách trung tâm Đà Lạt bao xa?': 'Silence House Dalat A, T, P cách trung tâm Đà Lạt 750 m.\nTất cả khoảng cách được đo theo đường thẳng. Khoảng cách di chuyển thực sự có thể khác.', 'Chi phí nghỉ tại Silence House Dalat ATP là bao nhiêu?': 'Giá tại Silence House Dalat A, T, P có thể khác nhau tùy vào kỳ nghỉ của bạn (ví dụ: ngày bạn chọn, chính sách khách sạn,v.v.). Vui lòng xem giá bằng cách nhập ngày của bạn.'}"
https://www.booking.com/hotel/vn/po-dalat-flower-hotel-spa-dalat.vi.html,"{'Dalat Flower Hotel & Spa có giờ nhận và trả phòng như thế nào?': 'Dalat Flower Hotel & Spa có giờ nhận phòng từ 14:00 và giờ trả phòng trước 12:00.', 'Dalat Flower Hotel & Spa cách trung tâm Đà Lạt bao xa?': 'Dalat Flower Hotel & Spa cách trung tâm Đà Lạt 800 m.\nTất cả khoảng cách được đo theo đường thẳng. Khoảng cách di chuyển thực sự có thể khác.', 'Dalat Flower Hotel & Spa có nhà hàng trong khuôn viên không?': 'Dalat Flower Hotel & Spa có 1 nhà hàng: Nhà hàng', 'Chi phí nghỉ tại Dalat Flower Hotel & Spa là bao nhiêu?': 'Giá tại Dalat Flower Hotel & Spa có thể khác nhau tùy vào kỳ nghỉ của bạn (ví dụ: ngày bạn chọn, chính sách khách sạn,v.v.). Vui lòng xem giá bằng cách nhập ngày của bạn.', 'Tôi có thể làm gì ở Dalat Flower Hotel & Spa?': 'Dalat Flower Hotel & Spa có những hoạt động/dịch vụ sau (có thể áp dụng phí): Trung tâm Spa & chăm sóc sức khoẻPhòng xông hơi, Massage, Sân tennis, Câu cáSân gôn mini, Sân gôn (trong vòng 3km)Tour/lớp về văn hóa địa phương'}"
https://www.booking.com/hotel/vn/hottel-hong-hoa.vi.html,"{'Hottel Hong Hoa cách trung tâm Đà Lạt bao xa?': 'Hottel Hong Hoa cách trung tâm Đà Lạt 450 m.\nTất cả khoảng cách được đo theo đường thẳng. Khoảng cách di chuyển thực sự có thể khác.', 'Tôi có thể làm gì ở Hottel Hong Hoa?': 'Hottel Hong Hoa có những hoạt động/dịch vụ sau (có thể áp dụng phí):', 'Chi phí nghỉ tại Hottel Hong Hoa là bao nhiêu?': 'Giá tại Hottel Hong Hoa có thể khác nhau tùy vào kỳ nghỉ của bạn (ví dụ: ngày bạn chọn, chính sách khách sạn,v.v.). Vui lòng xem giá bằng cách nhập ngày của bạn.', 'Hottel Hong Hoa có giờ nhận và trả phòng như thế nào?': 'Hottel Hong Hoa có giờ nhận phòng từ 10:00 và giờ trả phòng trước 14:00.', 'Hottel Hong Hoa có những loại phòng nào?': 'Lựa chọn phòng tại Hottel Hong Hoa bao gồm: Phòng giường đôi, Phòng giường đôi/2 giường đơn, Phòng 4 người'}"
https://www.booking.com/hotel/vn/po-dreams-hotel-dalat.vi.html,"{'Dreams Hotel có nhà hàng trong khuôn viên không?': 'Dreams Hotel có 1 nhà hàng: Nhà hàng', 'Dreams Hotel có bể sục cho khách không?': 'Chỗ nghỉ có bể sục. Bạn có thể tìm hiểu thêm về điều này và các tiện nghi khác tại Dreams Hotel trên trang này.', 'Tôi có thể làm gì ở Dreams Hotel?': 'Dreams Hotel có những hoạt động/dịch vụ sau (có thể áp dụng phí): Bồn tắm nóng/bể sục (Jacuzzi)Phòng xông hơi, Sân gôn (trong vòng 3km)Phòng xông hơi ướt, Tour/lớp về văn hóa địa phương', 'Dreams Hotel cách trung tâm Đà Lạt bao xa?': 'Dreams Hotel cách trung tâm Đà Lạt 550 m.\nTất cả khoảng cách được đo theo đường thẳng. Khoảng cách di chuyển thực sự có thể khác.', 'Dreams Hotel có giờ nhận và trả phòng như thế nào?': 'Dreams Hotel có giờ nhận phòng từ 14:00 và giờ trả phòng trước 12:00.', 'Chi phí nghỉ tại Dreams Hotel là bao nhiêu?': 'Giá tại Dreams Hotel có thể khác nhau tùy vào kỳ nghỉ của bạn (ví dụ: ngày bạn chọn, chính sách khách sạn,v.v.). Vui lòng xem giá bằng cách nhập ngày của bạn.', 'Dreams Hotel có phổ biến với các gia đình không?': 'Có, Dreams Hotel khá phổ biến đối với khách đặt kỳ nghỉ gia đình.'}"
https://www.booking.com/hotel/vn/raon-central-dalat.vi.html,"{'RAON Central Hotel có giờ nhận và trả phòng như thế nào?': 'R, A, O, N Central Hotel có giờ nhận phòng từ 14:00 và giờ trả phòng trước 12:00.', 'RAON Central Hotel có những loại phòng nào?': 'Lựa chọn phòng tại R, A, O, N Central Hotel bao gồm: Phòng giường đôi, Phòng gia đình, Studio', 'RAON Central Hotel có nhà hàng trong khuôn viên không?': 'R, A, O, N Central Hotel có 1 nhà hàng: Restaurant #1', 'RAON Central Hotel cách trung tâm Đà Lạt bao xa?': 'R, A, O, N Central Hotel cách trung tâm Đà Lạt 750 m.\nTất cả khoảng cách được đo theo đường thẳng. Khoảng cách di chuyển thực sự có thể khác.', 'Tôi có thể làm gì ở RAON Central Hotel?': 'R, A, O, N Central Hotel có những hoạt động/dịch vụ sau (có thể áp dụng phí): Sân gôn (trong vòng 3km)Biểu diễn/nhạc sống, Tour đi bộ, Cho thuê xe đạp, Nhảy/khám phá bar, Tour đi xe đạp', 'Chi phí nghỉ tại RAON Central Hotel là bao nhiêu?': 'Giá tại R, A, O, N Central Hotel có thể khác nhau tùy vào kỳ nghỉ của bạn (ví dụ: ngày bạn chọn, chính sách khách sạn,v.v.). Vui lòng xem giá bằng cách nhập ngày của bạn.'}"
https://www.booking.com/hotel/vn/tulip-garden-bao-loc.vi.html,"{'Homestay Tulip Garden Bảo Lộc có những loại phòng nào?': 'Lựa chọn phòng tại Homestay Tulip Garden Bảo Lộc bao gồm: Phòng gia đình, Phòng 4 người, Phòng giường đôi, Bungalow', 'Tôi có thể làm gì ở Homestay Tulip Garden Bảo Lộc?': 'Homestay Tulip Garden Bảo Lộc có những hoạt động/dịch vụ sau (có thể áp dụng phí): Bida', 'Homestay Tulip Garden Bảo Lộc có nhà hàng trong khuôn viên không?': 'Homestay Tulip Garden Bảo Lộc có 1 nhà hàng: Nhà hàng #1', 'Homestay Tulip Garden Bảo Lộc có giờ nhận và trả phòng như thế nào?': 'Homestay Tulip Garden Bảo Lộc có giờ nhận phòng từ 14:00 và giờ trả phòng trước 12:00.', 'Chi phí nghỉ tại Homestay Tulip Garden Bảo Lộc là bao nhiêu?': 'Giá tại Homestay Tulip Garden Bảo Lộc có thể khác nhau tùy vào kỳ nghỉ của bạn (ví dụ: ngày bạn chọn, chính sách khách sạn,v.v.). Vui lòng xem giá bằng cách nhập ngày của bạn.', 'Homestay Tulip Garden Bảo Lộc cách trung tâm Bảo Lộc bao xa?': 'Homestay Tulip Garden Bảo Lộc cách trung tâm Bảo Lộc 4,8 km.\nTất cả khoảng cách được đo theo đường thẳng. Khoảng cách di chuyển thực sự có thể khác.'}"
https://www.booking.com/hotel/vn/nha-nghi-hai-van-thanh-pho-bao-loc1.vi.html,"{'Nhà Nghỉ Hải Vân cách trung tâm Ấp Tân Hà bao xa?': 'Nhà Nghỉ Hải Vân cách trung tâm Ấp Tân Hà 1,2 km.\nTất cả khoảng cách được đo theo đường thẳng. Khoảng cách di chuyển thực sự có thể khác.', 'Chi phí nghỉ tại Nhà Nghỉ Hải Vân là bao nhiêu?': 'Giá tại Nhà Nghỉ Hải Vân có thể khác nhau tùy vào kỳ nghỉ của bạn (ví dụ: ngày bạn chọn, chính sách khách sạn,v.v.). Vui lòng xem giá bằng cách nhập ngày của bạn.', 'Nhà Nghỉ Hải Vân có giờ nhận và trả phòng như thế nào?': 'Nhà Nghỉ Hải Vân có giờ nhận phòng từ 00:00 và giờ trả phòng trước 00:00.', 'Tôi có thể làm gì ở Nhà Nghỉ Hải Vân?': 'Nhà Nghỉ Hải Vân có những hoạt động/dịch vụ sau (có thể áp dụng phí):', 'Nhà Nghỉ Hải Vân có những loại phòng nào?': 'Lựa chọn phòng tại Nhà Nghỉ Hải Vân bao gồm: Phòng giường đôi'}"
https://www.booking.com/hotel/vn/family-3-bedrooms-apt-in-dalat-center-the-2nd-home.vi.html,"{'Family 3 bedrooms apt in Dalat Center Residence - The 2nd Home có bao nhiêu phòng ngủ?': 'Family 3 bedrooms apt in Dalat Center Residence - The 2nd Home có số lượng phòng ngủ như sau: 3 phòng ngủ\n\nĐể biết thêm thông tin, vui lòng kiểm tra chi tiết (các) lựa chọn chỗ nghỉ ở trang này.', 'Family 3 bedrooms apt in Dalat Center Residence - The 2nd Home có giờ nhận và trả phòng như thế nào?': 'Family 3 bedrooms apt in Dalat Center Residence - The 2nd Home có giờ nhận phòng từ 14:00 và giờ trả phòng trước 12:00.', 'Tôi có thể làm gì ở Family 3 bedrooms apt in Dalat Center Residence - The 2nd Home?': 'Family 3 bedrooms apt in Dalat Center Residence - The 2nd Home có những hoạt động/dịch vụ sau (có thể áp dụng phí):', 'Family 3 bedrooms apt in Dalat Center Residence - The 2nd Home cách trung tâm Đà Lạt bao xa?': 'Family 3 bedrooms apt in Dalat Center Residence - The 2nd Home cách trung tâm Đà Lạt 200 m.\nTất cả khoảng cách được đo theo đường thẳng. Khoảng cách di chuyển thực sự có thể khác.', 'Chi phí nghỉ tại Family 3 bedrooms apt in Dalat Center Residence - The 2nd Home là bao nhiêu?': 'Giá tại Family 3 bedrooms apt in Dalat Center Residence - The 2nd Home có thể khác nhau tùy vào kỳ nghỉ của bạn (ví dụ: ngày bạn chọn, chính sách khách sạn,v.v.). Vui lòng xem giá bằng cách nhập ngày của bạn.', 'Family 3 bedrooms apt in Dalat Center Residence - The 2nd Home có nhà hàng trong khuôn viên không?': 'Family 3 bedrooms apt in Dalat Center Residence - The 2nd Home có 1 nhà hàng: Nhà hàng #1', 'Bao nhiêu khách có thể lưu trú tại Family 3 bedrooms apt in Dalat Center Residence - The 2nd Home?': 'Family 3 bedrooms apt in Dalat Center Residence - The 2nd Home có thể tiếp đón nhóm có số lượng như sau: 6 khách\n\nĐể biết thêm thông tin, vui lòng kiểm tra chi tiết (các) lựa chọn chỗ nghỉ ở trang này.', 'Family 3 bedrooms apt in Dalat Center Residence - The 2nd Home có phổ biến với các gia đình không?': 'Có, Family 3 bedrooms apt in Dalat Center Residence - The 2nd Home khá phổ biến đối với khách đặt kỳ nghỉ gia đình.'}"
https://www.booking.com/hotel/vn/doidep-tea-resort.vi.html,"{'Tôi có thể làm gì ở Tea Resort?': 'Tea Resort có những hoạt động/dịch vụ sau (có thể áp dụng phí): Trung tâm Spa & chăm sóc sức khoẻPhòng xông hơi, Massage, Công viên nước, Phòng gửi đồ ở spa/gym, Phòng tắm chung, Phòng tắm không gian mở, Hồ bơi, Dịch Vụ Làm Đẹp, Chăm sóc da mặt, Dịch vụ triệt lông, Chăm sóc tóc, Dịch vụ làm móng tay, Dịch vụ làm móng chân, Tạo kiểu tóc, Trị Liệu Cơ Thể, Tẩy tế bào chết toàn thân, Quấn toàn thân, Tiện Nghi Spa, Phòng xông hơi ướt, Khu vực thư giãn/spa lounge, Dịch vụ ngâm chân, Gói spa/chăm sóc sức khỏe, Mát-xa lưng, Mát-xa cổ, Mát-xa chân, Mát-xa dành cho cặp đôi, Mát-xa đầu, Mát-xa tay, Mát-xa toàn thân', 'Tea Resort cách trung tâm Bảo Lộc bao xa?': 'Tea Resort cách trung tâm Bảo Lộc 5 km.\nTất cả khoảng cách được đo theo đường thẳng. Khoảng cách di chuyển thực sự có thể khác.', 'Tea Resort có phổ biến với các gia đình không?': 'Có, Tea Resort khá phổ biến đối với khách đặt kỳ nghỉ gia đình.', 'Tea Resort có hồ bơi không?': 'Có, khách sạn này có hồ bơi. Tìm hiểu chi tiết về hồ bơi và các tiện nghi khác trong trang này.', 'Tea Resort có những loại phòng nào?': 'Lựa chọn phòng tại Tea Resort bao gồm: Suite, Phòng gia đình, Phòng giường đôi', 'Tea Resort có nhà hàng trong khuôn viên không?': 'Tea Resort có 1 nhà hàng: Nhà Hàng Tea Resort', 'Tea Resort có giờ nhận và trả phòng như thế nào?': 'Tea Resort có giờ nhận phòng từ 14:00 và giờ trả phòng trước 12:00.', 'Chi phí nghỉ tại Tea Resort là bao nhiêu?': 'Giá tại Tea Resort có thể khác nhau tùy vào kỳ nghỉ của bạn (ví dụ: ngày bạn chọn, chính sách khách sạn,v.v.). Vui lòng xem giá bằng cách nhập ngày của bạn.'}"
https://www.booking.com/hotel/vn/rem-homestay.vi.html,"{'REM homestay có giờ nhận và trả phòng như thế nào?': 'R, E, M homestay có giờ nhận phòng từ 13:00 và giờ trả phòng trước 12:00.', 'Chi phí nghỉ tại REM homestay là bao nhiêu?': 'Giá tại R, E, M homestay có thể khác nhau tùy vào kỳ nghỉ của bạn (ví dụ: ngày bạn chọn, chính sách khách sạn,v.v.). Vui lòng xem giá bằng cách nhập ngày của bạn.', 'REM homestay cách trung tâm Đà Lạt bao xa?': 'R, E, M homestay cách trung tâm Đà Lạt 800 m.\nTất cả khoảng cách được đo theo đường thẳng. Khoảng cách di chuyển thực sự có thể khác.', 'Tôi có thể làm gì ở REM homestay?': 'R, E, M homestay có những hoạt động/dịch vụ sau (có thể áp dụng phí):', 'REM homestay có những loại phòng nào?': 'Lựa chọn phòng tại R, E, M homestay bao gồm: Phòng giường đôi, Phòng 4 người'}"
https://www.booking.com/hotel/vn/hello-dalat-hostel.vi.html,"{'Tôi có thể làm gì ở Hello Dalat Hostel?': 'Hello Dalat Hostel có những hoạt động/dịch vụ sau (có thể áp dụng phí): Ca-nô, Tour/lớp về văn hóa địa phương, Cho thuê xe đạp', 'Chi phí nghỉ tại Hello Dalat Hostel là bao nhiêu?': 'Giá tại Hello Dalat Hostel có thể khác nhau tùy vào kỳ nghỉ của bạn (ví dụ: ngày bạn chọn, chính sách khách sạn,v.v.). Vui lòng xem giá bằng cách nhập ngày của bạn.', 'Hello Dalat Hostel cách trung tâm Đà Lạt bao xa?': 'Hello Dalat Hostel cách trung tâm Đà Lạt 400 m.\nTất cả khoảng cách được đo theo đường thẳng. Khoảng cách di chuyển thực sự có thể khác.', 'Hello Dalat Hostel có giờ nhận và trả phòng như thế nào?': 'Hello Dalat Hostel có giờ nhận phòng từ 14:00 và giờ trả phòng trước 12:00.'}"
https://www.booking.com/hotel/vn/binh-dao.vi.html,"{'Bình Đào Hotel - Khách sạn ngay trung tâm giá rẻ có những loại phòng nào?': 'Lựa chọn phòng tại Bình Đào Hotel - Khách sạn ngay trung tâm giá rẻ bao gồm: Nhà nghỉ dưỡng, Phòng 4 người, Phòng giường đôi, Phòng gia đình', 'Bình Đào Hotel - Khách sạn ngay trung tâm giá rẻ cách trung tâm Đà Lạt bao xa?': 'Bình Đào Hotel - Khách sạn ngay trung tâm giá rẻ cách trung tâm Đà Lạt 250 m.\nTất cả khoảng cách được đo theo đường thẳng. Khoảng cách di chuyển thực sự có thể khác.', 'Chi phí nghỉ tại Bình Đào Hotel - Khách sạn ngay trung tâm giá rẻ là bao nhiêu?': 'Giá tại Bình Đào Hotel - Khách sạn ngay trung tâm giá rẻ có thể khác nhau tùy vào kỳ nghỉ của bạn (ví dụ: ngày bạn chọn, chính sách khách sạn,v.v.). Vui lòng xem giá bằng cách nhập ngày của bạn.', 'Bình Đào Hotel - Khách sạn ngay trung tâm giá rẻ có giờ nhận và trả phòng như thế nào?': 'Bình Đào Hotel - Khách sạn ngay trung tâm giá rẻ có giờ nhận phòng từ 14:00 và giờ trả phòng trước 12:00.', 'Tôi có thể làm gì ở Bình Đào Hotel - Khách sạn ngay trung tâm giá rẻ?': 'Bình Đào Hotel - Khách sạn ngay trung tâm giá rẻ có những hoạt động/dịch vụ sau (có thể áp dụng phí):'}"
https://www.booking.com/hotel/vn/phong-ngu-lv-home-da-lat.vi.html,"{'Tôi có thể làm gì ở Phòng Ngủ - LV Home - Đà Lạt?': 'Phòng Ngủ - L, V Home - Đà Lạt có những hoạt động/dịch vụ sau (có thể áp dụng phí):', 'Phòng Ngủ - LV Home - Đà Lạt có giờ nhận và trả phòng như thế nào?': 'Phòng Ngủ - L, V Home - Đà Lạt có giờ nhận phòng từ 14:00 và giờ trả phòng trước 12:00.', 'Phòng Ngủ - LV Home - Đà Lạt cách trung tâm Đà Lạt bao xa?': 'Phòng Ngủ - L, V Home - Đà Lạt cách trung tâm Đà Lạt 1,2 km.\nTất cả khoảng cách được đo theo đường thẳng. Khoảng cách di chuyển thực sự có thể khác.', 'Chi phí nghỉ tại Phòng Ngủ - LV Home - Đà Lạt là bao nhiêu?': 'Giá tại Phòng Ngủ - L, V Home - Đà Lạt có thể khác nhau tùy vào kỳ nghỉ của bạn (ví dụ: ngày bạn chọn, chính sách khách sạn,v.v.). Vui lòng xem giá bằng cách nhập ngày của bạn.'}"
https://www.booking.com/hotel/vn/sam-lam-house-bao-loc-thanh-pho-bao-loc.vi.html,"{'Tôi có thể làm gì ở SÂM LÂM HOUSE - Bảo Lộc?': 'SÂ, M LÂ, M H, O, U, S, E - Bảo Lộc có những hoạt động/dịch vụ sau (có thể áp dụng phí):', 'SÂM LÂM HOUSE - Bảo Lộc có giờ nhận và trả phòng như thế nào?': 'SÂ, M LÂ, M H, O, U, S, E - Bảo Lộc có giờ nhận phòng từ 14:00 và giờ trả phòng trước 12:00.', 'Chi phí nghỉ tại SÂM LÂM HOUSE - Bảo Lộc là bao nhiêu?': 'Giá tại SÂ, M LÂ, M H, O, U, S, E - Bảo Lộc có thể khác nhau tùy vào kỳ nghỉ của bạn (ví dụ: ngày bạn chọn, chính sách khách sạn,v.v.). Vui lòng xem giá bằng cách nhập ngày của bạn.', 'SÂM LÂM HOUSE - Bảo Lộc cách trung tâm Bảo Lộc bao xa?': 'SÂ, M LÂ, M H, O, U, S, E - Bảo Lộc cách trung tâm Bảo Lộc 950 m.\nTất cả khoảng cách được đo theo đường thẳng. Khoảng cách di chuyển thực sự có thể khác.'}"
https://www.booking.com/hotel/vn/po-dream-flower-hotel-da-lat.vi.html,"{'Chi phí nghỉ tại Dream Flower Hotel là bao nhiêu?': 'Giá tại Dream Flower Hotel có thể khác nhau tùy vào kỳ nghỉ của bạn (ví dụ: ngày bạn chọn, chính sách khách sạn,v.v.). Vui lòng xem giá bằng cách nhập ngày của bạn.', 'Tôi có thể làm gì ở Dream Flower Hotel?': 'Dream Flower Hotel có những hoạt động/dịch vụ sau (có thể áp dụng phí): Bồn tắm nóng/bể sục (Jacuzzi)Đi bộ đường dài, Sân chơi trẻ em, Phi tiêu, Sân gôn (trong vòng 3km)Phòng xông hơi ướt, Giờ vàng, Tour/lớp về văn hóa địa phương', 'Dream Flower Hotel có bể sục cho khách không?': 'Chỗ nghỉ có bể sục. Bạn có thể tìm hiểu thêm về điều này và các tiện nghi khác tại Dream Flower Hotel trên trang này.', 'Dream Flower Hotel cách trung tâm Đà Lạt bao xa?': 'Dream Flower Hotel cách trung tâm Đà Lạt 2 km.\nTất cả khoảng cách được đo theo đường thẳng. Khoảng cách di chuyển thực sự có thể khác.', 'Dream Flower Hotel có giờ nhận và trả phòng như thế nào?': 'Dream Flower Hotel có giờ nhận phòng từ 12:00 và giờ trả phòng trước 12:00.'}"
https://www.booking.com/hotel/vn/the-2nd-boutique-home.vi.html,"{'Chi phí nghỉ tại 2 Bedrooms Artist House - The 2nd Home là bao nhiêu?': 'Giá tại 2 Bedrooms Artist House - The 2nd Home có thể khác nhau tùy vào kỳ nghỉ của bạn (ví dụ: ngày bạn chọn, chính sách khách sạn,v.v.). Vui lòng xem giá bằng cách nhập ngày của bạn.', '2 Bedrooms Artist House - The 2nd Home cách trung tâm Đà Lạt bao xa?': '2 Bedrooms Artist House - The 2nd Home cách trung tâm Đà Lạt 550 m.\nTất cả khoảng cách được đo theo đường thẳng. Khoảng cách di chuyển thực sự có thể khác.', '2 Bedrooms Artist House - The 2nd Home có giờ nhận và trả phòng như thế nào?': '2 Bedrooms Artist House - The 2nd Home có giờ nhận phòng từ 14:00 và giờ trả phòng trước 12:00.', 'Bao nhiêu khách có thể lưu trú tại 2 Bedrooms Artist House - The 2nd Home?': '2 Bedrooms Artist House - The 2nd Home có thể tiếp đón nhóm có số lượng như sau: 4 khách\n\nĐể biết thêm thông tin, vui lòng kiểm tra chi tiết (các) lựa chọn chỗ nghỉ ở trang này.', '2 Bedrooms Artist House - The 2nd Home có sân hiên không?': 'Có, nhiều lựa chọn tại chỗ nghỉ này có sân hiên. Bạn có thể tìm hiểu thêm về điều này và các tiện nghi khác tại 2 Bedrooms Artist House - The 2nd Home trên trang này.', 'Tôi có thể làm gì ở 2 Bedrooms Artist House - The 2nd Home?': '2 Bedrooms Artist House - The 2nd Home có những hoạt động/dịch vụ sau (có thể áp dụng phí):', '2 Bedrooms Artist House - The 2nd Home có phổ biến với các gia đình không?': 'Có, 2 Bedrooms Artist House - The 2nd Home khá phổ biến đối với khách đặt kỳ nghỉ gia đình.', '2 Bedrooms Artist House - The 2nd Home có bao nhiêu phòng ngủ?': '2 Bedrooms Artist House - The 2nd Home có số lượng phòng ngủ như sau: 2 phòng ngủ\n\nĐể biết thêm thông tin, vui lòng kiểm tra chi tiết (các) lựa chọn chỗ nghỉ ở trang này.'}"
https://www.booking.com/hotel/vn/peace-house-thanh-pho-da-lat.vi.html,"{'Chi phí nghỉ tại Peace House Đà Lạt là bao nhiêu?': 'Giá tại Peace House Đà Lạt có thể khác nhau tùy vào kỳ nghỉ của bạn (ví dụ: ngày bạn chọn, chính sách khách sạn,v.v.). Vui lòng xem giá bằng cách nhập ngày của bạn.', 'Peace House Đà Lạt có những loại phòng nào?': 'Lựa chọn phòng tại Peace House Đà Lạt bao gồm: Phòng giường đôi', 'Peace House Đà Lạt cách trung tâm Đà Lạt bao xa?': 'Peace House Đà Lạt cách trung tâm Đà Lạt 2 km.\nTất cả khoảng cách được đo theo đường thẳng. Khoảng cách di chuyển thực sự có thể khác.', 'Tôi có thể làm gì ở Peace House Đà Lạt?': 'Peace House Đà Lạt có những hoạt động/dịch vụ sau (có thể áp dụng phí):', 'Peace House Đà Lạt có giờ nhận và trả phòng như thế nào?': 'Peace House Đà Lạt có giờ nhận phòng từ 14:00 và giờ trả phòng trước 11:00.'}"
https://www.booking.com/hotel/vn/dora-boutique-dalat.vi.html,"{'DORA Boutique Hotel Dalat có những loại phòng nào?': 'Lựa chọn phòng tại D, O, R, A Boutique Hotel Dalat bao gồm: Phòng giường đôi, Phòng 4 người', 'Chi phí nghỉ tại DORA Boutique Hotel Dalat là bao nhiêu?': 'Giá tại D, O, R, A Boutique Hotel Dalat có thể khác nhau tùy vào kỳ nghỉ của bạn (ví dụ: ngày bạn chọn, chính sách khách sạn,v.v.). Vui lòng xem giá bằng cách nhập ngày của bạn.', 'Tôi có thể làm gì ở DORA Boutique Hotel Dalat?': 'D, O, R, A Boutique Hotel Dalat có những hoạt động/dịch vụ sau (có thể áp dụng phí): Massage, Bóng bàn, Phi tiêu, Sân gôn (trong vòng 3km)Cho thuê xe đạp, Ghế mát-xa, Dịch vụ ngâm chân, Nhân viên Giải trí', 'DORA Boutique Hotel Dalat cách trung tâm Đà Lạt bao xa?': 'D, O, R, A Boutique Hotel Dalat cách trung tâm Đà Lạt 400 m.\nTất cả khoảng cách được đo theo đường thẳng. Khoảng cách di chuyển thực sự có thể khác.', 'DORA Boutique Hotel Dalat có giờ nhận và trả phòng như thế nào?': 'D, O, R, A Boutique Hotel Dalat có giờ nhận phòng từ 14:00 và giờ trả phòng trước 12:00.'}"
https://www.booking.com/hotel/vn/ngoi-lang-trong-tranh-leading-kiwuki-village.vi.html,"{'Chi phí nghỉ tại Khu Nghỉ Dưỡng Ngôi Làng Trong Tranh, Bảo Lộc là bao nhiêu?': 'Giá tại Khu Nghỉ Dưỡng Ngôi Làng Trong Tranh, Bảo Lộc có thể khác nhau tùy vào kỳ nghỉ của bạn (ví dụ: ngày bạn chọn, chính sách khách sạn,v.v.). Vui lòng xem giá bằng cách nhập ngày của bạn.', 'Tôi có thể làm gì ở Khu Nghỉ Dưỡng Ngôi Làng Trong Tranh, Bảo Lộc?': 'Khu Nghỉ Dưỡng Ngôi Làng Trong Tranh, Bảo Lộc có những hoạt động/dịch vụ sau (có thể áp dụng phí): Đi bộ đường dài, Sân chơi trẻ em, Câu cáGiải trí buổi tối, Công viên nước, Phòng tắm không gian mở, Tiện nghi chơi thể thao dưới nước (trong khuôn viên)', 'Khu Nghỉ Dưỡng Ngôi Làng Trong Tranh, Bảo Lộc cách trung tâm Bảo Lộc bao xa?': 'Khu Nghỉ Dưỡng Ngôi Làng Trong Tranh, Bảo Lộc cách trung tâm Bảo Lộc 7 km.\nTất cả khoảng cách được đo theo đường thẳng. Khoảng cách di chuyển thực sự có thể khác.', 'Khu Nghỉ Dưỡng Ngôi Làng Trong Tranh, Bảo Lộc có giờ nhận và trả phòng như thế nào?': 'Khu Nghỉ Dưỡng Ngôi Làng Trong Tranh, Bảo Lộc có giờ nhận phòng từ 14:00 và giờ trả phòng trước 12:00.', 'Khu Nghỉ Dưỡng Ngôi Làng Trong Tranh, Bảo Lộc có phổ biến với các gia đình không?': 'Có, Khu Nghỉ Dưỡng Ngôi Làng Trong Tranh, Bảo Lộc khá phổ biến đối với khách đặt kỳ nghỉ gia đình.'}"
https://www.booking.com/hotel/vn/let-39-stay-da-lat.vi.html,"{""Tôi có thể làm gì ở Let'Stay Homestay Da Lat?"": ""Let'Stay Homestay Da Lat có những hoạt động/dịch vụ sau (có thể áp dụng phí):"", ""Let'Stay Homestay Da Lat có những loại phòng nào?"": ""Lựa chọn phòng tại Let'Stay Homestay Da Lat bao gồm: Phòng giường đôi, Phòng gia đình, Căn hộ"", ""Let'Stay Homestay Da Lat cách trung tâm Ấp Ða Thiên bao xa?"": ""Let'Stay Homestay Da Lat cách trung tâm Ấp Ða Thiên 550 m.\nTất cả khoảng cách được đo theo đường thẳng. Khoảng cách di chuyển thực sự có thể khác."", ""Let'Stay Homestay Da Lat có giờ nhận và trả phòng như thế nào?"": ""Let'Stay Homestay Da Lat có giờ nhận phòng từ 14:00 và giờ trả phòng trước 12:00."", ""Chi phí nghỉ tại Let'Stay Homestay Da Lat là bao nhiêu?"": ""Giá tại Let'Stay Homestay Da Lat có thể khác nhau tùy vào kỳ nghỉ của bạn (ví dụ: ngày bạn chọn, chính sách khách sạn,v.v.). Vui lòng xem giá bằng cách nhập ngày của bạn.""}"
https://www.booking.com/hotel/vn/chuyen-homestay-dalat.vi.html,"{'Chuyện homestay - Dalat cách trung tâm Đà Lạt bao xa?': 'Chuyện homestay - Dalat cách trung tâm Đà Lạt 950 m.\nTất cả khoảng cách được đo theo đường thẳng. Khoảng cách di chuyển thực sự có thể khác.', 'Tôi có thể làm gì ở Chuyện homestay - Dalat?': 'Chuyện homestay - Dalat có những hoạt động/dịch vụ sau (có thể áp dụng phí):', 'Chuyện homestay - Dalat có giờ nhận và trả phòng như thế nào?': 'Chuyện homestay - Dalat có giờ nhận phòng từ 14:00 và giờ trả phòng trước 12:00.', 'Chi phí nghỉ tại Chuyện homestay - Dalat là bao nhiêu?': 'Giá tại Chuyện homestay - Dalat có thể khác nhau tùy vào kỳ nghỉ của bạn (ví dụ: ngày bạn chọn, chính sách khách sạn,v.v.). Vui lòng xem giá bằng cách nhập ngày của bạn.'}"
https://www.booking.com/hotel/vn/nha-cua-my-thanh-pho-da-lat.vi.html,"{'Bao nhiêu khách có thể lưu trú tại Nhà của Mỵ?': 'Nhà của Mỵ có thể tiếp đón nhóm có số lượng như sau: 12 khách\n\nĐể biết thêm thông tin, vui lòng kiểm tra chi tiết (các) lựa chọn chỗ nghỉ ở trang này.', 'Nhà của Mỵ có phổ biến với các gia đình không?': 'Có, Nhà của Mỵ khá phổ biến đối với khách đặt kỳ nghỉ gia đình.', 'Tôi có thể làm gì ở Nhà của Mỵ?': 'Nhà của Mỵ có những hoạt động/dịch vụ sau (có thể áp dụng phí):', 'Nhà của Mỵ cách trung tâm Đà Lạt bao xa?': 'Nhà của Mỵ cách trung tâm Đà Lạt 1,9 km.\nTất cả khoảng cách được đo theo đường thẳng. Khoảng cách di chuyển thực sự có thể khác.', 'Nhà của Mỵ có bao nhiêu phòng ngủ?': 'Nhà của Mỵ có số lượng phòng ngủ như sau: 5 phòng ngủ\n\nĐể biết thêm thông tin, vui lòng kiểm tra chi tiết (các) lựa chọn chỗ nghỉ ở trang này.', 'Chi phí nghỉ tại Nhà của Mỵ là bao nhiêu?': 'Giá tại Nhà của Mỵ có thể khác nhau tùy vào kỳ nghỉ của bạn (ví dụ: ngày bạn chọn, chính sách khách sạn,v.v.). Vui lòng xem giá bằng cách nhập ngày của bạn.', 'Nhà của Mỵ có ban công không?': 'Có, nhiều lựa chọn tại chỗ nghỉ này có ban công. Bạn có thể tìm hiểu thêm về điều này và các tiện nghi khác tại Nhà của Mỵ trên trang này.', 'Nhà của Mỵ có giờ nhận và trả phòng như thế nào?': 'Nhà của Mỵ có giờ nhận phòng từ 14:00 và giờ trả phòng trước 11:00.', 'Nhà của Mỵ có sân hiên không?': 'Có, nhiều lựa chọn tại chỗ nghỉ này có sân hiên. Bạn có thể tìm hiểu thêm về điều này và các tiện nghi khác tại Nhà của Mỵ trên trang này.'}"
https://www.booking.com/hotel/vn/ngoc-vy-house-dalat.vi.html,"{'Chi phí nghỉ tại Ngọc Vy House Dalat là bao nhiêu?': 'Giá tại Ngọc Vy House Dalat có thể khác nhau tùy vào kỳ nghỉ của bạn (ví dụ: ngày bạn chọn, chính sách khách sạn,v.v.). Vui lòng xem giá bằng cách nhập ngày của bạn.', 'Tôi có thể làm gì ở Ngọc Vy House Dalat?': 'Ngọc Vy House Dalat có những hoạt động/dịch vụ sau (có thể áp dụng phí): Phòng xông hơi, Bữa tối theo chủ đề', 'Ngọc Vy House Dalat cách trung tâm Ấp Xuân An bao xa?': 'Ngọc Vy House Dalat cách trung tâm Ấp Xuân An 500 m.\nTất cả khoảng cách được đo theo đường thẳng. Khoảng cách di chuyển thực sự có thể khác.', 'Ngọc Vy House Dalat có giờ nhận và trả phòng như thế nào?': 'Ngọc Vy House Dalat có giờ nhận phòng từ 14:00 và giờ trả phòng trước 12:00.'}"
https://www.booking.com/hotel/vn/khach-san-hoang-thu-thanh-pho-da-lat.vi.html,"{'Tôi có thể làm gì ở HT House?': 'H, T House có những hoạt động/dịch vụ sau (có thể áp dụng phí):', 'Chi phí nghỉ tại HT House là bao nhiêu?': 'Giá tại H, T House có thể khác nhau tùy vào kỳ nghỉ của bạn (ví dụ: ngày bạn chọn, chính sách khách sạn,v.v.). Vui lòng xem giá bằng cách nhập ngày của bạn.', 'HT House có giờ nhận và trả phòng như thế nào?': 'H, T House có giờ nhận phòng từ 14:00 và giờ trả phòng trước 12:00.', 'HT House cách trung tâm Đà Lạt bao xa?': 'H, T House cách trung tâm Đà Lạt 1 km.\nTất cả khoảng cách được đo theo đường thẳng. Khoảng cách di chuyển thực sự có thể khác.', 'HT House có những loại phòng nào?': 'Lựa chọn phòng tại H, T House bao gồm: Phòng 4 người, Phòng giường đôi, Giường trong phòng tập thể'}"
https://www.booking.com/hotel/vn/homestay-anh-tuan.vi.html,"{'Homestay Anh Tuấn có giờ nhận và trả phòng như thế nào?': 'Homestay Anh Tuấn có giờ nhận phòng từ 12:00 và giờ trả phòng trước 11:00.', 'Homestay Anh Tuấn cách trung tâm Bảo Lộc bao xa?': 'Homestay Anh Tuấn cách trung tâm Bảo Lộc 4,8 km.\nTất cả khoảng cách được đo theo đường thẳng. Khoảng cách di chuyển thực sự có thể khác.', 'Chi phí nghỉ tại Homestay Anh Tuấn là bao nhiêu?': 'Giá tại Homestay Anh Tuấn có thể khác nhau tùy vào kỳ nghỉ của bạn (ví dụ: ngày bạn chọn, chính sách khách sạn,v.v.). Vui lòng xem giá bằng cách nhập ngày của bạn.', 'Tôi có thể làm gì ở Homestay Anh Tuấn?': 'Homestay Anh Tuấn có những hoạt động/dịch vụ sau (có thể áp dụng phí): Phòng xông hơi, Bữa tối theo chủ đề'}"
https://www.booking.com/hotel/vn/dong-phuong-thanh-pho-bao-loc1.vi.html,"{'Chi phí nghỉ tại DONG PHUONG HOTEL là bao nhiêu?': 'Giá tại D, O, N, G P, H, U, O, N, G H, O, T, E, L có thể khác nhau tùy vào kỳ nghỉ của bạn (ví dụ: ngày bạn chọn, chính sách khách sạn,v.v.). Vui lòng xem giá bằng cách nhập ngày của bạn.', 'DONG PHUONG HOTEL có những loại phòng nào?': 'Lựa chọn phòng tại D, O, N, G P, H, U, O, N, G H, O, T, E, L bao gồm: Phòng giường đôi, Phòng 2 giường đơn Phòng gia đình, Suite, Phòng giường đôi/2 giường đơn', 'DONG PHUONG HOTEL có nhà hàng trong khuôn viên không?': 'D, O, N, G P, H, U, O, N, G H, O, T, E, L có 1 nhà hàng: Restaurant #1', 'Tôi có thể làm gì ở DONG PHUONG HOTEL?': 'D, O, N, G P, H, U, O, N, G H, O, T, E, L có những hoạt động/dịch vụ sau (có thể áp dụng phí): Phòng xông hơi, Massage, Karaoke, Mát-xa cổ, Tiện Nghi Spa, Mát-xa tay, Cho thuê xe đạp, Mát-xa dành cho cặp đôi, Mát-xa lưng, Mát-xa toàn thân, Mát-xa chân, Mát-xa đầu', 'DONG PHUONG HOTEL cách trung tâm Bảo Lộc bao xa?': 'D, O, N, G P, H, U, O, N, G H, O, T, E, L cách trung tâm Bảo Lộc 500 m.\nTất cả khoảng cách được đo theo đường thẳng. Khoảng cách di chuyển thực sự có thể khác.', 'DONG PHUONG HOTEL có giờ nhận và trả phòng như thế nào?': 'D, O, N, G P, H, U, O, N, G H, O, T, E, L có giờ nhận phòng từ 00:00 và giờ trả phòng trước 00:30.'}"
https://www.booking.com/hotel/vn/twin-khach-san-twin.vi.html,"{'Twin Villa Đà Lạt có những loại phòng nào?': 'Lựa chọn phòng tại Twin Villa Đà Lạt bao gồm: Phòng giường đôi, Phòng 4 người', 'Twin Villa Đà Lạt có giờ nhận và trả phòng như thế nào?': 'Twin Villa Đà Lạt có giờ nhận phòng từ 13:00 và giờ trả phòng trước 11:00.', 'Tôi có thể làm gì ở Twin Villa Đà Lạt?': 'Twin Villa Đà Lạt có những hoạt động/dịch vụ sau (có thể áp dụng phí):', 'Twin Villa Đà Lạt cách trung tâm Khu Chi Lăng bao xa?': 'Twin Villa Đà Lạt cách trung tâm Khu Chi Lăng 800 m.\nTất cả khoảng cách được đo theo đường thẳng. Khoảng cách di chuyển thực sự có thể khác.', 'Chi phí nghỉ tại Twin Villa Đà Lạt là bao nhiêu?': 'Giá tại Twin Villa Đà Lạt có thể khác nhau tùy vào kỳ nghỉ của bạn (ví dụ: ngày bạn chọn, chính sách khách sạn,v.v.). Vui lòng xem giá bằng cách nhập ngày của bạn.'}"
https://www.booking.com/hotel/vn/villa-goldenhill-da-lat-villa-da-lat-luxury.vi.html,"{'Bao nhiêu khách có thể lưu trú tại GD Villa Đà Lạt - Biệt Thự Nằm Trung Tâm TP?': 'Bạn có thể chọn từ nhiều lựa chọn chỗ nghỉ tại G, D Villa Đà Lạt - Biệt Thự Nằm Trung Tâm T, P (tùy vào tình trạng có sẵn). Những chỗ này có thể tiếp đón: 12 khách14 khách3 khách\n\nĐể biết thêm thông tin, vui lòng kiểm tra chi tiết (các) lựa chọn chỗ nghỉ ở trang này.', 'GD Villa Đà Lạt - Biệt Thự Nằm Trung Tâm TP có ban công không?': 'Có, nhiều lựa chọn tại chỗ nghỉ này có ban công. Bạn có thể tìm hiểu thêm về điều này và các tiện nghi khác tại G, D Villa Đà Lạt - Biệt Thự Nằm Trung Tâm T, P trên trang này.', 'GD Villa Đà Lạt - Biệt Thự Nằm Trung Tâm TP có phổ biến với các gia đình không?': 'Có, G, D Villa Đà Lạt - Biệt Thự Nằm Trung Tâm T, P khá phổ biến đối với khách đặt kỳ nghỉ gia đình.', 'GD Villa Đà Lạt - Biệt Thự Nằm Trung Tâm TP có bao nhiêu phòng ngủ?': 'Bạn có thể chọn từ nhiều lựa chọn chỗ nghỉ tại G, D Villa Đà Lạt - Biệt Thự Nằm Trung Tâm T, P (tùy vào tình trạng có sẵn). Những chỗ này có: 1 phòng ngủ5 phòng ngủ6 phòng ngủ\n\nĐể biết thêm thông tin, vui lòng kiểm tra chi tiết (các) lựa chọn chỗ nghỉ ở trang này.', 'GD Villa Đà Lạt - Biệt Thự Nằm Trung Tâm TP cách trung tâm Đà Lạt bao xa?': 'G, D Villa Đà Lạt - Biệt Thự Nằm Trung Tâm T, P cách trung tâm Đà Lạt 1,4 km.\nTất cả khoảng cách được đo theo đường thẳng. Khoảng cách di chuyển thực sự có thể khác.', 'Tôi có thể làm gì ở GD Villa Đà Lạt - Biệt Thự Nằm Trung Tâm TP?': 'G, D Villa Đà Lạt - Biệt Thự Nằm Trung Tâm T, P có những hoạt động/dịch vụ sau (có thể áp dụng phí): Đi bộ đường dài', 'Chi phí nghỉ tại GD Villa Đà Lạt - Biệt Thự Nằm Trung Tâm TP là bao nhiêu?': 'Giá tại G, D Villa Đà Lạt - Biệt Thự Nằm Trung Tâm T, P có thể khác nhau tùy vào kỳ nghỉ của bạn (ví dụ: ngày bạn chọn, chính sách khách sạn,v.v.). Vui lòng xem giá bằng cách nhập ngày của bạn.'}"
https://www.booking.com/hotel/vn/dalat-family-hostel-thanh-pho-da-lat.vi.html,"{'Chi phí nghỉ tại Dalat Family Hostel là bao nhiêu?': 'Giá tại Dalat Family Hostel có thể khác nhau tùy vào kỳ nghỉ của bạn (ví dụ: ngày bạn chọn, chính sách khách sạn,v.v.). Vui lòng xem giá bằng cách nhập ngày của bạn.', 'Dalat Family Hostel có những loại phòng nào?': 'Lựa chọn phòng tại Dalat Family Hostel bao gồm: Phòng giường đôi, Giường trong phòng tập thể, Phòng tập thểCăn hộ', 'Dalat Family Hostel có giờ nhận và trả phòng như thế nào?': 'Dalat Family Hostel có giờ nhận phòng từ 14:00 và giờ trả phòng trước 11:30.', 'Tôi có thể làm gì ở Dalat Family Hostel?': 'Dalat Family Hostel có những hoạt động/dịch vụ sau (có thể áp dụng phí): Trung tâm thể dục, Giờ vàng, Tour/lớp về văn hóa địa phương', 'Dalat Family Hostel cách trung tâm Đà Lạt bao xa?': 'Dalat Family Hostel cách trung tâm Đà Lạt 1,4 km.\nTất cả khoảng cách được đo theo đường thẳng. Khoảng cách di chuyển thực sự có thể khác.'}"
https://www.booking.com/hotel/vn/lam-khanh-home-bao-loc-nha-go-ben-rung-thong.vi.html,"{'Bao nhiêu khách có thể lưu trú tại Lâm Khanh Home Bảo Lâm- Nhà gỗ bên rừng thông?': 'Lâm Khanh Home Bảo Lâm- Nhà gỗ bên rừng thông có thể tiếp đón nhóm có số lượng như sau: 4 khách\n\nĐể biết thêm thông tin, vui lòng kiểm tra chi tiết (các) lựa chọn chỗ nghỉ ở trang này.', 'Chi phí nghỉ tại Lâm Khanh Home Bảo Lâm- Nhà gỗ bên rừng thông là bao nhiêu?': 'Giá tại Lâm Khanh Home Bảo Lâm- Nhà gỗ bên rừng thông có thể khác nhau tùy vào kỳ nghỉ của bạn (ví dụ: ngày bạn chọn, chính sách khách sạn,v.v.). Vui lòng xem giá bằng cách nhập ngày của bạn.', 'Lâm Khanh Home Bảo Lâm- Nhà gỗ bên rừng thông có ban công không?': 'Có, nhiều lựa chọn tại chỗ nghỉ này có ban công. Bạn có thể tìm hiểu thêm về điều này và các tiện nghi khác tại Lâm Khanh Home Bảo Lâm- Nhà gỗ bên rừng thông trên trang này.', 'Lâm Khanh Home Bảo Lâm- Nhà gỗ bên rừng thông có giờ nhận và trả phòng như thế nào?': 'Lâm Khanh Home Bảo Lâm- Nhà gỗ bên rừng thông có giờ nhận phòng từ 14:00 và giờ trả phòng trước 14:00.', 'Lâm Khanh Home Bảo Lâm- Nhà gỗ bên rừng thông cách trung tâm Berla (2) bao xa?': 'Lâm Khanh Home Bảo Lâm- Nhà gỗ bên rừng thông cách trung tâm Berla (2) 3 km.\nTất cả khoảng cách được đo theo đường thẳng. Khoảng cách di chuyển thực sự có thể khác.', 'Lâm Khanh Home Bảo Lâm- Nhà gỗ bên rừng thông có sân hiên không?': 'Có, nhiều lựa chọn tại chỗ nghỉ này có sân hiên. Bạn có thể tìm hiểu thêm về điều này và các tiện nghi khác tại Lâm Khanh Home Bảo Lâm- Nhà gỗ bên rừng thông trên trang này.', 'Tôi có thể làm gì ở Lâm Khanh Home Bảo Lâm- Nhà gỗ bên rừng thông?': 'Lâm Khanh Home Bảo Lâm- Nhà gỗ bên rừng thông có những hoạt động/dịch vụ sau (có thể áp dụng phí):', 'Lâm Khanh Home Bảo Lâm- Nhà gỗ bên rừng thông có bao nhiêu phòng ngủ?': 'Lâm Khanh Home Bảo Lâm- Nhà gỗ bên rừng thông có số lượng phòng ngủ như sau: 2 phòng ngủ\n\nĐể biết thêm thông tin, vui lòng kiểm tra chi tiết (các) lựa chọn chỗ nghỉ ở trang này.'}"
https://www.booking.com/hotel/vn/chu-house.vi.html,"{'Chu House cách trung tâm Ấp Xuân An bao xa?': 'Chu House cách trung tâm Ấp Xuân An 550 m.\nTất cả khoảng cách được đo theo đường thẳng. Khoảng cách di chuyển thực sự có thể khác.', 'Chu House có bao nhiêu phòng ngủ?': 'Chu House có số lượng phòng ngủ như sau: 1 phòng ngủ\n\nĐể biết thêm thông tin, vui lòng kiểm tra chi tiết (các) lựa chọn chỗ nghỉ ở trang này.', 'Chu House có giờ nhận và trả phòng như thế nào?': 'Chu House có giờ nhận phòng từ 14:00 và giờ trả phòng trước 12:00.', 'Chi phí nghỉ tại Chu House là bao nhiêu?': 'Giá tại Chu House có thể khác nhau tùy vào kỳ nghỉ của bạn (ví dụ: ngày bạn chọn, chính sách khách sạn,v.v.). Vui lòng xem giá bằng cách nhập ngày của bạn.', 'Tôi có thể làm gì ở Chu House?': 'Chu House có những hoạt động/dịch vụ sau (có thể áp dụng phí):', 'Bao nhiêu khách có thể lưu trú tại Chu House?': 'Chu House có thể tiếp đón nhóm có số lượng như sau: 1 khách\n\nĐể biết thêm thông tin, vui lòng kiểm tra chi tiết (các) lựa chọn chỗ nghỉ ở trang này.'}"
https://www.booking.com/hotel/vn/po-tea-resort-dalat-khu-chi-l-ng.vi.html,"{'Tea Resort Dalat cách trung tâm Đà Lạt bao xa?': 'Tea Resort Dalat cách trung tâm Đà Lạt 2,5 km.\nTất cả khoảng cách được đo theo đường thẳng. Khoảng cách di chuyển thực sự có thể khác.', 'Tôi có thể làm gì ở Tea Resort Dalat?': 'Tea Resort Dalat có những hoạt động/dịch vụ sau (có thể áp dụng phí): Trung tâm Spa & chăm sóc sức khoẻTrung tâm thể dục, Phòng xông hơi, Massage, Sân chơi trẻ em, Sân tennis, Karaoke, Sân gôn (trong vòng 3km)Phòng xông hơi ướt, Tour/lớp về văn hóa địa phương', 'Chi phí nghỉ tại Tea Resort Dalat là bao nhiêu?': 'Giá tại Tea Resort Dalat có thể khác nhau tùy vào kỳ nghỉ của bạn (ví dụ: ngày bạn chọn, chính sách khách sạn,v.v.). Vui lòng xem giá bằng cách nhập ngày của bạn.', 'Tea Resort Dalat có phổ biến với các gia đình không?': 'Có, Tea Resort Dalat khá phổ biến đối với khách đặt kỳ nghỉ gia đình.', 'Tea Resort Dalat có nhà hàng trong khuôn viên không?': 'Tea Resort Dalat có 1 nhà hàng: Nhà hàng', 'Tea Resort Dalat có giờ nhận và trả phòng như thế nào?': 'Tea Resort Dalat có giờ nhận phòng từ 14:00 và giờ trả phòng trước 12:00.'}"
https://www.booking.com/hotel/vn/raanana-da-lat.vi.html,"{'Chi phí nghỉ tại Serene Đà Lạt Homestay là bao nhiêu?': 'Giá tại Serene Đà Lạt Homestay có thể khác nhau tùy vào kỳ nghỉ của bạn (ví dụ: ngày bạn chọn, chính sách khách sạn,v.v.). Vui lòng xem giá bằng cách nhập ngày của bạn.', 'Tôi có thể làm gì ở Serene Đà Lạt Homestay?': 'Serene Đà Lạt Homestay có những hoạt động/dịch vụ sau (có thể áp dụng phí):', 'Serene Đà Lạt Homestay cách trung tâm Đà Lạt bao xa?': 'Serene Đà Lạt Homestay cách trung tâm Đà Lạt 1,2 km.\nTất cả khoảng cách được đo theo đường thẳng. Khoảng cách di chuyển thực sự có thể khác.', 'Serene Đà Lạt Homestay có giờ nhận và trả phòng như thế nào?': 'Serene Đà Lạt Homestay có giờ nhận phòng từ 13:00 và giờ trả phòng trước 11:00.'}"
https://www.booking.com/hotel/vn/villa-thang-loi.vi.html,"{'Ngoc Nguyen Anh Da Lat 2 có giờ nhận và trả phòng như thế nào?': 'Ngoc Nguyen Anh Da Lat 2 có giờ nhận phòng từ 14:00 và giờ trả phòng trước 12:00.', 'Chi phí nghỉ tại Ngoc Nguyen Anh Da Lat 2 là bao nhiêu?': 'Giá tại Ngoc Nguyen Anh Da Lat 2 có thể khác nhau tùy vào kỳ nghỉ của bạn (ví dụ: ngày bạn chọn, chính sách khách sạn,v.v.). Vui lòng xem giá bằng cách nhập ngày của bạn.', 'Tôi có thể làm gì ở Ngoc Nguyen Anh Da Lat 2?': 'Ngoc Nguyen Anh Da Lat 2 có những hoạt động/dịch vụ sau (có thể áp dụng phí): Xe đạp, Sân chơi trẻ em, Sân gôn (trong vòng 3km)Nhân viên Giải trí, Giờ vàng, Cưỡi ngựa, Cho thuê xe đạp', 'Ngoc Nguyen Anh Da Lat 2 có phổ biến với các gia đình không?': 'Có, Ngoc Nguyen Anh Da Lat 2 khá phổ biến đối với khách đặt kỳ nghỉ gia đình.', 'Ngoc Nguyen Anh Da Lat 2 cách trung tâm Đà Lạt bao xa?': 'Ngoc Nguyen Anh Da Lat 2 cách trung tâm Đà Lạt 550 m.\nTất cả khoảng cách được đo theo đường thẳng. Khoảng cách di chuyển thực sự có thể khác.', 'Ngoc Nguyen Anh Da Lat 2 có những loại phòng nào?': 'Lựa chọn phòng tại Ngoc Nguyen Anh Da Lat 2 bao gồm: Phòng giường đôi, Phòng 4 người, Phòng gia đình, Phòng 2 giường đơn Phòng 3 người'}"
https://www.booking.com/hotel/vn/yoga-tea-houses-thanh-pho-bao-loc1.vi.html,"{'Tôi có thể làm gì ở Yoga-Tea-Houses?': 'Yoga-Tea-Houses có những hoạt động/dịch vụ sau (có thể áp dụng phí):', 'Yoga-Tea-Houses cách trung tâm Ấp Tân Hà bao xa?': 'Yoga-Tea-Houses cách trung tâm Ấp Tân Hà 1,7 km.\nTất cả khoảng cách được đo theo đường thẳng. Khoảng cách di chuyển thực sự có thể khác.', 'Yoga-Tea-Houses có giờ nhận và trả phòng như thế nào?': 'Yoga-Tea-Houses có giờ nhận phòng từ 12:00 và giờ trả phòng trước 12:00.', 'Chi phí nghỉ tại Yoga-Tea-Houses là bao nhiêu?': 'Giá tại Yoga-Tea-Houses có thể khác nhau tùy vào kỳ nghỉ của bạn (ví dụ: ngày bạn chọn, chính sách khách sạn,v.v.). Vui lòng xem giá bằng cách nhập ngày của bạn.'}"
https://www.booking.com/hotel/vn/eudora-house-2-thanh-pho-da-lat.vi.html,"{'EUDORA HOUSE 2 có giờ nhận và trả phòng như thế nào?': 'E, U, D, O, R, A H, O, U, S, E 2 có giờ nhận phòng từ 13:00 và giờ trả phòng trước 11:00.', 'Bao nhiêu khách có thể lưu trú tại EUDORA HOUSE 2?': 'E, U, D, O, R, A H, O, U, S, E 2 có thể tiếp đón nhóm có số lượng như sau: 6 khách\n\nĐể biết thêm thông tin, vui lòng kiểm tra chi tiết (các) lựa chọn chỗ nghỉ ở trang này.', 'EUDORA HOUSE 2 cách trung tâm Ấp Ða Thiên bao xa?': 'E, U, D, O, R, A H, O, U, S, E 2 cách trung tâm Ấp Ða Thiên 900 m.\nTất cả khoảng cách được đo theo đường thẳng. Khoảng cách di chuyển thực sự có thể khác.', 'Tôi có thể làm gì ở EUDORA HOUSE 2?': 'E, U, D, O, R, A H, O, U, S, E 2 có những hoạt động/dịch vụ sau (có thể áp dụng phí):', 'Chi phí nghỉ tại EUDORA HOUSE 2 là bao nhiêu?': 'Giá tại E, U, D, O, R, A H, O, U, S, E 2 có thể khác nhau tùy vào kỳ nghỉ của bạn (ví dụ: ngày bạn chọn, chính sách khách sạn,v.v.). Vui lòng xem giá bằng cách nhập ngày của bạn.', 'EUDORA HOUSE 2 có bao nhiêu phòng ngủ?': 'E, U, D, O, R, A H, O, U, S, E 2 có số lượng phòng ngủ như sau: 2 phòng ngủ\n\nĐể biết thêm thông tin, vui lòng kiểm tra chi tiết (các) lựa chọn chỗ nghỉ ở trang này.'}"
https://www.booking.com/hotel/vn/hat-de-homestay-da-lat1.vi.html,"{'Tôi có thể làm gì ở Hạt Dẻ Homestay?': 'Hạt Dẻ Homestay có những hoạt động/dịch vụ sau (có thể áp dụng phí):', 'Hạt Dẻ Homestay cách trung tâm Đà Lạt bao xa?': 'Hạt Dẻ Homestay cách trung tâm Đà Lạt 2,3 km.\nTất cả khoảng cách được đo theo đường thẳng. Khoảng cách di chuyển thực sự có thể khác.', 'Chi phí nghỉ tại Hạt Dẻ Homestay là bao nhiêu?': 'Giá tại Hạt Dẻ Homestay có thể khác nhau tùy vào kỳ nghỉ của bạn (ví dụ: ngày bạn chọn, chính sách khách sạn,v.v.). Vui lòng xem giá bằng cách nhập ngày của bạn.'}"
https://www.booking.com/hotel/vn/gmp-valley-dl-by-bay-luxury.vi.html,"{'GMP Valley Hotel DL - by BAY LUXURY cách trung tâm Đà Lạt bao xa?': 'G, M, P Valley Hotel D, L - by B, A, Y L, U, X, U, R, Y cách trung tâm Đà Lạt 750 m.\nTất cả khoảng cách được đo theo đường thẳng. Khoảng cách di chuyển thực sự có thể khác.', 'Chi phí nghỉ tại GMP Valley Hotel DL - by BAY LUXURY là bao nhiêu?': 'Giá tại G, M, P Valley Hotel D, L - by B, A, Y L, U, X, U, R, Y có thể khác nhau tùy vào kỳ nghỉ của bạn (ví dụ: ngày bạn chọn, chính sách khách sạn,v.v.). Vui lòng xem giá bằng cách nhập ngày của bạn.', 'GMP Valley Hotel DL - by BAY LUXURY có giờ nhận và trả phòng như thế nào?': 'G, M, P Valley Hotel D, L - by B, A, Y L, U, X, U, R, Y có giờ nhận phòng từ 14:00 và giờ trả phòng trước 12:00.', 'Tôi có thể làm gì ở GMP Valley Hotel DL - by BAY LUXURY?': 'G, M, P Valley Hotel D, L - by B, A, Y L, U, X, U, R, Y có những hoạt động/dịch vụ sau (có thể áp dụng phí):'}"
https://www.booking.com/hotel/vn/teakhouse-da-lat.vi.html,"{'Teakhouse Đà Lạt có giờ nhận và trả phòng như thế nào?': 'Teakhouse Đà Lạt có giờ nhận phòng từ 02:00 và giờ trả phòng trước 12:00.', 'Chi phí nghỉ tại Teakhouse Đà Lạt là bao nhiêu?': 'Giá tại Teakhouse Đà Lạt có thể khác nhau tùy vào kỳ nghỉ của bạn (ví dụ: ngày bạn chọn, chính sách khách sạn,v.v.). Vui lòng xem giá bằng cách nhập ngày của bạn.', 'Teakhouse Đà Lạt cách trung tâm Ấp Xuân An bao xa?': 'Teakhouse Đà Lạt cách trung tâm Ấp Xuân An 1 km.\nTất cả khoảng cách được đo theo đường thẳng. Khoảng cách di chuyển thực sự có thể khác.', 'Tôi có thể làm gì ở Teakhouse Đà Lạt?': 'Teakhouse Đà Lạt có những hoạt động/dịch vụ sau (có thể áp dụng phí):', 'Teakhouse Đà Lạt có nhà hàng trong khuôn viên không?': 'Teakhouse Đà Lạt có 1 nhà hàng: T, E, A, K, H, O, U, S, E C, A, F, E', 'Teakhouse Đà Lạt có những loại phòng nào?': 'Lựa chọn phòng tại Teakhouse Đà Lạt bao gồm: Phòng giường đôi, Phòng gia đình, Phòng 4 người'}"
https://www.booking.com/hotel/vn/lanhs-homestay-thanh-pho-bao-loc.vi.html,"{""Tôi có thể làm gì ở Lanh's Homestay Bảo Lộc?"": ""Lanh's Homestay Bảo Lộc có những hoạt động/dịch vụ sau (có thể áp dụng phí): Karaoke, Cho thuê xe đạp, Sự kiện thể thao (truyền hình trực tiếp)"", ""Lanh's Homestay Bảo Lộc cách trung tâm Ấp Tân Hà bao xa?"": ""Lanh's Homestay Bảo Lộc cách trung tâm Ấp Tân Hà 1,2 km.\nTất cả khoảng cách được đo theo đường thẳng. Khoảng cách di chuyển thực sự có thể khác."", ""Chi phí nghỉ tại Lanh's Homestay Bảo Lộc là bao nhiêu?"": ""Giá tại Lanh's Homestay Bảo Lộc có thể khác nhau tùy vào kỳ nghỉ của bạn (ví dụ: ngày bạn chọn, chính sách khách sạn,v.v.). Vui lòng xem giá bằng cách nhập ngày của bạn."", ""Lanh's Homestay Bảo Lộc có những loại phòng nào?"": ""Lựa chọn phòng tại Lanh's Homestay Bảo Lộc bao gồm: Phòng giường đôi, Phòng 4 người"", ""Lanh's Homestay Bảo Lộc có giờ nhận và trả phòng như thế nào?"": ""Lanh's Homestay Bảo Lộc có giờ nhận phòng từ 14:00 và giờ trả phòng trước 12:00.""}"
https://www.booking.com/hotel/vn/luxury-5-bedroom-villa-tuyen-lam-lake-view.vi.html,"{'Tôi có thể làm gì ở Lan anh Village - Luxury villa Tuyen lam lake view?': 'Lan anh Village - Luxury villa Tuyen lam lake view có những hoạt động/dịch vụ sau (có thể áp dụng phí):', 'Lan anh Village - Luxury villa Tuyen lam lake view có phổ biến với các gia đình không?': 'Có, Lan anh Village - Luxury villa Tuyen lam lake view khá phổ biến đối với khách đặt kỳ nghỉ gia đình.', 'Lan anh Village - Luxury villa Tuyen lam lake view có sân hiên không?': 'Có, nhiều lựa chọn tại chỗ nghỉ này có sân hiên. Bạn có thể tìm hiểu thêm về điều này và các tiện nghi khác tại Lan anh Village - Luxury villa Tuyen lam lake view trên trang này.', 'Lan anh Village - Luxury villa Tuyen lam lake view có giờ nhận và trả phòng như thế nào?': 'Lan anh Village - Luxury villa Tuyen lam lake view có giờ nhận phòng từ 14:00 và giờ trả phòng trước 11:00.', 'Lan anh Village - Luxury villa Tuyen lam lake view cách trung tâm Ấp Xuân An bao xa?': 'Lan anh Village - Luxury villa Tuyen lam lake view cách trung tâm Ấp Xuân An 4 km.\nTất cả khoảng cách được đo theo đường thẳng. Khoảng cách di chuyển thực sự có thể khác.', 'Bao nhiêu khách có thể lưu trú tại Lan anh Village - Luxury villa Tuyen lam lake view?': 'Lan anh Village - Luxury villa Tuyen lam lake view có thể tiếp đón nhóm có số lượng như sau: 12 khách\n\nĐể biết thêm thông tin, vui lòng kiểm tra chi tiết (các) lựa chọn chỗ nghỉ ở trang này.', 'Lan anh Village - Luxury villa Tuyen lam lake view có ban công không?': 'Có, nhiều lựa chọn tại chỗ nghỉ này có ban công. Bạn có thể tìm hiểu thêm về điều này và các tiện nghi khác tại Lan anh Village - Luxury villa Tuyen lam lake view trên trang này.', 'Chi phí nghỉ tại Lan anh Village - Luxury villa Tuyen lam lake view là bao nhiêu?': 'Giá tại Lan anh Village - Luxury villa Tuyen lam lake view có thể khác nhau tùy vào kỳ nghỉ của bạn (ví dụ: ngày bạn chọn, chính sách khách sạn,v.v.). Vui lòng xem giá bằng cách nhập ngày của bạn.', 'Lan anh Village - Luxury villa Tuyen lam lake view có bao nhiêu phòng ngủ?': 'Lan anh Village - Luxury villa Tuyen lam lake view có số lượng phòng ngủ như sau: 6 phòng ngủ\n\nĐể biết thêm thông tin, vui lòng kiểm tra chi tiết (các) lựa chọn chỗ nghỉ ở trang này.'}"
https://www.booking.com/hotel/vn/giangs-house.vi.html,"{""Chi phí nghỉ tại Giăng's House Farmstay & Glamping là bao nhiêu?"": ""Giá tại Giăng's House Farmstay & Glamping có thể khác nhau tùy vào kỳ nghỉ của bạn (ví dụ: ngày bạn chọn, chính sách khách sạn,v.v.). Vui lòng xem giá bằng cách nhập ngày của bạn."", ""Giăng's House Farmstay & Glamping có bao nhiêu phòng ngủ?"": ""Giăng's House Farmstay & Glamping có số lượng phòng ngủ như sau: 1 phòng ngủ\n\nĐể biết thêm thông tin, vui lòng kiểm tra chi tiết (các) lựa chọn chỗ nghỉ ở trang này."", ""Tôi có thể làm gì ở Giăng's House Farmstay & Glamping?"": ""Giăng's House Farmstay & Glamping có những hoạt động/dịch vụ sau (có thể áp dụng phí): Karaoke"", ""Giăng's House Farmstay & Glamping có nhà hàng trong khuôn viên không?"": ""Giăng's House Farmstay & Glamping có 1 nhà hàng: Restaurant #1"", ""Bao nhiêu khách có thể lưu trú tại Giăng's House Farmstay & Glamping?"": ""Bạn có thể chọn từ nhiều lựa chọn chỗ nghỉ tại Giăng's House Farmstay & Glamping (tùy vào tình trạng có sẵn). Những chỗ này có thể tiếp đón: 4 khách6 khách\n\nĐể biết thêm thông tin, vui lòng kiểm tra chi tiết (các) lựa chọn chỗ nghỉ ở trang này."", ""Giăng's House Farmstay & Glamping có phổ biến với các gia đình không?"": ""Có, Giăng's House Farmstay & Glamping khá phổ biến đối với khách đặt kỳ nghỉ gia đình."", ""Giăng's House Farmstay & Glamping cách trung tâm Bảo Lộc bao xa?"": ""Giăng's House Farmstay & Glamping cách trung tâm Bảo Lộc 12 km.\nTất cả khoảng cách được đo theo đường thẳng. Khoảng cách di chuyển thực sự có thể khác."", ""Giăng's House Farmstay & Glamping có ban công không?"": ""Có, nhiều lựa chọn tại chỗ nghỉ này có ban công. Bạn có thể tìm hiểu thêm về điều này và các tiện nghi khác tại Giăng's House Farmstay & Glamping trên trang này."", ""Giăng's House Farmstay & Glamping có giờ nhận và trả phòng như thế nào?"": ""Giăng's House Farmstay & Glamping có giờ nhận phòng từ 14:00 và giờ trả phòng trước 12:00.""}"
https://www.booking.com/hotel/vn/lantana-homestay-da-lat1.vi.html,"{'Lantana Homestay cách trung tâm Đà Lạt bao xa?': 'Lantana Homestay cách trung tâm Đà Lạt 1,9 km.\nTất cả khoảng cách được đo theo đường thẳng. Khoảng cách di chuyển thực sự có thể khác.', 'Lantana Homestay có giờ nhận và trả phòng như thế nào?': 'Lantana Homestay có giờ nhận phòng từ 13:00 và giờ trả phòng trước 11:00.', 'Chi phí nghỉ tại Lantana Homestay là bao nhiêu?': 'Giá tại Lantana Homestay có thể khác nhau tùy vào kỳ nghỉ của bạn (ví dụ: ngày bạn chọn, chính sách khách sạn,v.v.). Vui lòng xem giá bằng cách nhập ngày của bạn.', 'Tôi có thể làm gì ở Lantana Homestay?': 'Lantana Homestay có những hoạt động/dịch vụ sau (có thể áp dụng phí):'}"
https://www.booking.com/hotel/vn/mongo-garden.vi.html,"{'Chi phí nghỉ tại Mongo Garden Đà Lạt là bao nhiêu?': 'Giá tại Mongo Garden Đà Lạt có thể khác nhau tùy vào kỳ nghỉ của bạn (ví dụ: ngày bạn chọn, chính sách khách sạn,v.v.). Vui lòng xem giá bằng cách nhập ngày của bạn.', 'Mongo Garden Đà Lạt cách trung tâm Đà Lạt bao xa?': 'Mongo Garden Đà Lạt cách trung tâm Đà Lạt 10 km.\nTất cả khoảng cách được đo theo đường thẳng. Khoảng cách di chuyển thực sự có thể khác.', 'Tôi có thể làm gì ở Mongo Garden Đà Lạt?': 'Mongo Garden Đà Lạt có những hoạt động/dịch vụ sau (có thể áp dụng phí): Hồ bơi', 'Mongo Garden Đà Lạt có giờ nhận và trả phòng như thế nào?': 'Mongo Garden Đà Lạt có giờ nhận phòng từ 14:00 và giờ trả phòng trước 12:00.', 'Mongo Garden Đà Lạt có ban công không?': 'Có, nhiều lựa chọn tại chỗ nghỉ này có ban công. Bạn có thể tìm hiểu thêm về điều này và các tiện nghi khác tại Mongo Garden Đà Lạt trên trang này.', 'Mongo Garden Đà Lạt có phổ biến với các gia đình không?': 'Có, Mongo Garden Đà Lạt khá phổ biến đối với khách đặt kỳ nghỉ gia đình.', 'Bao nhiêu khách có thể lưu trú tại Mongo Garden Đà Lạt?': 'Mongo Garden Đà Lạt có thể tiếp đón nhóm có số lượng như sau: 10 khách\n\nĐể biết thêm thông tin, vui lòng kiểm tra chi tiết (các) lựa chọn chỗ nghỉ ở trang này.', 'Mongo Garden Đà Lạt có bao nhiêu phòng ngủ?': 'Mongo Garden Đà Lạt có số lượng phòng ngủ như sau: 5 phòng ngủ\n\nĐể biết thêm thông tin, vui lòng kiểm tra chi tiết (các) lựa chọn chỗ nghỉ ở trang này.', 'Mongo Garden Đà Lạt có hồ bơi riêng cho khách lưu trú không?': 'Chỗ nghỉ có hồ bơi riêng. Bạn có thể tìm hiểu thêm về điều này và các tiện nghi khác tại Mongo Garden Đà Lạt trên trang này.', 'Mongo Garden Đà Lạt có sân hiên không?': 'Có, nhiều lựa chọn tại chỗ nghỉ này có sân hiên. Bạn có thể tìm hiểu thêm về điều này và các tiện nghi khác tại Mongo Garden Đà Lạt trên trang này.', 'Mongo Garden Đà Lạt có hồ bơi không?': 'Có, khách sạn này có hồ bơi. Tìm hiểu chi tiết về hồ bơi và các tiện nghi khác trong trang này.'}"
https://www.booking.com/hotel/vn/loc-nguyen.vi.html,"{'Tôi có thể làm gì ở Lộc Nguyên Hotel?': 'Lộc Nguyên Hotel có những hoạt động/dịch vụ sau (có thể áp dụng phí):', 'Lộc Nguyên Hotel có những loại phòng nào?': 'Lựa chọn phòng tại Lộc Nguyên Hotel bao gồm: Phòng giường đôi', 'Lộc Nguyên Hotel cách trung tâm Ấp Xuân An bao xa?': 'Lộc Nguyên Hotel cách trung tâm Ấp Xuân An 850 m.\nTất cả khoảng cách được đo theo đường thẳng. Khoảng cách di chuyển thực sự có thể khác.', 'Lộc Nguyên Hotel có giờ nhận và trả phòng như thế nào?': 'Lộc Nguyên Hotel có giờ nhận phòng từ 14:00 và giờ trả phòng trước 13:00.', 'Chi phí nghỉ tại Lộc Nguyên Hotel là bao nhiêu?': 'Giá tại Lộc Nguyên Hotel có thể khác nhau tùy vào kỳ nghỉ của bạn (ví dụ: ngày bạn chọn, chính sách khách sạn,v.v.). Vui lòng xem giá bằng cách nhập ngày của bạn.'}"
https://www.booking.com/hotel/vn/csltdl-dia-du-thanh-pho-da-lat.vi.html,"{'CSLTDL Địa Du có những loại phòng nào?': 'Lựa chọn phòng tại C, S, L, T, D, L Địa Du bao gồm: Phòng giường đôi, Phòng 4 người', 'Chi phí nghỉ tại CSLTDL Địa Du là bao nhiêu?': 'Giá tại C, S, L, T, D, L Địa Du có thể khác nhau tùy vào kỳ nghỉ của bạn (ví dụ: ngày bạn chọn, chính sách khách sạn,v.v.). Vui lòng xem giá bằng cách nhập ngày của bạn.', 'CSLTDL Địa Du cách trung tâm Ấp Xuân An bao xa?': 'C, S, L, T, D, L Địa Du cách trung tâm Ấp Xuân An 1,4 km.\nTất cả khoảng cách được đo theo đường thẳng. Khoảng cách di chuyển thực sự có thể khác.', 'CSLTDL Địa Du có giờ nhận và trả phòng như thế nào?': 'C, S, L, T, D, L Địa Du có giờ nhận phòng từ 13:30 và giờ trả phòng trước 12:00.', 'Tôi có thể làm gì ở CSLTDL Địa Du?': 'C, S, L, T, D, L Địa Du có những hoạt động/dịch vụ sau (có thể áp dụng phí):'}"
https://www.booking.com/hotel/vn/lucia-thanh-pho-da-lat.vi.html,"{'Lucia có giờ nhận và trả phòng như thế nào?': 'Lucia có giờ nhận phòng từ 14:00 và giờ trả phòng trước 00:00.', 'Chi phí nghỉ tại Lucia là bao nhiêu?': 'Giá tại Lucia có thể khác nhau tùy vào kỳ nghỉ của bạn (ví dụ: ngày bạn chọn, chính sách khách sạn,v.v.). Vui lòng xem giá bằng cách nhập ngày của bạn.', 'Lucia cách trung tâm Ấp Kim Thạch bao xa?': 'Lucia cách trung tâm Ấp Kim Thạch 2,5 km.\nTất cả khoảng cách được đo theo đường thẳng. Khoảng cách di chuyển thực sự có thể khác.', 'Lucia có bao nhiêu phòng ngủ?': 'Lucia có số lượng phòng ngủ như sau: 1 phòng ngủ\n\nĐể biết thêm thông tin, vui lòng kiểm tra chi tiết (các) lựa chọn chỗ nghỉ ở trang này.', 'Bao nhiêu khách có thể lưu trú tại Lucia?': 'Lucia có thể tiếp đón nhóm có số lượng như sau: 2 khách\n\nĐể biết thêm thông tin, vui lòng kiểm tra chi tiết (các) lựa chọn chỗ nghỉ ở trang này.', 'Tôi có thể làm gì ở Lucia?': 'Lucia có những hoạt động/dịch vụ sau (có thể áp dụng phí):', 'Lucia có sân hiên không?': 'Có, nhiều lựa chọn tại chỗ nghỉ này có sân hiên. Bạn có thể tìm hiểu thêm về điều này và các tiện nghi khác tại Lucia trên trang này.'}"
https://www.booking.com/hotel/vn/the-heaven-homestay.vi.html,"{'Tôi có thể làm gì ở The Heaven Homestay Bảo Lộc?': 'The Heaven Homestay Bảo Lộc có những hoạt động/dịch vụ sau (có thể áp dụng phí): Trung tâm Spa & chăm sóc sức khoẻXe đạp, Đi bộ đường dài, Tour đi bộ', 'The Heaven Homestay Bảo Lộc cách trung tâm Ấp Thánh Hương bao xa?': 'The Heaven Homestay Bảo Lộc cách trung tâm Ấp Thánh Hương 8 km.\nTất cả khoảng cách được đo theo đường thẳng. Khoảng cách di chuyển thực sự có thể khác.', 'The Heaven Homestay Bảo Lộc có những loại phòng nào?': 'Lựa chọn phòng tại The Heaven Homestay Bảo Lộc bao gồm: Phòng 4 người, Phòng giường đôi, Phòng gia đình', 'The Heaven Homestay Bảo Lộc có giờ nhận và trả phòng như thế nào?': 'The Heaven Homestay Bảo Lộc có giờ nhận phòng từ 14:00 và giờ trả phòng trước 12:00.', 'Chi phí nghỉ tại The Heaven Homestay Bảo Lộc là bao nhiêu?': 'Giá tại The Heaven Homestay Bảo Lộc có thể khác nhau tùy vào kỳ nghỉ của bạn (ví dụ: ngày bạn chọn, chính sách khách sạn,v.v.). Vui lòng xem giá bằng cách nhập ngày của bạn.', 'The Heaven Homestay Bảo Lộc có nhà hàng trong khuôn viên không?': 'The Heaven Homestay Bảo Lộc có 1 nhà hàng: T, H, E H, E, A, V, E, N'}"
https://www.booking.com/hotel/vn/orimi-cafe-amp-homies-da-lat.vi.html,"{'Orimi Cafe & Homies Dalat có giờ nhận và trả phòng như thế nào?': 'Orimi Cafe & Homies Dalat có giờ nhận phòng từ 14:00 và giờ trả phòng trước 12:00.', 'Chi phí nghỉ tại Orimi Cafe & Homies Dalat là bao nhiêu?': 'Giá tại Orimi Cafe & Homies Dalat có thể khác nhau tùy vào kỳ nghỉ của bạn (ví dụ: ngày bạn chọn, chính sách khách sạn,v.v.). Vui lòng xem giá bằng cách nhập ngày của bạn.', 'Tôi có thể làm gì ở Orimi Cafe & Homies Dalat?': 'Orimi Cafe & Homies Dalat có những hoạt động/dịch vụ sau (có thể áp dụng phí):', 'Orimi Cafe & Homies Dalat cách trung tâm Ấp Xuân An bao xa?': 'Orimi Cafe & Homies Dalat cách trung tâm Ấp Xuân An 1,4 km.\nTất cả khoảng cách được đo theo đường thẳng. Khoảng cách di chuyển thực sự có thể khác.'}"
https://www.booking.com/hotel/vn/ba-homestay-bao-loc-thanh-pho-bao-loc1.vi.html,"{'Chi phí nghỉ tại B.A Homestay Bảo Lộc là bao nhiêu?': 'Giá tại B.A Homestay Bảo Lộc có thể khác nhau tùy vào kỳ nghỉ của bạn (ví dụ: ngày bạn chọn, chính sách khách sạn,v.v.). Vui lòng xem giá bằng cách nhập ngày của bạn.', 'B.A Homestay Bảo Lộc có giờ nhận và trả phòng như thế nào?': 'B.A Homestay Bảo Lộc có giờ nhận phòng từ 13:00 và giờ trả phòng trước 11:00.', ""B.A Homestay Bảo Lộc cách trung tâm B'su M'rac bao xa?"": ""B.A Homestay Bảo Lộc cách trung tâm B'su M'rac 2 km.\nTất cả khoảng cách được đo theo đường thẳng. Khoảng cách di chuyển thực sự có thể khác."", 'Tôi có thể làm gì ở B.A Homestay Bảo Lộc?': 'B.A Homestay Bảo Lộc có những hoạt động/dịch vụ sau (có thể áp dụng phí): Karaoke, Phòng tắm chung'}"
https://www.booking.com/hotel/vn/duong-sat.vi.html,"{'Tôi có thể làm gì ở Duong Sat Hotel?': 'Duong Sat Hotel có những hoạt động/dịch vụ sau (có thể áp dụng phí):', 'Chi phí nghỉ tại Duong Sat Hotel là bao nhiêu?': 'Giá tại Duong Sat Hotel có thể khác nhau tùy vào kỳ nghỉ của bạn (ví dụ: ngày bạn chọn, chính sách khách sạn,v.v.). Vui lòng xem giá bằng cách nhập ngày của bạn.', 'Duong Sat Hotel cách trung tâm Khu Chi Lăng bao xa?': 'Duong Sat Hotel cách trung tâm Khu Chi Lăng 1,4 km.\nTất cả khoảng cách được đo theo đường thẳng. Khoảng cách di chuyển thực sự có thể khác.', 'Duong Sat Hotel có những loại phòng nào?': 'Lựa chọn phòng tại Duong Sat Hotel bao gồm: Phòng giường đôi, Phòng 3 người, Phòng 4 người, Phòng 2 giường đơn Phòng gia đình', 'Duong Sat Hotel có giờ nhận và trả phòng như thế nào?': 'Duong Sat Hotel có giờ nhận phòng từ 14:00 và giờ trả phòng trước 12:00.'}"
https://www.booking.com/hotel/vn/my-house-da-lat-thanh-pho-da-lat1.vi.html,"{'My House Đà Lạt có giờ nhận và trả phòng như thế nào?': 'My House Đà Lạt có giờ nhận phòng từ 14:00 và giờ trả phòng trước 12:00.', 'Chi phí nghỉ tại My House Đà Lạt là bao nhiêu?': 'Giá tại My House Đà Lạt có thể khác nhau tùy vào kỳ nghỉ của bạn (ví dụ: ngày bạn chọn, chính sách khách sạn,v.v.). Vui lòng xem giá bằng cách nhập ngày của bạn.', 'Tôi có thể làm gì ở My House Đà Lạt?': 'My House Đà Lạt có những hoạt động/dịch vụ sau (có thể áp dụng phí):', 'My House Đà Lạt cách trung tâm Đà Lạt bao xa?': 'My House Đà Lạt cách trung tâm Đà Lạt 750 m.\nTất cả khoảng cách được đo theo đường thẳng. Khoảng cách di chuyển thực sự có thể khác.'}"
https://www.booking.com/hotel/vn/metro-homestay.vi.html,"{'METRO HOMESTAY có những loại phòng nào?': 'Lựa chọn phòng tại M, E, T, R, O H, O, M, E, S, T, A, Y bao gồm: Phòng gia đình, Phòng giường đôi', 'Chi phí nghỉ tại METRO HOMESTAY là bao nhiêu?': 'Giá tại M, E, T, R, O H, O, M, E, S, T, A, Y có thể khác nhau tùy vào kỳ nghỉ của bạn (ví dụ: ngày bạn chọn, chính sách khách sạn,v.v.). Vui lòng xem giá bằng cách nhập ngày của bạn.', 'METRO HOMESTAY cách trung tâm Bảo Lộc bao xa?': 'M, E, T, R, O H, O, M, E, S, T, A, Y cách trung tâm Bảo Lộc 7 km.\nTất cả khoảng cách được đo theo đường thẳng. Khoảng cách di chuyển thực sự có thể khác.', 'Tôi có thể làm gì ở METRO HOMESTAY?': 'M, E, T, R, O H, O, M, E, S, T, A, Y có những hoạt động/dịch vụ sau (có thể áp dụng phí): Đi bộ đường dài, Giờ vàng, Bữa tối theo chủ đề', 'METRO HOMESTAY có phổ biến với các gia đình không?': 'Có, M, E, T, R, O H, O, M, E, S, T, A, Y khá phổ biến đối với khách đặt kỳ nghỉ gia đình.', 'METRO HOMESTAY có nhà hàng trong khuôn viên không?': 'M, E, T, R, O H, O, M, E, S, T, A, Y có 1 nhà hàng: Bar Cooffee', 'METRO HOMESTAY có giờ nhận và trả phòng như thế nào?': 'M, E, T, R, O H, O, M, E, S, T, A, Y có giờ nhận phòng từ 14:00 và giờ trả phòng trước 12:00.'}"
https://www.booking.com/hotel/vn/lacami-dalat.vi.html,"{'Lacami Dalat Hotel có những loại phòng nào?': 'Lựa chọn phòng tại Lacami Dalat Hotel bao gồm: Phòng 4 người, Phòng giường đôi', 'Lacami Dalat Hotel có giờ nhận và trả phòng như thế nào?': 'Lacami Dalat Hotel có giờ nhận phòng từ 14:00 và giờ trả phòng trước 12:00.', 'Tôi có thể làm gì ở Lacami Dalat Hotel?': 'Lacami Dalat Hotel có những hoạt động/dịch vụ sau (có thể áp dụng phí): Tour/lớp về văn hóa địa phương', 'Chi phí nghỉ tại Lacami Dalat Hotel là bao nhiêu?': 'Giá tại Lacami Dalat Hotel có thể khác nhau tùy vào kỳ nghỉ của bạn (ví dụ: ngày bạn chọn, chính sách khách sạn,v.v.). Vui lòng xem giá bằng cách nhập ngày của bạn.', 'Lacami Dalat Hotel cách trung tâm Đà Lạt bao xa?': 'Lacami Dalat Hotel cách trung tâm Đà Lạt 2,1 km.\nTất cả khoảng cách được đo theo đường thẳng. Khoảng cách di chuyển thực sự có thể khác.'}"
https://www.booking.com/hotel/vn/mons-house-thanh-pho-da-lat.vi.html,"{""Tôi có thể làm gì ở Mon's House?"": ""Mon's House có những hoạt động/dịch vụ sau (có thể áp dụng phí):"", ""Mon's House có giờ nhận và trả phòng như thế nào?"": ""Mon's House có giờ nhận phòng từ 12:00 và giờ trả phòng trước 12:00."", ""Mon's House cách trung tâm Đà Lạt bao xa?"": ""Mon's House cách trung tâm Đà Lạt 1,6 km.\nTất cả khoảng cách được đo theo đường thẳng. Khoảng cách di chuyển thực sự có thể khác."", ""Mon's House có những loại phòng nào?"": ""Lựa chọn phòng tại Mon's House bao gồm: Phòng giường đôi"", ""Chi phí nghỉ tại Mon's House là bao nhiêu?"": ""Giá tại Mon's House có thể khác nhau tùy vào kỳ nghỉ của bạn (ví dụ: ngày bạn chọn, chính sách khách sạn,v.v.). Vui lòng xem giá bằng cách nhập ngày của bạn.""}"
https://www.booking.com/hotel/vn/dalaha-retreat.vi.html,"{'Chi phí nghỉ tại Dalaha Retreat là bao nhiêu?': 'Giá tại Dalaha Retreat có thể khác nhau tùy vào kỳ nghỉ của bạn (ví dụ: ngày bạn chọn, chính sách khách sạn,v.v.). Vui lòng xem giá bằng cách nhập ngày của bạn.', 'Dalaha Retreat có những loại phòng nào?': 'Lựa chọn phòng tại Dalaha Retreat bao gồm: Phòng giường đôi', 'Dalaha Retreat có bể sục cho khách không?': 'Chỗ nghỉ có bể sục. Bạn có thể tìm hiểu thêm về điều này và các tiện nghi khác tại Dalaha Retreat trên trang này.', 'Dalaha Retreat cách trung tâm Ấp Ða Thiên bao xa?': 'Dalaha Retreat cách trung tâm Ấp Ða Thiên 950 m.\nTất cả khoảng cách được đo theo đường thẳng. Khoảng cách di chuyển thực sự có thể khác.', 'Dalaha Retreat có giờ nhận và trả phòng như thế nào?': 'Dalaha Retreat có giờ nhận phòng từ 14:00 và giờ trả phòng trước 12:00.', 'Tôi có thể làm gì ở Dalaha Retreat?': 'Dalaha Retreat có những hoạt động/dịch vụ sau (có thể áp dụng phí): Bồn tắm nóng/bể sục (Jacuzzi)Phòng xông hơi, Câu cáBingo, Tour đi bộ, Phòng tắm chung'}"
https://www.booking.com/hotel/vn/olagi.vi.html,"{'OLAGI HOTEL có những loại phòng nào?': 'Lựa chọn phòng tại O, L, A, G, I H, O, T, E, L bao gồm: Phòng giường đôi, Phòng 2 giường đơn Phòng 4 người, Suite', 'OLAGI HOTEL có nhà hàng trong khuôn viên không?': 'O, L, A, G, I H, O, T, E, L có 1 nhà hàng: Nhà hàng #1', 'Tôi có thể làm gì ở OLAGI HOTEL?': 'O, L, A, G, I H, O, T, E, L có những hoạt động/dịch vụ sau (có thể áp dụng phí): Bữa tối theo chủ đề', 'OLAGI HOTEL có giờ nhận và trả phòng như thế nào?': 'O, L, A, G, I H, O, T, E, L có giờ nhận phòng từ 14:00 và giờ trả phòng trước 12:00.', 'OLAGI HOTEL cách trung tâm Khu Chi Lăng bao xa?': 'O, L, A, G, I H, O, T, E, L cách trung tâm Khu Chi Lăng 1,2 km.\nTất cả khoảng cách được đo theo đường thẳng. Khoảng cách di chuyển thực sự có thể khác.', 'Chi phí nghỉ tại OLAGI HOTEL là bao nhiêu?': 'Giá tại O, L, A, G, I H, O, T, E, L có thể khác nhau tùy vào kỳ nghỉ của bạn (ví dụ: ngày bạn chọn, chính sách khách sạn,v.v.). Vui lòng xem giá bằng cách nhập ngày của bạn.'}"
https://www.booking.com/hotel/vn/kim-ngan-da-lat.vi.html,"{'Tôi có thể làm gì ở Kim Ngan Hotel Da Lat?': 'Kim Ngan Hotel Da Lat có những hoạt động/dịch vụ sau (có thể áp dụng phí): Tour đi bộ, Tour đi xe đạp', 'Kim Ngan Hotel Da Lat có giờ nhận và trả phòng như thế nào?': 'Kim Ngan Hotel Da Lat có giờ nhận phòng từ 14:00 và giờ trả phòng trước 12:00.', 'Kim Ngan Hotel Da Lat có những loại phòng nào?': 'Lựa chọn phòng tại Kim Ngan Hotel Da Lat bao gồm: Phòng giường đôi, Phòng gia đình', 'Kim Ngan Hotel Da Lat có phổ biến với các gia đình không?': 'Có, Kim Ngan Hotel Da Lat khá phổ biến đối với khách đặt kỳ nghỉ gia đình.', 'Kim Ngan Hotel Da Lat cách trung tâm Đà Lạt bao xa?': 'Kim Ngan Hotel Da Lat cách trung tâm Đà Lạt 1,6 km.\nTất cả khoảng cách được đo theo đường thẳng. Khoảng cách di chuyển thực sự có thể khác.', 'Chi phí nghỉ tại Kim Ngan Hotel Da Lat là bao nhiêu?': 'Giá tại Kim Ngan Hotel Da Lat có thể khác nhau tùy vào kỳ nghỉ của bạn (ví dụ: ngày bạn chọn, chính sách khách sạn,v.v.). Vui lòng xem giá bằng cách nhập ngày của bạn.'}"
https://www.booking.com/hotel/vn/oppa-dalat.vi.html,"{'Oppa Hotel Dalat cách trung tâm Ấp Xuân An bao xa?': 'Oppa Hotel Dalat cách trung tâm Ấp Xuân An 850 m.\nTất cả khoảng cách được đo theo đường thẳng. Khoảng cách di chuyển thực sự có thể khác.', 'Chi phí nghỉ tại Oppa Hotel Dalat là bao nhiêu?': 'Giá tại Oppa Hotel Dalat có thể khác nhau tùy vào kỳ nghỉ của bạn (ví dụ: ngày bạn chọn, chính sách khách sạn,v.v.). Vui lòng xem giá bằng cách nhập ngày của bạn.', 'Oppa Hotel Dalat có giờ nhận và trả phòng như thế nào?': 'Oppa Hotel Dalat có giờ nhận phòng từ 14:00 và giờ trả phòng trước 12:00.', 'Oppa Hotel Dalat có những loại phòng nào?': 'Lựa chọn phòng tại Oppa Hotel Dalat bao gồm: Phòng giường đôi', 'Tôi có thể làm gì ở Oppa Hotel Dalat?': 'Oppa Hotel Dalat có những hoạt động/dịch vụ sau (có thể áp dụng phí): Tour đi bộ, Bữa tối theo chủ đề, Tour đi xe đạp, Cho thuê xe đạp', 'Oppa Hotel Dalat có nhà hàng trong khuôn viên không?': 'Oppa Hotel Dalat có 1 nhà hàng: Nhà hàng #1'}"
https://www.booking.com/hotel/vn/khach-san-trong-thiem-1.vi.html,"{'Khách sạn Trọng Thiêm 1 cách trung tâm Ấp Thiện Lập bao xa?': 'Khách sạn Trọng Thiêm 1 cách trung tâm Ấp Thiện Lập 1 km.\nTất cả khoảng cách được đo theo đường thẳng. Khoảng cách di chuyển thực sự có thể khác.', 'Khách sạn Trọng Thiêm 1 có giờ nhận và trả phòng như thế nào?': 'Khách sạn Trọng Thiêm 1 có giờ nhận phòng từ 12:00 và giờ trả phòng trước 13:00.', 'Khách sạn Trọng Thiêm 1 có những loại phòng nào?': 'Lựa chọn phòng tại Khách sạn Trọng Thiêm 1 bao gồm: Phòng giường đôi, Phòng 4 người, Phòng gia đình', 'Chi phí nghỉ tại Khách sạn Trọng Thiêm 1 là bao nhiêu?': 'Giá tại Khách sạn Trọng Thiêm 1 có thể khác nhau tùy vào kỳ nghỉ của bạn (ví dụ: ngày bạn chọn, chính sách khách sạn,v.v.). Vui lòng xem giá bằng cách nhập ngày của bạn.', 'Tôi có thể làm gì ở Khách sạn Trọng Thiêm 1?': 'Khách sạn Trọng Thiêm 1 có những hoạt động/dịch vụ sau (có thể áp dụng phí):'}"
https://www.booking.com/hotel/vn/dalat-central-stay-thanh-pho-da-lat.vi.html,"{'Dalat Central Stay có giờ nhận và trả phòng như thế nào?': 'Dalat Central Stay có giờ nhận phòng từ 14:00 và giờ trả phòng trước 12:00.', 'Chi phí nghỉ tại Dalat Central Stay là bao nhiêu?': 'Giá tại Dalat Central Stay có thể khác nhau tùy vào kỳ nghỉ của bạn (ví dụ: ngày bạn chọn, chính sách khách sạn,v.v.). Vui lòng xem giá bằng cách nhập ngày của bạn.', 'Dalat Central Stay cách trung tâm Đà Lạt bao xa?': 'Dalat Central Stay cách trung tâm Đà Lạt 500 m.\nTất cả khoảng cách được đo theo đường thẳng. Khoảng cách di chuyển thực sự có thể khác.', 'Tôi có thể làm gì ở Dalat Central Stay?': 'Dalat Central Stay có những hoạt động/dịch vụ sau (có thể áp dụng phí):'}"
https://www.booking.com/hotel/vn/jolie-maison-da-lat-da-lat.vi.html,"{'Jolie Maison Đà Lạt có những loại phòng nào?': 'Lựa chọn phòng tại Jolie Maison Đà Lạt bao gồm: Phòng giường đôi, Phòng gia đình', 'Jolie Maison Đà Lạt có giờ nhận và trả phòng như thế nào?': 'Jolie Maison Đà Lạt có giờ nhận phòng từ 12:00 và giờ trả phòng trước 11:00.', 'Jolie Maison Đà Lạt cách trung tâm Đà Lạt bao xa?': 'Jolie Maison Đà Lạt cách trung tâm Đà Lạt 1,6 km.\nTất cả khoảng cách được đo theo đường thẳng. Khoảng cách di chuyển thực sự có thể khác.', 'Chi phí nghỉ tại Jolie Maison Đà Lạt là bao nhiêu?': 'Giá tại Jolie Maison Đà Lạt có thể khác nhau tùy vào kỳ nghỉ của bạn (ví dụ: ngày bạn chọn, chính sách khách sạn,v.v.). Vui lòng xem giá bằng cách nhập ngày của bạn.', 'Tôi có thể làm gì ở Jolie Maison Đà Lạt?': 'Jolie Maison Đà Lạt có những hoạt động/dịch vụ sau (có thể áp dụng phí): Đi bộ đường dài, Sân gôn (trong vòng 3km)Dịch vụ ngâm chân'}"
https://www.booking.com/hotel/vn/po-sori-house-homestay-dalat.vi.html,"{'Tôi có thể làm gì ở Sori House Homestay?': 'Sori House Homestay có những hoạt động/dịch vụ sau (có thể áp dụng phí): Đi bộ đường dài', 'Chi phí nghỉ tại Sori House Homestay là bao nhiêu?': 'Giá tại Sori House Homestay có thể khác nhau tùy vào kỳ nghỉ của bạn (ví dụ: ngày bạn chọn, chính sách khách sạn,v.v.). Vui lòng xem giá bằng cách nhập ngày của bạn.', 'Sori House Homestay cách trung tâm Đà Lạt bao xa?': 'Sori House Homestay cách trung tâm Đà Lạt 1,8 km.\nTất cả khoảng cách được đo theo đường thẳng. Khoảng cách di chuyển thực sự có thể khác.'}"
https://www.booking.com/hotel/vn/da-chais-wood-cabin.vi.html,"{'Da Chais Wood Cabins & Coffee Tours có bao nhiêu phòng ngủ?': 'Da Chais Wood Cabins & Coffee Tours có số lượng phòng ngủ như sau: 1 phòng ngủ\n\nĐể biết thêm thông tin, vui lòng kiểm tra chi tiết (các) lựa chọn chỗ nghỉ ở trang này.', 'Da Chais Wood Cabins & Coffee Tours có giờ nhận và trả phòng như thế nào?': 'Da Chais Wood Cabins & Coffee Tours có giờ nhận phòng từ 14:00 và giờ trả phòng trước 12:00.', 'Da Chais Wood Cabins & Coffee Tours có sân hiên không?': 'Có, nhiều lựa chọn tại chỗ nghỉ này có sân hiên. Bạn có thể tìm hiểu thêm về điều này và các tiện nghi khác tại Da Chais Wood Cabins & Coffee Tours trên trang này.', 'Tôi có thể làm gì ở Da Chais Wood Cabins & Coffee Tours?': 'Da Chais Wood Cabins & Coffee Tours có những hoạt động/dịch vụ sau (có thể áp dụng phí): Đi bộ đường dài, Tour đi bộ, Tour/lớp về văn hóa địa phương, Biểu diễn/nhạc sống', 'Da Chais Wood Cabins & Coffee Tours cách trung tâm Da Ðeum (2) bao xa?': 'Da Chais Wood Cabins & Coffee Tours cách trung tâm Da Ðeum (2) 16 km.\nTất cả khoảng cách được đo theo đường thẳng. Khoảng cách di chuyển thực sự có thể khác.', 'Bao nhiêu khách có thể lưu trú tại Da Chais Wood Cabins & Coffee Tours?': 'Bạn có thể chọn từ nhiều lựa chọn chỗ nghỉ tại Da Chais Wood Cabins & Coffee Tours (tùy vào tình trạng có sẵn). Những chỗ này có thể tiếp đón: 2 khách4 khách\n\nĐể biết thêm thông tin, vui lòng kiểm tra chi tiết (các) lựa chọn chỗ nghỉ ở trang này.', 'Chi phí nghỉ tại Da Chais Wood Cabins & Coffee Tours là bao nhiêu?': 'Giá tại Da Chais Wood Cabins & Coffee Tours có thể khác nhau tùy vào kỳ nghỉ của bạn (ví dụ: ngày bạn chọn, chính sách khách sạn,v.v.). Vui lòng xem giá bằng cách nhập ngày của bạn.', 'Da Chais Wood Cabins & Coffee Tours có ban công không?': 'Có, nhiều lựa chọn tại chỗ nghỉ này có ban công. Bạn có thể tìm hiểu thêm về điều này và các tiện nghi khác tại Da Chais Wood Cabins & Coffee Tours trên trang này.', 'Da Chais Wood Cabins & Coffee Tours có nhà hàng trong khuôn viên không?': 'Da Chais Wood Cabins & Coffee Tours có 1 nhà hàng: Restaurant #1'}"
https://www.booking.com/hotel/vn/po-roha-hotel.vi.html,"{'Tôi có thể làm gì ở Roha Hotel?': 'Roha Hotel có những hoạt động/dịch vụ sau (có thể áp dụng phí): Tour/lớp về văn hóa địa phương', 'Chi phí nghỉ tại Roha Hotel là bao nhiêu?': 'Giá tại Roha Hotel có thể khác nhau tùy vào kỳ nghỉ của bạn (ví dụ: ngày bạn chọn, chính sách khách sạn,v.v.). Vui lòng xem giá bằng cách nhập ngày của bạn.', 'Roha Hotel có giờ nhận và trả phòng như thế nào?': 'Roha Hotel có giờ nhận phòng từ 12:00 và giờ trả phòng trước 12:00.', 'Roha Hotel cách trung tâm Đà Lạt bao xa?': 'Roha Hotel cách trung tâm Đà Lạt 1,6 km.\nTất cả khoảng cách được đo theo đường thẳng. Khoảng cách di chuyển thực sự có thể khác.'}"
https://www.booking.com/hotel/vn/hans-soc-homestay.vi.html,"{'Hans Sóc Homestay cách trung tâm Đà Lạt bao xa?': 'Hans Sóc Homestay cách trung tâm Đà Lạt 350 m.\nTất cả khoảng cách được đo theo đường thẳng. Khoảng cách di chuyển thực sự có thể khác.', 'Chi phí nghỉ tại Hans Sóc Homestay là bao nhiêu?': 'Giá tại Hans Sóc Homestay có thể khác nhau tùy vào kỳ nghỉ của bạn (ví dụ: ngày bạn chọn, chính sách khách sạn,v.v.). Vui lòng xem giá bằng cách nhập ngày của bạn.', 'Tôi có thể làm gì ở Hans Sóc Homestay?': 'Hans Sóc Homestay có những hoạt động/dịch vụ sau (có thể áp dụng phí): Cho thuê xe đạp', 'Hans Sóc Homestay có những loại phòng nào?': 'Lựa chọn phòng tại Hans Sóc Homestay bao gồm: Phòng giường đôi', 'Hans Sóc Homestay có giờ nhận và trả phòng như thế nào?': 'Hans Sóc Homestay có giờ nhận phòng từ 14:00 và giờ trả phòng trước 00:00.'}"
https://www.booking.com/hotel/vn/po-nhat-vy-hotel-khu-chi-l-ng.vi.html,"{'Nhat Vy Hotel cách trung tâm Đà Lạt bao xa?': 'Nhat Vy Hotel cách trung tâm Đà Lạt 2,9 km.\nTất cả khoảng cách được đo theo đường thẳng. Khoảng cách di chuyển thực sự có thể khác.', 'Tôi có thể làm gì ở Nhat Vy Hotel?': 'Nhat Vy Hotel có những hoạt động/dịch vụ sau (có thể áp dụng phí): Đi bộ đường dài, Tour/lớp về văn hóa địa phương', 'Nhat Vy Hotel có giờ nhận và trả phòng như thế nào?': 'Nhat Vy Hotel có giờ nhận phòng từ 14:00 và giờ trả phòng trước 12:00.', 'Chi phí nghỉ tại Nhat Vy Hotel là bao nhiêu?': 'Giá tại Nhat Vy Hotel có thể khác nhau tùy vào kỳ nghỉ của bạn (ví dụ: ngày bạn chọn, chính sách khách sạn,v.v.). Vui lòng xem giá bằng cách nhập ngày của bạn.', 'Nhat Vy Hotel có nhà hàng trong khuôn viên không?': 'Nhat Vy Hotel có 1 nhà hàng: Nhà hàng'}"
https://www.booking.com/hotel/vn/panorama-apartment-dalat.vi.html,"{'Panorama Apartment cách trung tâm Đà Lạt bao xa?': 'Panorama Apartment cách trung tâm Đà Lạt 2,3 km.\nTất cả khoảng cách được đo theo đường thẳng. Khoảng cách di chuyển thực sự có thể khác.', 'Tôi có thể làm gì ở Panorama Apartment?': 'Panorama Apartment có những hoạt động/dịch vụ sau (có thể áp dụng phí):', 'Bao nhiêu khách có thể lưu trú tại Panorama Apartment?': 'Panorama Apartment có thể tiếp đón nhóm có số lượng như sau: 2 khách\n\nĐể biết thêm thông tin, vui lòng kiểm tra chi tiết (các) lựa chọn chỗ nghỉ ở trang này.', 'Panorama Apartment có giờ nhận và trả phòng như thế nào?': 'Panorama Apartment có giờ nhận phòng từ 14:00 và giờ trả phòng trước 12:30.', 'Panorama Apartment có ban công không?': 'Có, nhiều lựa chọn tại chỗ nghỉ này có ban công. Bạn có thể tìm hiểu thêm về điều này và các tiện nghi khác tại Panorama Apartment trên trang này.', 'Panorama Apartment có bao nhiêu phòng ngủ?': 'Panorama Apartment có số lượng phòng ngủ như sau: 1 phòng ngủ\n\nĐể biết thêm thông tin, vui lòng kiểm tra chi tiết (các) lựa chọn chỗ nghỉ ở trang này.', 'Chi phí nghỉ tại Panorama Apartment là bao nhiêu?': 'Giá tại Panorama Apartment có thể khác nhau tùy vào kỳ nghỉ của bạn (ví dụ: ngày bạn chọn, chính sách khách sạn,v.v.). Vui lòng xem giá bằng cách nhập ngày của bạn.', 'Panorama Apartment có phổ biến với các gia đình không?': 'Có, Panorama Apartment khá phổ biến đối với khách đặt kỳ nghỉ gia đình.'}"
https://www.booking.com/hotel/vn/bliss-house-golfvalley-da-lat.vi.html,"{'Bliss House- Golfvalley Đà Lạt có phổ biến với các gia đình không?': 'Có, Bliss House- Golfvalley Đà Lạt khá phổ biến đối với khách đặt kỳ nghỉ gia đình.', 'Bliss House- Golfvalley Đà Lạt có ban công không?': 'Có, nhiều lựa chọn tại chỗ nghỉ này có ban công. Bạn có thể tìm hiểu thêm về điều này và các tiện nghi khác tại Bliss House- Golfvalley Đà Lạt trên trang này.', 'Bao nhiêu khách có thể lưu trú tại Bliss House- Golfvalley Đà Lạt?': 'Bliss House- Golfvalley Đà Lạt có thể tiếp đón nhóm có số lượng như sau: 12 khách\n\nĐể biết thêm thông tin, vui lòng kiểm tra chi tiết (các) lựa chọn chỗ nghỉ ở trang này.', 'Tôi có thể làm gì ở Bliss House- Golfvalley Đà Lạt?': 'Bliss House- Golfvalley Đà Lạt có những hoạt động/dịch vụ sau (có thể áp dụng phí): Bida', 'Bliss House- Golfvalley Đà Lạt cách trung tâm Đà Lạt bao xa?': 'Bliss House- Golfvalley Đà Lạt cách trung tâm Đà Lạt 750 m.\nTất cả khoảng cách được đo theo đường thẳng. Khoảng cách di chuyển thực sự có thể khác.', 'Chi phí nghỉ tại Bliss House- Golfvalley Đà Lạt là bao nhiêu?': 'Giá tại Bliss House- Golfvalley Đà Lạt có thể khác nhau tùy vào kỳ nghỉ của bạn (ví dụ: ngày bạn chọn, chính sách khách sạn,v.v.). Vui lòng xem giá bằng cách nhập ngày của bạn.', 'Bliss House- Golfvalley Đà Lạt có sân hiên không?': 'Có, nhiều lựa chọn tại chỗ nghỉ này có sân hiên. Bạn có thể tìm hiểu thêm về điều này và các tiện nghi khác tại Bliss House- Golfvalley Đà Lạt trên trang này.', 'Bliss House- Golfvalley Đà Lạt có bao nhiêu phòng ngủ?': 'Bliss House- Golfvalley Đà Lạt có số lượng phòng ngủ như sau: 4 phòng ngủ\n\nĐể biết thêm thông tin, vui lòng kiểm tra chi tiết (các) lựa chọn chỗ nghỉ ở trang này.'}"
https://www.booking.com/hotel/vn/happy-bunny-homestay.vi.html,"{'Chi phí nghỉ tại Happy Bunny homestay là bao nhiêu?': 'Giá tại Happy Bunny homestay có thể khác nhau tùy vào kỳ nghỉ của bạn (ví dụ: ngày bạn chọn, chính sách khách sạn,v.v.). Vui lòng xem giá bằng cách nhập ngày của bạn.', 'Happy Bunny homestay cách trung tâm Đà Lạt bao xa?': 'Happy Bunny homestay cách trung tâm Đà Lạt 3,1 km.\nTất cả khoảng cách được đo theo đường thẳng. Khoảng cách di chuyển thực sự có thể khác.', 'Happy Bunny homestay có những loại phòng nào?': 'Lựa chọn phòng tại Happy Bunny homestay bao gồm: Phòng gia đình', 'Happy Bunny homestay có giờ nhận và trả phòng như thế nào?': 'Happy Bunny homestay có giờ nhận phòng từ 09:00 và giờ trả phòng trước 12:00.', 'Tôi có thể làm gì ở Happy Bunny homestay?': 'Happy Bunny homestay có những hoạt động/dịch vụ sau (có thể áp dụng phí):'}"
https://www.booking.com/hotel/vn/mer-homestay-thanh-pho-da-lat.vi.html,"{'Mer Homestay cách trung tâm Ấp Kim Thạch bao xa?': 'Mer Homestay cách trung tâm Ấp Kim Thạch 800 m.\nTất cả khoảng cách được đo theo đường thẳng. Khoảng cách di chuyển thực sự có thể khác.', 'Chi phí nghỉ tại Mer Homestay là bao nhiêu?': 'Giá tại Mer Homestay có thể khác nhau tùy vào kỳ nghỉ của bạn (ví dụ: ngày bạn chọn, chính sách khách sạn,v.v.). Vui lòng xem giá bằng cách nhập ngày của bạn.', 'Tôi có thể làm gì ở Mer Homestay?': 'Mer Homestay có những hoạt động/dịch vụ sau (có thể áp dụng phí): Xe đạp, Đi bộ đường dài, Câu cáSân gôn (trong vòng 3km)Sự kiện thể thao (truyền hình trực tiếp)Cho thuê xe đạp', 'Mer Homestay có giờ nhận và trả phòng như thế nào?': 'Mer Homestay có giờ nhận phòng từ 12:00 và giờ trả phòng trước 13:00.'}"
https://www.booking.com/hotel/vn/calyssa-hotels-amp-village.vi.html,"{'CALYSSA HOTELS & VILLAGE cách trung tâm Khu Chi Lăng bao xa?': 'C, A, L, Y, S, S, A H, O, T, E, L, S & V, I, L, L, A, G, E cách trung tâm Khu Chi Lăng 1,4 km.\nTất cả khoảng cách được đo theo đường thẳng. Khoảng cách di chuyển thực sự có thể khác.', 'CALYSSA HOTELS & VILLAGE có giờ nhận và trả phòng như thế nào?': 'C, A, L, Y, S, S, A H, O, T, E, L, S & V, I, L, L, A, G, E có giờ nhận phòng từ 14:00 và giờ trả phòng trước 12:00.', 'Tôi có thể làm gì ở CALYSSA HOTELS & VILLAGE?': 'C, A, L, Y, S, S, A H, O, T, E, L, S & V, I, L, L, A, G, E có những hoạt động/dịch vụ sau (có thể áp dụng phí): Thiết bị dành cho tennis', 'CALYSSA HOTELS & VILLAGE có những loại phòng nào?': 'Lựa chọn phòng tại C, A, L, Y, S, S, A H, O, T, E, L, S & V, I, L, L, A, G, E bao gồm: Phòng gia đình, Phòng giường đôi, Phòng 2 giường đơn ', 'Chi phí nghỉ tại CALYSSA HOTELS & VILLAGE là bao nhiêu?': 'Giá tại C, A, L, Y, S, S, A H, O, T, E, L, S & V, I, L, L, A, G, E có thể khác nhau tùy vào kỳ nghỉ của bạn (ví dụ: ngày bạn chọn, chính sách khách sạn,v.v.). Vui lòng xem giá bằng cách nhập ngày của bạn.', 'CALYSSA HOTELS & VILLAGE có nhà hàng trong khuôn viên không?': 'C, A, L, Y, S, S, A H, O, T, E, L, S & V, I, L, L, A, G, E có 1 nhà hàng: Nhà hàng #1'}"
https://www.booking.com/hotel/vn/nho-house-iv.vi.html,"{'NHỚ House IV có ban công không?': 'Có, nhiều lựa chọn tại chỗ nghỉ này có ban công. Bạn có thể tìm hiểu thêm về điều này và các tiện nghi khác tại N, HỚ House I, V trên trang này.', 'NHỚ House IV có phổ biến với các gia đình không?': 'Có, N, HỚ House I, V khá phổ biến đối với khách đặt kỳ nghỉ gia đình.', 'NHỚ House IV có bao nhiêu phòng ngủ?': 'Bạn có thể chọn từ nhiều lựa chọn chỗ nghỉ tại N, HỚ House I, V (tùy vào tình trạng có sẵn). Những chỗ này có: 3 phòng ngủ5 phòng ngủ8 phòng ngủ\n\nĐể biết thêm thông tin, vui lòng kiểm tra chi tiết (các) lựa chọn chỗ nghỉ ở trang này.', 'Tôi có thể làm gì ở NHỚ House IV?': 'N, HỚ House I, V có những hoạt động/dịch vụ sau (có thể áp dụng phí):', 'NHỚ House IV cách trung tâm Đà Lạt bao xa?': 'N, HỚ House I, V cách trung tâm Đà Lạt 2,2 km.\nTất cả khoảng cách được đo theo đường thẳng. Khoảng cách di chuyển thực sự có thể khác.', 'NHỚ House IV có giờ nhận và trả phòng như thế nào?': 'N, HỚ House I, V có giờ nhận phòng từ 14:00 và giờ trả phòng trước 12:00.', 'Chi phí nghỉ tại NHỚ House IV là bao nhiêu?': 'Giá tại N, HỚ House I, V có thể khác nhau tùy vào kỳ nghỉ của bạn (ví dụ: ngày bạn chọn, chính sách khách sạn,v.v.). Vui lòng xem giá bằng cách nhập ngày của bạn.', 'Bao nhiêu khách có thể lưu trú tại NHỚ House IV?': 'Bạn có thể chọn từ nhiều lựa chọn chỗ nghỉ tại N, HỚ House I, V (tùy vào tình trạng có sẵn). Những chỗ này có thể tiếp đón: 14 khách20 khách22 khách30 khách\n\nĐể biết thêm thông tin, vui lòng kiểm tra chi tiết (các) lựa chọn chỗ nghỉ ở trang này.', 'NHỚ House IV có sân hiên không?': 'Có, nhiều lựa chọn tại chỗ nghỉ này có sân hiên. Bạn có thể tìm hiểu thêm về điều này và các tiện nghi khác tại N, HỚ House I, V trên trang này.'}"
https://www.booking.com/hotel/vn/the-brick-home-dalat.vi.html,"{'Chi phí nghỉ tại The Brick Home dalat là bao nhiêu?': 'Giá tại The Brick Home dalat có thể khác nhau tùy vào kỳ nghỉ của bạn (ví dụ: ngày bạn chọn, chính sách khách sạn,v.v.). Vui lòng xem giá bằng cách nhập ngày của bạn.', 'The Brick Home dalat có giờ nhận và trả phòng như thế nào?': 'The Brick Home dalat có giờ nhận phòng từ 14:00 và giờ trả phòng trước 12:00.', 'Tôi có thể làm gì ở The Brick Home dalat?': 'The Brick Home dalat có những hoạt động/dịch vụ sau (có thể áp dụng phí): Cho thuê xe đạp', 'The Brick Home dalat có những loại phòng nào?': 'Lựa chọn phòng tại The Brick Home dalat bao gồm: Phòng giường đôi, Phòng 4 người', 'The Brick Home dalat cách trung tâm Đà Lạt bao xa?': 'The Brick Home dalat cách trung tâm Đà Lạt 1,2 km.\nTất cả khoảng cách được đo theo đường thẳng. Khoảng cách di chuyển thực sự có thể khác.'}"
https://www.booking.com/hotel/vn/kim-long-da-lat-lam-dong.vi.html,"{'Kim Long Hotel Đà Lạt có những loại phòng nào?': 'Lựa chọn phòng tại Kim Long Hotel Đà Lạt bao gồm: Phòng giường đôi, Phòng 4 người, Phòng gia đình', 'Tôi có thể làm gì ở Kim Long Hotel Đà Lạt?': 'Kim Long Hotel Đà Lạt có những hoạt động/dịch vụ sau (có thể áp dụng phí):', 'Kim Long Hotel Đà Lạt cách trung tâm Đà Lạt bao xa?': 'Kim Long Hotel Đà Lạt cách trung tâm Đà Lạt 1,9 km.\nTất cả khoảng cách được đo theo đường thẳng. Khoảng cách di chuyển thực sự có thể khác.', 'Chi phí nghỉ tại Kim Long Hotel Đà Lạt là bao nhiêu?': 'Giá tại Kim Long Hotel Đà Lạt có thể khác nhau tùy vào kỳ nghỉ của bạn (ví dụ: ngày bạn chọn, chính sách khách sạn,v.v.). Vui lòng xem giá bằng cách nhập ngày của bạn.', 'Kim Long Hotel Đà Lạt có giờ nhận và trả phòng như thế nào?': 'Kim Long Hotel Đà Lạt có giờ nhận phòng từ 14:00 và giờ trả phòng trước 12:00.', 'Kim Long Hotel Đà Lạt có phổ biến với các gia đình không?': 'Có, Kim Long Hotel Đà Lạt khá phổ biến đối với khách đặt kỳ nghỉ gia đình.'}"
https://www.booking.com/hotel/vn/nha-nghi-an-ngoc-linh.vi.html,"{'An Ngọc Linh Hotel có giờ nhận và trả phòng như thế nào?': 'An Ngọc Linh Hotel có giờ nhận phòng từ 12:00 và giờ trả phòng trước 10:00.', 'Tôi có thể làm gì ở An Ngọc Linh Hotel?': 'An Ngọc Linh Hotel có những hoạt động/dịch vụ sau (có thể áp dụng phí):', 'An Ngọc Linh Hotel cách trung tâm Bảo Lộc bao xa?': 'An Ngọc Linh Hotel cách trung tâm Bảo Lộc 1,1 km.\nTất cả khoảng cách được đo theo đường thẳng. Khoảng cách di chuyển thực sự có thể khác.', 'An Ngọc Linh Hotel có những loại phòng nào?': 'Lựa chọn phòng tại An Ngọc Linh Hotel bao gồm: Phòng giường đôi, Phòng 4 người', 'Chi phí nghỉ tại An Ngọc Linh Hotel là bao nhiêu?': 'Giá tại An Ngọc Linh Hotel có thể khác nhau tùy vào kỳ nghỉ của bạn (ví dụ: ngày bạn chọn, chính sách khách sạn,v.v.). Vui lòng xem giá bằng cách nhập ngày của bạn.'}"
https://www.booking.com/hotel/vn/hai-hoa-thanh-pho-da-lat.vi.html,"{'Tôi có thể làm gì ở Khách sạn Hải Hoa Đà Lạt?': 'Khách sạn Hải Hoa Đà Lạt có những hoạt động/dịch vụ sau (có thể áp dụng phí):', 'Khách sạn Hải Hoa Đà Lạt có những loại phòng nào?': 'Lựa chọn phòng tại Khách sạn Hải Hoa Đà Lạt bao gồm: Phòng giường đôi, Phòng 4 người, Phòng gia đình', 'Khách sạn Hải Hoa Đà Lạt cách trung tâm Đà Lạt bao xa?': 'Khách sạn Hải Hoa Đà Lạt cách trung tâm Đà Lạt 800 m.\nTất cả khoảng cách được đo theo đường thẳng. Khoảng cách di chuyển thực sự có thể khác.', 'Khách sạn Hải Hoa Đà Lạt có giờ nhận và trả phòng như thế nào?': 'Khách sạn Hải Hoa Đà Lạt có giờ nhận phòng từ 14:00 và giờ trả phòng trước 12:00.', 'Chi phí nghỉ tại Khách sạn Hải Hoa Đà Lạt là bao nhiêu?': 'Giá tại Khách sạn Hải Hoa Đà Lạt có thể khác nhau tùy vào kỳ nghỉ của bạn (ví dụ: ngày bạn chọn, chính sách khách sạn,v.v.). Vui lòng xem giá bằng cách nhập ngày của bạn.'}"
https://www.booking.com/hotel/vn/el-pino-house.vi.html,"{'Tôi có thể làm gì ở El Pino House?': 'El Pino House có những hoạt động/dịch vụ sau (có thể áp dụng phí):', 'El Pino House có những loại phòng nào?': 'Lựa chọn phòng tại El Pino House bao gồm: Phòng giường đôi', 'El Pino House cách trung tâm Khu Chi Lăng bao xa?': 'El Pino House cách trung tâm Khu Chi Lăng 1 km.\nTất cả khoảng cách được đo theo đường thẳng. Khoảng cách di chuyển thực sự có thể khác.', 'El Pino House có giờ nhận và trả phòng như thế nào?': 'El Pino House có giờ nhận phòng từ 12:00 và giờ trả phòng trước 14:00.', 'Chi phí nghỉ tại El Pino House là bao nhiêu?': 'Giá tại El Pino House có thể khác nhau tùy vào kỳ nghỉ của bạn (ví dụ: ngày bạn chọn, chính sách khách sạn,v.v.). Vui lòng xem giá bằng cách nhập ngày của bạn.'}"
https://www.booking.com/hotel/vn/mer-homestay.vi.html,"{'Mer Homestay cách trung tâm Ấp Kim Thạch bao xa?': 'Mer Homestay cách trung tâm Ấp Kim Thạch 450 m.\nTất cả khoảng cách được đo theo đường thẳng. Khoảng cách di chuyển thực sự có thể khác.', 'Mer Homestay có giờ nhận và trả phòng như thế nào?': 'Mer Homestay có giờ nhận phòng từ 14:00 và giờ trả phòng trước 12:00.', 'Tôi có thể làm gì ở Mer Homestay?': 'Mer Homestay có những hoạt động/dịch vụ sau (có thể áp dụng phí): Bồn tắm nóng/bể sục (Jacuzzi)', 'Mer Homestay có bể sục cho khách không?': 'Chỗ nghỉ có bể sục. Bạn có thể tìm hiểu thêm về điều này và các tiện nghi khác tại Mer Homestay trên trang này.', 'Chi phí nghỉ tại Mer Homestay là bao nhiêu?': 'Giá tại Mer Homestay có thể khác nhau tùy vào kỳ nghỉ của bạn (ví dụ: ngày bạn chọn, chính sách khách sạn,v.v.). Vui lòng xem giá bằng cách nhập ngày của bạn.', 'Mer Homestay có những loại phòng nào?': 'Lựa chọn phòng tại Mer Homestay bao gồm: Phòng giường đôi'}"
https://www.booking.com/hotel/vn/mimoza-homestay-cau-dat-da-lat.vi.html,"{'Mimoza homestay, Cầu Đất - Đà Lạt có giờ nhận và trả phòng như thế nào?': 'Mimoza homestay, Cầu Đất - Đà Lạt có giờ nhận phòng từ 14:00 và giờ trả phòng trước 00:00.', 'Mimoza homestay, Cầu Đất - Đà Lạt cách trung tâm Xuân Trường bao xa?': 'Mimoza homestay, Cầu Đất - Đà Lạt cách trung tâm Xuân Trường 950 m.\nTất cả khoảng cách được đo theo đường thẳng. Khoảng cách di chuyển thực sự có thể khác.', 'Tôi có thể làm gì ở Mimoza homestay, Cầu Đất - Đà Lạt?': 'Mimoza homestay, Cầu Đất - Đà Lạt có những hoạt động/dịch vụ sau (có thể áp dụng phí): Xe đạp, Đi bộ đường dài, Tour đi bộ, Tour đi xe đạp', 'Mimoza homestay, Cầu Đất - Đà Lạt có những loại phòng nào?': 'Lựa chọn phòng tại Mimoza homestay, Cầu Đất - Đà Lạt bao gồm: Phòng giường đôi, Phòng gia đình, Biệt thự', 'Chi phí nghỉ tại Mimoza homestay, Cầu Đất - Đà Lạt là bao nhiêu?': 'Giá tại Mimoza homestay, Cầu Đất - Đà Lạt có thể khác nhau tùy vào kỳ nghỉ của bạn (ví dụ: ngày bạn chọn, chính sách khách sạn,v.v.). Vui lòng xem giá bằng cách nhập ngày của bạn.'}"
https://www.booking.com/hotel/vn/kiwuki-dalat-resort.vi.html,"{'Tôi có thể làm gì ở Kiwuki Dalat Resort?': 'Kiwuki Dalat Resort có những hoạt động/dịch vụ sau (có thể áp dụng phí):', 'Chi phí nghỉ tại Kiwuki Dalat Resort là bao nhiêu?': 'Giá tại Kiwuki Dalat Resort có thể khác nhau tùy vào kỳ nghỉ của bạn (ví dụ: ngày bạn chọn, chính sách khách sạn,v.v.). Vui lòng xem giá bằng cách nhập ngày của bạn.', 'Kiwuki Dalat Resort có những loại phòng nào?': 'Lựa chọn phòng tại Kiwuki Dalat Resort bao gồm: Suite', 'Kiwuki Dalat Resort có giờ nhận và trả phòng như thế nào?': 'Kiwuki Dalat Resort có giờ nhận phòng từ 14:00 và giờ trả phòng trước 13:00.', 'Kiwuki Dalat Resort cách trung tâm Ấp An Kroët bao xa?': 'Kiwuki Dalat Resort cách trung tâm Ấp An Kroët 3 km.\nTất cả khoảng cách được đo theo đường thẳng. Khoảng cách di chuyển thực sự có thể khác.'}"
https://www.booking.com/hotel/vn/da-lat-mian-house-thanh-pho-da-lat1.vi.html,"{'Đà Lạt Mian House có giờ nhận và trả phòng như thế nào?': 'Đà Lạt Mian House có giờ nhận phòng từ 14:00 và giờ trả phòng trước 12:00.', 'Đà Lạt Mian House có những loại phòng nào?': 'Lựa chọn phòng tại Đà Lạt Mian House bao gồm: Phòng giường đôi, Phòng 4 người, Phòng gia đình', 'Đà Lạt Mian House cách trung tâm Ấp Xuân An bao xa?': 'Đà Lạt Mian House cách trung tâm Ấp Xuân An 950 m.\nTất cả khoảng cách được đo theo đường thẳng. Khoảng cách di chuyển thực sự có thể khác.', 'Chi phí nghỉ tại Đà Lạt Mian House là bao nhiêu?': 'Giá tại Đà Lạt Mian House có thể khác nhau tùy vào kỳ nghỉ của bạn (ví dụ: ngày bạn chọn, chính sách khách sạn,v.v.). Vui lòng xem giá bằng cách nhập ngày của bạn.', 'Tôi có thể làm gì ở Đà Lạt Mian House?': 'Đà Lạt Mian House có những hoạt động/dịch vụ sau (có thể áp dụng phí):'}"
https://www.booking.com/hotel/vn/trung-duc-thanh-pho-da-lat1.vi.html,"{'Tôi có thể làm gì ở Trung Đức Hotel?': 'Trung Đức Hotel có những hoạt động/dịch vụ sau (có thể áp dụng phí): Trung tâm Spa & chăm sóc sức khoẻXe đạp, Đi bộ đường dài, Sân gôn (trong vòng 3km)Tour/lớp về văn hóa địa phương, Gói spa/chăm sóc sức khỏe, Tour đi xe đạp, Tiện Nghi Spa, Tour đi bộ', 'Trung Đức Hotel có giờ nhận và trả phòng như thế nào?': 'Trung Đức Hotel có giờ nhận phòng từ 09:00 và giờ trả phòng trước 12:00.', 'Trung Đức Hotel có những loại phòng nào?': 'Lựa chọn phòng tại Trung Đức Hotel bao gồm: Phòng giường đôi, Phòng gia đình', 'Chi phí nghỉ tại Trung Đức Hotel là bao nhiêu?': 'Giá tại Trung Đức Hotel có thể khác nhau tùy vào kỳ nghỉ của bạn (ví dụ: ngày bạn chọn, chính sách khách sạn,v.v.). Vui lòng xem giá bằng cách nhập ngày của bạn.', 'Trung Đức Hotel cách trung tâm Đà Lạt bao xa?': 'Trung Đức Hotel cách trung tâm Đà Lạt 1 km.\nTất cả khoảng cách được đo theo đường thẳng. Khoảng cách di chuyển thực sự có thể khác.'}"
https://www.booking.com/hotel/vn/lam-nguyen-farm-stay.vi.html,"{'Lam Nguyên Charming House có phổ biến với các gia đình không?': 'Có, Lam Nguyên Charming House khá phổ biến đối với khách đặt kỳ nghỉ gia đình.', 'Tôi có thể làm gì ở Lam Nguyên Charming House?': 'Lam Nguyên Charming House có những hoạt động/dịch vụ sau (có thể áp dụng phí):', 'Lam Nguyên Charming House cách trung tâm Bảo Lộc bao xa?': 'Lam Nguyên Charming House cách trung tâm Bảo Lộc 4,5 km.\nTất cả khoảng cách được đo theo đường thẳng. Khoảng cách di chuyển thực sự có thể khác.', 'Chi phí nghỉ tại Lam Nguyên Charming House là bao nhiêu?': 'Giá tại Lam Nguyên Charming House có thể khác nhau tùy vào kỳ nghỉ của bạn (ví dụ: ngày bạn chọn, chính sách khách sạn,v.v.). Vui lòng xem giá bằng cách nhập ngày của bạn.', 'Lam Nguyên Charming House có giờ nhận và trả phòng như thế nào?': 'Lam Nguyên Charming House có giờ nhận phòng từ 13:00 và giờ trả phòng trước 12:00.', 'Lam Nguyên Charming House có những loại phòng nào?': 'Lựa chọn phòng tại Lam Nguyên Charming House bao gồm: Phòng giường đôi'}"
https://www.booking.com/hotel/vn/the-light-thanh-pho-da-lat.vi.html,"{'The Light Hotel có giờ nhận và trả phòng như thế nào?': 'The Light Hotel có giờ nhận phòng từ 14:00 và giờ trả phòng trước 12:00.', 'Tôi có thể làm gì ở The Light Hotel?': 'The Light Hotel có những hoạt động/dịch vụ sau (có thể áp dụng phí):', 'The Light Hotel cách trung tâm Đà Lạt bao xa?': 'The Light Hotel cách trung tâm Đà Lạt 2,1 km.\nTất cả khoảng cách được đo theo đường thẳng. Khoảng cách di chuyển thực sự có thể khác.', 'Chi phí nghỉ tại The Light Hotel là bao nhiêu?': 'Giá tại The Light Hotel có thể khác nhau tùy vào kỳ nghỉ của bạn (ví dụ: ngày bạn chọn, chính sách khách sạn,v.v.). Vui lòng xem giá bằng cách nhập ngày của bạn.', 'The Light Hotel có phổ biến với các gia đình không?': 'Có, The Light Hotel khá phổ biến đối với khách đặt kỳ nghỉ gia đình.', 'The Light Hotel có những loại phòng nào?': 'Lựa chọn phòng tại The Light Hotel bao gồm: Phòng giường đôi, Phòng 4 người, Phòng gia đình'}"
https://www.booking.com/hotel/vn/dalat-casa-2-6-rooms-8-beds.vi.html,"{'Homestay DALAT CASA 2 cách trung tâm Đà Lạt bao xa?': 'Homestay D, A, L, A, T C, A, S, A 2 cách trung tâm Đà Lạt 700 m.\nTất cả khoảng cách được đo theo đường thẳng. Khoảng cách di chuyển thực sự có thể khác.', 'Tôi có thể làm gì ở Homestay DALAT CASA 2?': 'Homestay D, A, L, A, T C, A, S, A 2 có những hoạt động/dịch vụ sau (có thể áp dụng phí): Sân gôn (trong vòng 3km)Cho thuê xe đạp', 'Homestay DALAT CASA 2 có giờ nhận và trả phòng như thế nào?': 'Homestay D, A, L, A, T C, A, S, A 2 có giờ nhận phòng từ 14:00 và giờ trả phòng trước 12:00.', 'Homestay DALAT CASA 2 có những loại phòng nào?': 'Lựa chọn phòng tại Homestay D, A, L, A, T C, A, S, A 2 bao gồm: Phòng giường đôi, Phòng gia đình', 'Chi phí nghỉ tại Homestay DALAT CASA 2 là bao nhiêu?': 'Giá tại Homestay D, A, L, A, T C, A, S, A 2 có thể khác nhau tùy vào kỳ nghỉ của bạn (ví dụ: ngày bạn chọn, chính sách khách sạn,v.v.). Vui lòng xem giá bằng cách nhập ngày của bạn.'}"
https://www.booking.com/hotel/vn/ivysnow-da-lat.vi.html,"{'IvySnow Đà Lạt cách trung tâm Đà Lạt bao xa?': 'Ivy, Snow Đà Lạt cách trung tâm Đà Lạt 750 m.\nTất cả khoảng cách được đo theo đường thẳng. Khoảng cách di chuyển thực sự có thể khác.', 'IvySnow Đà Lạt có những loại phòng nào?': 'Lựa chọn phòng tại Ivy, Snow Đà Lạt bao gồm: Phòng giường đôi', 'IvySnow Đà Lạt có phổ biến với các gia đình không?': 'Có, Ivy, Snow Đà Lạt khá phổ biến đối với khách đặt kỳ nghỉ gia đình.', 'Tôi có thể làm gì ở IvySnow Đà Lạt?': 'Ivy, Snow Đà Lạt có những hoạt động/dịch vụ sau (có thể áp dụng phí):', 'IvySnow Đà Lạt có giờ nhận và trả phòng như thế nào?': 'Ivy, Snow Đà Lạt có giờ nhận phòng từ 15:00 và giờ trả phòng trước 11:00.', 'Chi phí nghỉ tại IvySnow Đà Lạt là bao nhiêu?': 'Giá tại Ivy, Snow Đà Lạt có thể khác nhau tùy vào kỳ nghỉ của bạn (ví dụ: ngày bạn chọn, chính sách khách sạn,v.v.). Vui lòng xem giá bằng cách nhập ngày của bạn.'}"
https://www.booking.com/hotel/vn/nam-anh-thanh-pho-bao-loc.vi.html,"{'Nam Anh Hotel có giờ nhận và trả phòng như thế nào?': 'Nam Anh Hotel có giờ nhận phòng từ 12:00 và giờ trả phòng trước 12:00.', 'Tôi có thể làm gì ở Nam Anh Hotel?': 'Nam Anh Hotel có những hoạt động/dịch vụ sau (có thể áp dụng phí):', 'Nam Anh Hotel cách trung tâm Bảo Lộc bao xa?': 'Nam Anh Hotel cách trung tâm Bảo Lộc 750 m.\nTất cả khoảng cách được đo theo đường thẳng. Khoảng cách di chuyển thực sự có thể khác.', 'Nam Anh Hotel có những loại phòng nào?': 'Lựa chọn phòng tại Nam Anh Hotel bao gồm: Phòng giường đôi, Phòng 4 người', 'Chi phí nghỉ tại Nam Anh Hotel là bao nhiêu?': 'Giá tại Nam Anh Hotel có thể khác nhau tùy vào kỳ nghỉ của bạn (ví dụ: ngày bạn chọn, chính sách khách sạn,v.v.). Vui lòng xem giá bằng cách nhập ngày của bạn.', 'Nam Anh Hotel có phổ biến với các gia đình không?': 'Có, Nam Anh Hotel khá phổ biến đối với khách đặt kỳ nghỉ gia đình.'}"
https://www.booking.com/hotel/vn/petite-dalat-boutique.vi.html,"{'Chi phí nghỉ tại Petite Dalat - Boutique Hotel là bao nhiêu?': 'Giá tại Petite Dalat - Boutique Hotel có thể khác nhau tùy vào kỳ nghỉ của bạn (ví dụ: ngày bạn chọn, chính sách khách sạn,v.v.). Vui lòng xem giá bằng cách nhập ngày của bạn.', 'Petite Dalat - Boutique Hotel có giờ nhận và trả phòng như thế nào?': 'Petite Dalat - Boutique Hotel có giờ nhận phòng từ 14:00 và giờ trả phòng trước 12:00.', 'Petite Dalat - Boutique Hotel có những loại phòng nào?': 'Lựa chọn phòng tại Petite Dalat - Boutique Hotel bao gồm: Phòng giường đôi, Phòng đơn', 'Tôi có thể làm gì ở Petite Dalat - Boutique Hotel?': 'Petite Dalat - Boutique Hotel có những hoạt động/dịch vụ sau (có thể áp dụng phí):', 'Petite Dalat - Boutique Hotel cách trung tâm Đà Lạt bao xa?': 'Petite Dalat - Boutique Hotel cách trung tâm Đà Lạt 300 m.\nTất cả khoảng cách được đo theo đường thẳng. Khoảng cách di chuyển thực sự có thể khác.'}"
https://www.booking.com/hotel/vn/lavini-house.vi.html,"{'Tôi có thể làm gì ở Lavini Đà Lạt House and Apartment?': 'Lavini Đà Lạt House and Apartment có những hoạt động/dịch vụ sau (có thể áp dụng phí): Xe đạp, Phòng chơi game', 'Chi phí nghỉ tại Lavini Đà Lạt House and Apartment là bao nhiêu?': 'Giá tại Lavini Đà Lạt House and Apartment có thể khác nhau tùy vào kỳ nghỉ của bạn (ví dụ: ngày bạn chọn, chính sách khách sạn,v.v.). Vui lòng xem giá bằng cách nhập ngày của bạn.', 'Lavini Đà Lạt House and Apartment cách trung tâm Đà Lạt bao xa?': 'Lavini Đà Lạt House and Apartment cách trung tâm Đà Lạt 3,9 km.\nTất cả khoảng cách được đo theo đường thẳng. Khoảng cách di chuyển thực sự có thể khác.', 'Lavini Đà Lạt House and Apartment có những loại phòng nào?': 'Lựa chọn phòng tại Lavini Đà Lạt House and Apartment bao gồm: Căn hộPhòng giường đôi, Phòng 2 giường đơn ', 'Lavini Đà Lạt House and Apartment có giờ nhận và trả phòng như thế nào?': 'Lavini Đà Lạt House and Apartment có giờ nhận phòng từ 14:00 và giờ trả phòng trước 12:00.'}"
https://www.booking.com/hotel/vn/thien-bao-thanh-pho-da-lat2.vi.html,"{'ThiênBảo Hotel có giờ nhận và trả phòng như thế nào?': 'Thiên, Bảo Hotel có giờ nhận phòng từ 14:00 và giờ trả phòng trước 12:00.', 'ThiênBảo Hotel có những loại phòng nào?': 'Lựa chọn phòng tại Thiên, Bảo Hotel bao gồm: Phòng giường đôi, Phòng giường đôi/2 giường đơn, Phòng tập thể', 'Tôi có thể làm gì ở ThiênBảo Hotel?': 'Thiên, Bảo Hotel có những hoạt động/dịch vụ sau (có thể áp dụng phí): Cho thuê xe đạp', 'Chi phí nghỉ tại ThiênBảo Hotel là bao nhiêu?': 'Giá tại Thiên, Bảo Hotel có thể khác nhau tùy vào kỳ nghỉ của bạn (ví dụ: ngày bạn chọn, chính sách khách sạn,v.v.). Vui lòng xem giá bằng cách nhập ngày của bạn.', 'ThiênBảo Hotel cách trung tâm Đà Lạt bao xa?': 'Thiên, Bảo Hotel cách trung tâm Đà Lạt 400 m.\nTất cả khoảng cách được đo theo đường thẳng. Khoảng cách di chuyển thực sự có thể khác.'}"
https://www.booking.com/hotel/vn/an-vy-house-thanh-pho-da-lat.vi.html,"{'An Vy House cách trung tâm Đà Lạt bao xa?': 'An Vy House cách trung tâm Đà Lạt 800 m.\nTất cả khoảng cách được đo theo đường thẳng. Khoảng cách di chuyển thực sự có thể khác.', 'Tôi có thể làm gì ở An Vy House?': 'An Vy House có những hoạt động/dịch vụ sau (có thể áp dụng phí): Trung tâm Spa & chăm sóc sức khoẻCho thuê xe đạp', 'An Vy House có giờ nhận và trả phòng như thế nào?': 'An Vy House có giờ nhận phòng từ 13:00 và giờ trả phòng trước 12:00.', 'Chi phí nghỉ tại An Vy House là bao nhiêu?': 'Giá tại An Vy House có thể khác nhau tùy vào kỳ nghỉ của bạn (ví dụ: ngày bạn chọn, chính sách khách sạn,v.v.). Vui lòng xem giá bằng cách nhập ngày của bạn.', 'An Vy House có những loại phòng nào?': 'Lựa chọn phòng tại An Vy House bao gồm: Phòng giường đôi, Phòng 4 người'}"
https://www.booking.com/hotel/vn/o-cua-mua-thu-autumn-windows.vi.html,"{'Ô Cửa Mùa Thu có giờ nhận và trả phòng như thế nào?': 'Ô Cửa Mùa Thu có giờ nhận phòng từ 14:00 và giờ trả phòng trước 12:00.', 'Ô Cửa Mùa Thu có những loại phòng nào?': 'Lựa chọn phòng tại Ô Cửa Mùa Thu bao gồm: Phòng giường đôi, Phòng 4 người', 'Tôi có thể làm gì ở Ô Cửa Mùa Thu?': 'Ô Cửa Mùa Thu có những hoạt động/dịch vụ sau (có thể áp dụng phí):', 'Ô Cửa Mùa Thu cách trung tâm Đà Lạt bao xa?': 'Ô Cửa Mùa Thu cách trung tâm Đà Lạt 1,8 km.\nTất cả khoảng cách được đo theo đường thẳng. Khoảng cách di chuyển thực sự có thể khác.', 'Chi phí nghỉ tại Ô Cửa Mùa Thu là bao nhiêu?': 'Giá tại Ô Cửa Mùa Thu có thể khác nhau tùy vào kỳ nghỉ của bạn (ví dụ: ngày bạn chọn, chính sách khách sạn,v.v.). Vui lòng xem giá bằng cách nhập ngày của bạn.'}"
https://www.booking.com/hotel/vn/hien-stay-da-lat-thanh-pho-da-lat.vi.html,"{'Tôi có thể làm gì ở Hiên Stay Đà Lạt?': 'Hiên Stay Đà Lạt có những hoạt động/dịch vụ sau (có thể áp dụng phí):', 'Hiên Stay Đà Lạt có giờ nhận và trả phòng như thế nào?': 'Hiên Stay Đà Lạt có giờ nhận phòng từ 14:00 và giờ trả phòng trước 12:00.', 'Hiên Stay Đà Lạt cách trung tâm Ấp Xuân An bao xa?': 'Hiên Stay Đà Lạt cách trung tâm Ấp Xuân An 1,8 km.\nTất cả khoảng cách được đo theo đường thẳng. Khoảng cách di chuyển thực sự có thể khác.', 'Chi phí nghỉ tại Hiên Stay Đà Lạt là bao nhiêu?': 'Giá tại Hiên Stay Đà Lạt có thể khác nhau tùy vào kỳ nghỉ của bạn (ví dụ: ngày bạn chọn, chính sách khách sạn,v.v.). Vui lòng xem giá bằng cách nhập ngày của bạn.'}"
https://www.booking.com/hotel/vn/view-trieu-may.vi.html,"{'Tôi có thể làm gì ở Khu Nghỉ Dưỡng View Triệu Mây?': 'Khu Nghỉ Dưỡng View Triệu Mây có những hoạt động/dịch vụ sau (có thể áp dụng phí): Phòng xông hơi, Karaoke', 'Khu Nghỉ Dưỡng View Triệu Mây có những loại phòng nào?': 'Lựa chọn phòng tại Khu Nghỉ Dưỡng View Triệu Mây bao gồm: Phòng 4 người, Phòng giường đôi, Biệt thự', 'Khu Nghỉ Dưỡng View Triệu Mây có nhà hàng trong khuôn viên không?': 'Khu Nghỉ Dưỡng View Triệu Mây có 1 nhà hàng: Nhà hàng View Triệu Mây', 'Khu Nghỉ Dưỡng View Triệu Mây có giờ nhận và trả phòng như thế nào?': 'Khu Nghỉ Dưỡng View Triệu Mây có giờ nhận phòng từ 14:00 và giờ trả phòng trước 12:00.', 'Khu Nghỉ Dưỡng View Triệu Mây cách trung tâm Lam Ha bao xa?': 'Khu Nghỉ Dưỡng View Triệu Mây cách trung tâm Lam Ha 18 km.\nTất cả khoảng cách được đo theo đường thẳng. Khoảng cách di chuyển thực sự có thể khác.', 'Chi phí nghỉ tại Khu Nghỉ Dưỡng View Triệu Mây là bao nhiêu?': 'Giá tại Khu Nghỉ Dưỡng View Triệu Mây có thể khác nhau tùy vào kỳ nghỉ của bạn (ví dụ: ngày bạn chọn, chính sách khách sạn,v.v.). Vui lòng xem giá bằng cách nhập ngày của bạn.'}"
https://www.booking.com/hotel/vn/home-bong-va-gao.vi.html,"{'Tôi có thể làm gì ở Home of bong & gao?': 'Home of bong & gao có những hoạt động/dịch vụ sau (có thể áp dụng phí): Sân chơi trẻ em, Karaoke, Bữa tối theo chủ đề, Cho thuê xe đạp', 'Home of bong & gao có giờ nhận và trả phòng như thế nào?': 'Home of bong & gao có giờ nhận phòng từ 14:00 và giờ trả phòng trước 23:00.', ""Home of bong & gao cách trung tâm B'su M'rac bao xa?"": ""Home of bong & gao cách trung tâm B'su M'rac 2,5 km.\nTất cả khoảng cách được đo theo đường thẳng. Khoảng cách di chuyển thực sự có thể khác."", 'Chi phí nghỉ tại Home of bong & gao là bao nhiêu?': 'Giá tại Home of bong & gao có thể khác nhau tùy vào kỳ nghỉ của bạn (ví dụ: ngày bạn chọn, chính sách khách sạn,v.v.). Vui lòng xem giá bằng cách nhập ngày của bạn.', 'Home of bong & gao có những loại phòng nào?': 'Lựa chọn phòng tại Home of bong & gao bao gồm: Phòng giường đôi, Phòng 4 người, Phòng gia đình'}"
https://www.booking.com/hotel/vn/po-da-lat-cam-ly-hotel-da-lat.vi.html,"{'Chi phí nghỉ tại Da Lat Cam Ly Hotel là bao nhiêu?': 'Giá tại Da Lat Cam Ly Hotel có thể khác nhau tùy vào kỳ nghỉ của bạn (ví dụ: ngày bạn chọn, chính sách khách sạn,v.v.). Vui lòng xem giá bằng cách nhập ngày của bạn.', 'Tôi có thể làm gì ở Da Lat Cam Ly Hotel?': 'Da Lat Cam Ly Hotel có những hoạt động/dịch vụ sau (có thể áp dụng phí): Tour/lớp về văn hóa địa phương', 'Da Lat Cam Ly Hotel có giờ nhận và trả phòng như thế nào?': 'Da Lat Cam Ly Hotel có giờ nhận phòng từ 14:00 và giờ trả phòng trước 12:00.', 'Da Lat Cam Ly Hotel có phổ biến với các gia đình không?': 'Có, Da Lat Cam Ly Hotel khá phổ biến đối với khách đặt kỳ nghỉ gia đình.', 'Da Lat Cam Ly Hotel cách trung tâm Đà Lạt bao xa?': 'Da Lat Cam Ly Hotel cách trung tâm Đà Lạt 2,7 km.\nTất cả khoảng cách được đo theo đường thẳng. Khoảng cách di chuyển thực sự có thể khác.'}"
https://www.booking.com/hotel/vn/lamour.vi.html,"{'Lamour Hotel cách trung tâm Ấp Xuân An bao xa?': 'Lamour Hotel cách trung tâm Ấp Xuân An 900 m.\nTất cả khoảng cách được đo theo đường thẳng. Khoảng cách di chuyển thực sự có thể khác.', 'Lamour Hotel có giờ nhận và trả phòng như thế nào?': 'Lamour Hotel có giờ nhận phòng từ 12:00 và giờ trả phòng trước 12:00.', 'Chi phí nghỉ tại Lamour Hotel là bao nhiêu?': 'Giá tại Lamour Hotel có thể khác nhau tùy vào kỳ nghỉ của bạn (ví dụ: ngày bạn chọn, chính sách khách sạn,v.v.). Vui lòng xem giá bằng cách nhập ngày của bạn.', 'Lamour Hotel có những loại phòng nào?': 'Lựa chọn phòng tại Lamour Hotel bao gồm: Phòng giường đôi, Phòng đơn', 'Tôi có thể làm gì ở Lamour Hotel?': 'Lamour Hotel có những hoạt động/dịch vụ sau (có thể áp dụng phí):'}"
https://www.booking.com/hotel/vn/gia-yen.vi.html,"{'Chi phí nghỉ tại Gia Yên Đà Lạt là bao nhiêu?': 'Giá tại Gia Yên Đà Lạt có thể khác nhau tùy vào kỳ nghỉ của bạn (ví dụ: ngày bạn chọn, chính sách khách sạn,v.v.). Vui lòng xem giá bằng cách nhập ngày của bạn.', 'Tôi có thể làm gì ở Gia Yên Đà Lạt?': 'Gia Yên Đà Lạt có những hoạt động/dịch vụ sau (có thể áp dụng phí): Đêm phim', 'Gia Yên Đà Lạt có giờ nhận và trả phòng như thế nào?': 'Gia Yên Đà Lạt có giờ nhận phòng từ 14:00 và giờ trả phòng trước 12:00.', 'Gia Yên Đà Lạt có những loại phòng nào?': 'Lựa chọn phòng tại Gia Yên Đà Lạt bao gồm: Phòng giường đôi, Phòng 4 người', 'Gia Yên Đà Lạt cách trung tâm Ấp Xuân An bao xa?': 'Gia Yên Đà Lạt cách trung tâm Ấp Xuân An 750 m.\nTất cả khoảng cách được đo theo đường thẳng. Khoảng cách di chuyển thực sự có thể khác.'}"
https://www.booking.com/hotel/vn/my-dream-hostel.vi.html,"{'Tôi có thể làm gì ở My Dream hostel?': 'My Dream hostel có những hoạt động/dịch vụ sau (có thể áp dụng phí):', 'My Dream hostel có những loại phòng nào?': 'Lựa chọn phòng tại My Dream hostel bao gồm: Phòng giường đôi, Phòng 2 giường đơn Phòng gia đình', 'My Dream hostel có giờ nhận và trả phòng như thế nào?': 'My Dream hostel có giờ nhận phòng từ 12:00 và giờ trả phòng trước 12:00.', 'My Dream hostel cách trung tâm Đà Lạt bao xa?': 'My Dream hostel cách trung tâm Đà Lạt 1,1 km.\nTất cả khoảng cách được đo theo đường thẳng. Khoảng cách di chuyển thực sự có thể khác.', 'Chi phí nghỉ tại My Dream hostel là bao nhiêu?': 'Giá tại My Dream hostel có thể khác nhau tùy vào kỳ nghỉ của bạn (ví dụ: ngày bạn chọn, chính sách khách sạn,v.v.). Vui lòng xem giá bằng cách nhập ngày của bạn.'}"
https://www.booking.com/hotel/vn/raon-boutique.vi.html,"{'Chi phí nghỉ tại Raon THT Hotel là bao nhiêu?': 'Giá tại Raon T, H, T Hotel có thể khác nhau tùy vào kỳ nghỉ của bạn (ví dụ: ngày bạn chọn, chính sách khách sạn,v.v.). Vui lòng xem giá bằng cách nhập ngày của bạn.', 'Tôi có thể làm gì ở Raon THT Hotel?': 'Raon T, H, T Hotel có những hoạt động/dịch vụ sau (có thể áp dụng phí): Đi bộ đường dài', 'Raon THT Hotel có giờ nhận và trả phòng như thế nào?': 'Raon T, H, T Hotel có giờ nhận phòng từ 14:00 và giờ trả phòng trước 12:00.', 'Raon THT Hotel cách trung tâm Đà Lạt bao xa?': 'Raon T, H, T Hotel cách trung tâm Đà Lạt 1,9 km.\nTất cả khoảng cách được đo theo đường thẳng. Khoảng cách di chuyển thực sự có thể khác.', 'Raon THT Hotel có những loại phòng nào?': 'Lựa chọn phòng tại Raon T, H, T Hotel bao gồm: Phòng giường đôi, Phòng gia đình, Phòng 3 người, Suite'}"
https://www.booking.com/hotel/vn/39-uchi-can-ho-trung-tam-thanh-pho-da-lat.vi.html,"{'39 Uchi - Căn Hộ Trung Tâm Thành Phố Đà Lạt có phổ biến với các gia đình không?': 'Có, 39 Uchi - Căn Hộ Trung Tâm Thành Phố Đà Lạt khá phổ biến đối với khách đặt kỳ nghỉ gia đình.', 'Bao nhiêu khách có thể lưu trú tại 39 Uchi - Căn Hộ Trung Tâm Thành Phố Đà Lạt?': '39 Uchi - Căn Hộ Trung Tâm Thành Phố Đà Lạt có thể tiếp đón nhóm có số lượng như sau: 4 khách\n\nĐể biết thêm thông tin, vui lòng kiểm tra chi tiết (các) lựa chọn chỗ nghỉ ở trang này.', 'Chi phí nghỉ tại 39 Uchi - Căn Hộ Trung Tâm Thành Phố Đà Lạt là bao nhiêu?': 'Giá tại 39 Uchi - Căn Hộ Trung Tâm Thành Phố Đà Lạt có thể khác nhau tùy vào kỳ nghỉ của bạn (ví dụ: ngày bạn chọn, chính sách khách sạn,v.v.). Vui lòng xem giá bằng cách nhập ngày của bạn.', '39 Uchi - Căn Hộ Trung Tâm Thành Phố Đà Lạt cách trung tâm Đà Lạt bao xa?': '39 Uchi - Căn Hộ Trung Tâm Thành Phố Đà Lạt cách trung tâm Đà Lạt 350 m.\nTất cả khoảng cách được đo theo đường thẳng. Khoảng cách di chuyển thực sự có thể khác.', '39 Uchi - Căn Hộ Trung Tâm Thành Phố Đà Lạt có bao nhiêu phòng ngủ?': '39 Uchi - Căn Hộ Trung Tâm Thành Phố Đà Lạt có số lượng phòng ngủ như sau: 2 phòng ngủ\n\nĐể biết thêm thông tin, vui lòng kiểm tra chi tiết (các) lựa chọn chỗ nghỉ ở trang này.', '39 Uchi - Căn Hộ Trung Tâm Thành Phố Đà Lạt có giờ nhận và trả phòng như thế nào?': '39 Uchi - Căn Hộ Trung Tâm Thành Phố Đà Lạt có giờ nhận phòng từ 14:00 và giờ trả phòng trước 12:00.', 'Tôi có thể làm gì ở 39 Uchi - Căn Hộ Trung Tâm Thành Phố Đà Lạt?': '39 Uchi - Căn Hộ Trung Tâm Thành Phố Đà Lạt có những hoạt động/dịch vụ sau (có thể áp dụng phí):'}"
https://www.booking.com/hotel/vn/phong-cho-thue-thanh-phong.vi.html,"{'Tôi có thể làm gì ở Phòng cho thuê Thanh Phong?': 'Phòng cho thuê Thanh Phong có những hoạt động/dịch vụ sau (có thể áp dụng phí):', 'Chi phí nghỉ tại Phòng cho thuê Thanh Phong là bao nhiêu?': 'Giá tại Phòng cho thuê Thanh Phong có thể khác nhau tùy vào kỳ nghỉ của bạn (ví dụ: ngày bạn chọn, chính sách khách sạn,v.v.). Vui lòng xem giá bằng cách nhập ngày của bạn.', 'Phòng cho thuê Thanh Phong cách trung tâm Đà Lạt bao xa?': 'Phòng cho thuê Thanh Phong cách trung tâm Đà Lạt 1,5 km.\nTất cả khoảng cách được đo theo đường thẳng. Khoảng cách di chuyển thực sự có thể khác.', 'Phòng cho thuê Thanh Phong có giờ nhận và trả phòng như thế nào?': 'Phòng cho thuê Thanh Phong có giờ nhận phòng từ 00:00 và giờ trả phòng trước 11:00.'}"
https://www.booking.com/hotel/vn/vu-nhi-da-lat.vi.html,"{'Tôi có thể làm gì ở VŨ NHI HOTEL ĐÀ LẠT?': 'VŨ N, H, I H, O, T, E, L ĐÀ LẠT có những hoạt động/dịch vụ sau (có thể áp dụng phí): Câu cáTour đi xe đạp, Tour đi bộ, Tour/lớp về văn hóa địa phương', 'VŨ NHI HOTEL ĐÀ LẠT cách trung tâm Đà Lạt bao xa?': 'VŨ N, H, I H, O, T, E, L ĐÀ LẠT cách trung tâm Đà Lạt 350 m.\nTất cả khoảng cách được đo theo đường thẳng. Khoảng cách di chuyển thực sự có thể khác.', 'VŨ NHI HOTEL ĐÀ LẠT có giờ nhận và trả phòng như thế nào?': 'VŨ N, H, I H, O, T, E, L ĐÀ LẠT có giờ nhận phòng từ 14:00 và giờ trả phòng trước 12:00.', 'VŨ NHI HOTEL ĐÀ LẠT có những loại phòng nào?': 'Lựa chọn phòng tại VŨ N, H, I H, O, T, E, L ĐÀ LẠT bao gồm: Phòng giường đôi, Phòng 4 người', 'VŨ NHI HOTEL ĐÀ LẠT có phổ biến với các gia đình không?': 'Có, VŨ N, H, I H, O, T, E, L ĐÀ LẠT khá phổ biến đối với khách đặt kỳ nghỉ gia đình.', 'Chi phí nghỉ tại VŨ NHI HOTEL ĐÀ LẠT là bao nhiêu?': 'Giá tại VŨ N, H, I H, O, T, E, L ĐÀ LẠT có thể khác nhau tùy vào kỳ nghỉ của bạn (ví dụ: ngày bạn chọn, chính sách khách sạn,v.v.). Vui lòng xem giá bằng cách nhập ngày của bạn.'}"
https://www.booking.com/hotel/vn/karry-39-s-house.vi.html,"{""Karry's House có bao nhiêu phòng ngủ?"": ""Bạn có thể chọn từ nhiều lựa chọn chỗ nghỉ tại Karry's House (tùy vào tình trạng có sẵn). Những chỗ này có: 3 phòng ngủ4 phòng ngủ5 phòng ngủ\n\nĐể biết thêm thông tin, vui lòng kiểm tra chi tiết (các) lựa chọn chỗ nghỉ ở trang này."", ""Tôi có thể làm gì ở Karry's House?"": ""Karry's House có những hoạt động/dịch vụ sau (có thể áp dụng phí):"", ""Karry's House có ban công không?"": ""Có, nhiều lựa chọn tại chỗ nghỉ này có ban công. Bạn có thể tìm hiểu thêm về điều này và các tiện nghi khác tại Karry's House trên trang này."", ""Chi phí nghỉ tại Karry's House là bao nhiêu?"": ""Giá tại Karry's House có thể khác nhau tùy vào kỳ nghỉ của bạn (ví dụ: ngày bạn chọn, chính sách khách sạn,v.v.). Vui lòng xem giá bằng cách nhập ngày của bạn."", ""Karry's House có giờ nhận và trả phòng như thế nào?"": ""Karry's House có giờ nhận phòng từ 12:00 và giờ trả phòng trước 12:00."", ""Karry's House có phổ biến với các gia đình không?"": ""Có, Karry's House khá phổ biến đối với khách đặt kỳ nghỉ gia đình."", ""Bao nhiêu khách có thể lưu trú tại Karry's House?"": ""Bạn có thể chọn từ nhiều lựa chọn chỗ nghỉ tại Karry's House (tùy vào tình trạng có sẵn). Những chỗ này có thể tiếp đón: 10 khách12 khách6 khách\n\nĐể biết thêm thông tin, vui lòng kiểm tra chi tiết (các) lựa chọn chỗ nghỉ ở trang này."", ""Karry's House cách trung tâm Đà Lạt bao xa?"": ""Karry's House cách trung tâm Đà Lạt 1,4 km.\nTất cả khoảng cách được đo theo đường thẳng. Khoảng cách di chuyển thực sự có thể khác.""}"
https://www.booking.com/hotel/vn/lien-do-star.vi.html,"{'Chi phí nghỉ tại Lien Do Star Hotel là bao nhiêu?': 'Giá tại Lien Do Star Hotel có thể khác nhau tùy vào kỳ nghỉ của bạn (ví dụ: ngày bạn chọn, chính sách khách sạn,v.v.). Vui lòng xem giá bằng cách nhập ngày của bạn.', 'Lien Do Star Hotel có những loại phòng nào?': 'Lựa chọn phòng tại Lien Do Star Hotel bao gồm: Phòng 4 người, Phòng giường đôi, Căn hộPhòng 3 người, Phòng 2 giường đơn ', 'Lien Do Star Hotel có phổ biến với các gia đình không?': 'Có, Lien Do Star Hotel khá phổ biến đối với khách đặt kỳ nghỉ gia đình.', 'Lien Do Star Hotel cách trung tâm Bảo Lộc bao xa?': 'Lien Do Star Hotel cách trung tâm Bảo Lộc 1,8 km.\nTất cả khoảng cách được đo theo đường thẳng. Khoảng cách di chuyển thực sự có thể khác.', 'Lien Do Star Hotel có giờ nhận và trả phòng như thế nào?': 'Lien Do Star Hotel có giờ nhận phòng từ 14:00 và giờ trả phòng trước 12:00.', 'Tôi có thể làm gì ở Lien Do Star Hotel?': 'Lien Do Star Hotel có những hoạt động/dịch vụ sau (có thể áp dụng phí): Phòng xông hơi'}"
https://www.booking.com/hotel/vn/khach-san-quoc-viet.vi.html,"{'Khách sạn Quốc Việt cách trung tâm Bảo Lộc bao xa?': 'Khách sạn Quốc Việt cách trung tâm Bảo Lộc 650 m.\nTất cả khoảng cách được đo theo đường thẳng. Khoảng cách di chuyển thực sự có thể khác.', 'Tôi có thể làm gì ở Khách sạn Quốc Việt?': 'Khách sạn Quốc Việt có những hoạt động/dịch vụ sau (có thể áp dụng phí):', 'Chi phí nghỉ tại Khách sạn Quốc Việt là bao nhiêu?': 'Giá tại Khách sạn Quốc Việt có thể khác nhau tùy vào kỳ nghỉ của bạn (ví dụ: ngày bạn chọn, chính sách khách sạn,v.v.). Vui lòng xem giá bằng cách nhập ngày của bạn.', 'Khách sạn Quốc Việt có giờ nhận và trả phòng như thế nào?': 'Khách sạn Quốc Việt có giờ nhận phòng từ 12:30 và giờ trả phòng trước 11:30.', 'Khách sạn Quốc Việt có những loại phòng nào?': 'Lựa chọn phòng tại Khách sạn Quốc Việt bao gồm: Phòng giường đôi, Phòng 4 người'}"
https://www.booking.com/hotel/vn/villa-da-lat-biet-thu-nam-ho.vi.html,"{'Chi phí nghỉ tại Villa Đà Lạt View Thông là bao nhiêu?': 'Giá tại Villa Đà Lạt View Thông có thể khác nhau tùy vào kỳ nghỉ của bạn (ví dụ: ngày bạn chọn, chính sách khách sạn,v.v.). Vui lòng xem giá bằng cách nhập ngày của bạn.', 'Bao nhiêu khách có thể lưu trú tại Villa Đà Lạt View Thông?': 'Bạn có thể chọn từ nhiều lựa chọn chỗ nghỉ tại Villa Đà Lạt View Thông (tùy vào tình trạng có sẵn). Những chỗ này có thể tiếp đón: 10 khách12 khách13 khách16 khách18 khách20 khách22 khách23 khách26 khách4 khách8 khách\n\nĐể biết thêm thông tin, vui lòng kiểm tra chi tiết (các) lựa chọn chỗ nghỉ ở trang này.', 'Villa Đà Lạt View Thông có giờ nhận và trả phòng như thế nào?': 'Villa Đà Lạt View Thông có giờ nhận phòng từ 14:00 và giờ trả phòng trước 12:00.', 'Tôi có thể làm gì ở Villa Đà Lạt View Thông?': 'Villa Đà Lạt View Thông có những hoạt động/dịch vụ sau (có thể áp dụng phí): Trung tâm Spa & chăm sóc sức khoẻTrung tâm thể dục, Xe đạp, Đi bộ đường dài, Sân chơi trẻ em, Bida, Phòng chơi game, Bowling, Bóng bàn, Sân tennis, Karaoke, Sân gôn mini, Phi tiêu, Sân gôn (trong vòng 3km)Giải trí buổi tối, Câu lạc bộ trẻ em, Công viên nước, Cưỡi ngựa, Tour đi xe đạp, Bingo, Hài độc thoại, Thiết bị dành cho tennis, Tour/lớp về văn hóa địa phương, Cho thuê xe đạp, Tour đi bộ, Thiết bị dành cho cầu lông, Sự kiện thể thao (truyền hình trực tiếp)Lớp thể dục, Giờ vàng, Bắn cung, Lớp dạy nấu ăn, Thể dục nhịp điệu (aerobic)', 'Villa Đà Lạt View Thông có sân hiên không?': 'Có, nhiều lựa chọn tại chỗ nghỉ này có sân hiên. Bạn có thể tìm hiểu thêm về điều này và các tiện nghi khác tại Villa Đà Lạt View Thông trên trang này.', 'Villa Đà Lạt View Thông có bao nhiêu phòng ngủ?': 'Bạn có thể chọn từ nhiều lựa chọn chỗ nghỉ tại Villa Đà Lạt View Thông (tùy vào tình trạng có sẵn). Những chỗ này có: 10 phòng ngủ11 phòng ngủ12 phòng ngủ2 phòng ngủ3 phòng ngủ4 phòng ngủ5 phòng ngủ6 phòng ngủ7 phòng ngủ8 phòng ngủ9 phòng ngủ\n\nĐể biết thêm thông tin, vui lòng kiểm tra chi tiết (các) lựa chọn chỗ nghỉ ở trang này.', 'Villa Đà Lạt View Thông có ban công không?': 'Có, nhiều lựa chọn tại chỗ nghỉ này có ban công. Bạn có thể tìm hiểu thêm về điều này và các tiện nghi khác tại Villa Đà Lạt View Thông trên trang này.', 'Villa Đà Lạt View Thông cách trung tâm Khu Chi Lăng bao xa?': 'Villa Đà Lạt View Thông cách trung tâm Khu Chi Lăng 1,4 km.\nTất cả khoảng cách được đo theo đường thẳng. Khoảng cách di chuyển thực sự có thể khác.', 'Villa Đà Lạt View Thông có phổ biến với các gia đình không?': 'Có, Villa Đà Lạt View Thông khá phổ biến đối với khách đặt kỳ nghỉ gia đình.', 'Villa Đà Lạt View Thông có nhà hàng trong khuôn viên không?': 'Villa Đà Lạt View Thông có 1 nhà hàng: Nhà hàng #1'}"
https://www.booking.com/hotel/vn/dalat-boutique.vi.html,"{'Dalat Boutique Hotel cách trung tâm Đà Lạt bao xa?': 'Dalat Boutique Hotel cách trung tâm Đà Lạt 1,2 km.\nTất cả khoảng cách được đo theo đường thẳng. Khoảng cách di chuyển thực sự có thể khác.', 'Chi phí nghỉ tại Dalat Boutique Hotel là bao nhiêu?': 'Giá tại Dalat Boutique Hotel có thể khác nhau tùy vào kỳ nghỉ của bạn (ví dụ: ngày bạn chọn, chính sách khách sạn,v.v.). Vui lòng xem giá bằng cách nhập ngày của bạn.', 'Dalat Boutique Hotel có những loại phòng nào?': 'Lựa chọn phòng tại Dalat Boutique Hotel bao gồm: Phòng 3 người, Phòng giường đôi, Suite, Phòng 2 giường đơn Studio', 'Dalat Boutique Hotel có phổ biến với các gia đình không?': 'Có, Dalat Boutique Hotel khá phổ biến đối với khách đặt kỳ nghỉ gia đình.', 'Dalat Boutique Hotel có giờ nhận và trả phòng như thế nào?': 'Dalat Boutique Hotel có giờ nhận phòng từ 14:00 và giờ trả phòng trước 12:00.', 'Tôi có thể làm gì ở Dalat Boutique Hotel?': 'Dalat Boutique Hotel có những hoạt động/dịch vụ sau (có thể áp dụng phí):', 'Dalat Boutique Hotel có nhà hàng trong khuôn viên không?': 'Dalat Boutique Hotel có 1 nhà hàng: Nhà hàng'}"
https://www.booking.com/hotel/vn/po-tealeaf-hotel-the-best-rated-area-in-da-lat.vi.html,"{'Tôi có thể làm gì ở Tealeaf Hotel?': 'Tealeaf Hotel có những hoạt động/dịch vụ sau (có thể áp dụng phí):', 'Chi phí nghỉ tại Tealeaf Hotel là bao nhiêu?': 'Giá tại Tealeaf Hotel có thể khác nhau tùy vào kỳ nghỉ của bạn (ví dụ: ngày bạn chọn, chính sách khách sạn,v.v.). Vui lòng xem giá bằng cách nhập ngày của bạn.', 'Tealeaf Hotel cách trung tâm Đà Lạt bao xa?': 'Tealeaf Hotel cách trung tâm Đà Lạt 550 m.\nTất cả khoảng cách được đo theo đường thẳng. Khoảng cách di chuyển thực sự có thể khác.', 'Tealeaf Hotel có giờ nhận và trả phòng như thế nào?': 'Tealeaf Hotel có giờ nhận phòng từ 14:00 và giờ trả phòng trước 12:00.'}"
https://www.booking.com/hotel/vn/lala-house-thanh-pho-da-lat.vi.html,"{'LALA HOUSE - CĂN HỘ CÓ BẾP RIÊNG gần chợ Đà Lạt có giờ nhận và trả phòng như thế nào?': 'L, A, L, A H, O, U, S, E - CĂ, N HỘ CÓ BẾP R, IÊ, N, G gần chợ Đà Lạt có giờ nhận phòng từ 14:00 và giờ trả phòng trước 12:00.', 'Bao nhiêu khách có thể lưu trú tại LALA HOUSE - CĂN HỘ CÓ BẾP RIÊNG gần chợ Đà Lạt?': 'Bạn có thể chọn từ nhiều lựa chọn chỗ nghỉ tại L, A, L, A H, O, U, S, E - CĂ, N HỘ CÓ BẾP R, IÊ, N, G gần chợ Đà Lạt (tùy vào tình trạng có sẵn). Những chỗ này có thể tiếp đón: 16 khách2 khách4 khách6 khách\n\nĐể biết thêm thông tin, vui lòng kiểm tra chi tiết (các) lựa chọn chỗ nghỉ ở trang này.', 'Tôi có thể làm gì ở LALA HOUSE - CĂN HỘ CÓ BẾP RIÊNG gần chợ Đà Lạt?': 'L, A, L, A H, O, U, S, E - CĂ, N HỘ CÓ BẾP R, IÊ, N, G gần chợ Đà Lạt có những hoạt động/dịch vụ sau (có thể áp dụng phí):', 'LALA HOUSE - CĂN HỘ CÓ BẾP RIÊNG gần chợ Đà Lạt có sân hiên không?': 'Có, nhiều lựa chọn tại chỗ nghỉ này có sân hiên. Bạn có thể tìm hiểu thêm về điều này và các tiện nghi khác tại L, A, L, A H, O, U, S, E - CĂ, N HỘ CÓ BẾP R, IÊ, N, G gần chợ Đà Lạt trên trang này.', 'Chi phí nghỉ tại LALA HOUSE - CĂN HỘ CÓ BẾP RIÊNG gần chợ Đà Lạt là bao nhiêu?': 'Giá tại L, A, L, A H, O, U, S, E - CĂ, N HỘ CÓ BẾP R, IÊ, N, G gần chợ Đà Lạt có thể khác nhau tùy vào kỳ nghỉ của bạn (ví dụ: ngày bạn chọn, chính sách khách sạn,v.v.). Vui lòng xem giá bằng cách nhập ngày của bạn.', 'LALA HOUSE - CĂN HỘ CÓ BẾP RIÊNG gần chợ Đà Lạt cách trung tâm Khu Chi Lăng bao xa?': 'L, A, L, A H, O, U, S, E - CĂ, N HỘ CÓ BẾP R, IÊ, N, G gần chợ Đà Lạt cách trung tâm Khu Chi Lăng 600 m.\nTất cả khoảng cách được đo theo đường thẳng. Khoảng cách di chuyển thực sự có thể khác.', 'LALA HOUSE - CĂN HỘ CÓ BẾP RIÊNG gần chợ Đà Lạt có ban công không?': 'Có, nhiều lựa chọn tại chỗ nghỉ này có ban công. Bạn có thể tìm hiểu thêm về điều này và các tiện nghi khác tại L, A, L, A H, O, U, S, E - CĂ, N HỘ CÓ BẾP R, IÊ, N, G gần chợ Đà Lạt trên trang này.', 'LALA HOUSE - CĂN HỘ CÓ BẾP RIÊNG gần chợ Đà Lạt có bao nhiêu phòng ngủ?': 'Bạn có thể chọn từ nhiều lựa chọn chỗ nghỉ tại L, A, L, A H, O, U, S, E - CĂ, N HỘ CÓ BẾP R, IÊ, N, G gần chợ Đà Lạt (tùy vào tình trạng có sẵn). Những chỗ này có: 1 phòng ngủ2 phòng ngủ6 phòng ngủ\n\nĐể biết thêm thông tin, vui lòng kiểm tra chi tiết (các) lựa chọn chỗ nghỉ ở trang này.'}"
https://www.booking.com/hotel/vn/joy-hostel-thanh-pho-da-lat.vi.html,"{'Chi phí nghỉ tại Century House là bao nhiêu?': 'Giá tại Century House có thể khác nhau tùy vào kỳ nghỉ của bạn (ví dụ: ngày bạn chọn, chính sách khách sạn,v.v.). Vui lòng xem giá bằng cách nhập ngày của bạn.', 'Century House cách trung tâm Đà Lạt bao xa?': 'Century House cách trung tâm Đà Lạt 1,9 km.\nTất cả khoảng cách được đo theo đường thẳng. Khoảng cách di chuyển thực sự có thể khác.', 'Century House có giờ nhận và trả phòng như thế nào?': 'Century House có giờ nhận phòng từ 14:00 và giờ trả phòng trước 12:00.', 'Tôi có thể làm gì ở Century House?': 'Century House có những hoạt động/dịch vụ sau (có thể áp dụng phí):', 'Century House có những loại phòng nào?': 'Lựa chọn phòng tại Century House bao gồm: Phòng giường đôi, Giường trong phòng tập thể, Phòng 4 người, Biệt thự'}"
https://www.booking.com/hotel/vn/miri-house.vi.html,"{'MIRI house có phổ biến với các gia đình không?': 'Có, M, I, R, I house khá phổ biến đối với khách đặt kỳ nghỉ gia đình.', 'Tôi có thể làm gì ở MIRI house?': 'M, I, R, I house có những hoạt động/dịch vụ sau (có thể áp dụng phí):', 'MIRI house có bao nhiêu phòng ngủ?': 'M, I, R, I house có số lượng phòng ngủ như sau: 5 phòng ngủ\n\nĐể biết thêm thông tin, vui lòng kiểm tra chi tiết (các) lựa chọn chỗ nghỉ ở trang này.', 'MIRI house có ban công không?': 'Có, nhiều lựa chọn tại chỗ nghỉ này có ban công. Bạn có thể tìm hiểu thêm về điều này và các tiện nghi khác tại M, I, R, I house trên trang này.', 'Bao nhiêu khách có thể lưu trú tại MIRI house?': 'M, I, R, I house có thể tiếp đón nhóm có số lượng như sau: 18 khách\n\nĐể biết thêm thông tin, vui lòng kiểm tra chi tiết (các) lựa chọn chỗ nghỉ ở trang này.', 'Chi phí nghỉ tại MIRI house là bao nhiêu?': 'Giá tại M, I, R, I house có thể khác nhau tùy vào kỳ nghỉ của bạn (ví dụ: ngày bạn chọn, chính sách khách sạn,v.v.). Vui lòng xem giá bằng cách nhập ngày của bạn.', 'MIRI house có giờ nhận và trả phòng như thế nào?': 'M, I, R, I house có giờ nhận phòng từ 14:00 và giờ trả phòng trước 11:00.', 'MIRI house có sân hiên không?': 'Có, nhiều lựa chọn tại chỗ nghỉ này có sân hiên. Bạn có thể tìm hiểu thêm về điều này và các tiện nghi khác tại M, I, R, I house trên trang này.', 'MIRI house cách trung tâm Đà Lạt bao xa?': 'M, I, R, I house cách trung tâm Đà Lạt 700 m.\nTất cả khoảng cách được đo theo đường thẳng. Khoảng cách di chuyển thực sự có thể khác.'}"
https://www.booking.com/hotel/vn/nguyen-anh-da-lat.vi.html,"{'Tôi có thể làm gì ở Ngoc Nguyen Anh Da Lat 1?': 'Ngoc Nguyen Anh Da Lat 1 có những hoạt động/dịch vụ sau (có thể áp dụng phí):', 'Ngoc Nguyen Anh Da Lat 1 cách trung tâm Đà Lạt bao xa?': 'Ngoc Nguyen Anh Da Lat 1 cách trung tâm Đà Lạt 600 m.\nTất cả khoảng cách được đo theo đường thẳng. Khoảng cách di chuyển thực sự có thể khác.', 'Ngoc Nguyen Anh Da Lat 1 có giờ nhận và trả phòng như thế nào?': 'Ngoc Nguyen Anh Da Lat 1 có giờ nhận phòng từ 14:00 và giờ trả phòng trước 12:00.', 'Chi phí nghỉ tại Ngoc Nguyen Anh Da Lat 1 là bao nhiêu?': 'Giá tại Ngoc Nguyen Anh Da Lat 1 có thể khác nhau tùy vào kỳ nghỉ của bạn (ví dụ: ngày bạn chọn, chính sách khách sạn,v.v.). Vui lòng xem giá bằng cách nhập ngày của bạn.', 'Ngoc Nguyen Anh Da Lat 1 có những loại phòng nào?': 'Lựa chọn phòng tại Ngoc Nguyen Anh Da Lat 1 bao gồm: Phòng giường đôi, Phòng 4 người, Phòng gia đình, Phòng 3 người', 'Ngoc Nguyen Anh Da Lat 1 có phổ biến với các gia đình không?': 'Có, Ngoc Nguyen Anh Da Lat 1 khá phổ biến đối với khách đặt kỳ nghỉ gia đình.'}"
https://www.booking.com/hotel/vn/nha-an-da-lat-2.vi.html,"{'Nhà An Đà Lạt 2 có giờ nhận và trả phòng như thế nào?': 'Nhà An Đà Lạt 2 có giờ nhận phòng từ 14:00 và giờ trả phòng trước 12:00.', 'Chi phí nghỉ tại Nhà An Đà Lạt 2 là bao nhiêu?': 'Giá tại Nhà An Đà Lạt 2 có thể khác nhau tùy vào kỳ nghỉ của bạn (ví dụ: ngày bạn chọn, chính sách khách sạn,v.v.). Vui lòng xem giá bằng cách nhập ngày của bạn.', 'Nhà An Đà Lạt 2 có phổ biến với các gia đình không?': 'Có, Nhà An Đà Lạt 2 khá phổ biến đối với khách đặt kỳ nghỉ gia đình.', 'Nhà An Đà Lạt 2 cách trung tâm Đà Lạt bao xa?': 'Nhà An Đà Lạt 2 cách trung tâm Đà Lạt 1,8 km.\nTất cả khoảng cách được đo theo đường thẳng. Khoảng cách di chuyển thực sự có thể khác.', 'Tôi có thể làm gì ở Nhà An Đà Lạt 2?': 'Nhà An Đà Lạt 2 có những hoạt động/dịch vụ sau (có thể áp dụng phí):'}"
https://www.booking.com/hotel/vn/thanh-thuy-thanh-pho-da-lat12345.vi.html,"{'Thanh Thủy Hotel có phổ biến với các gia đình không?': 'Có, Thanh Thủy Hotel khá phổ biến đối với khách đặt kỳ nghỉ gia đình.', 'Thanh Thủy Hotel có những loại phòng nào?': 'Lựa chọn phòng tại Thanh Thủy Hotel bao gồm: Phòng 4 người, Phòng giường đôi', 'Tôi có thể làm gì ở Thanh Thủy Hotel?': 'Thanh Thủy Hotel có những hoạt động/dịch vụ sau (có thể áp dụng phí):', 'Thanh Thủy Hotel có giờ nhận và trả phòng như thế nào?': 'Thanh Thủy Hotel có giờ nhận phòng từ 14:00 và giờ trả phòng trước 11:30.', 'Thanh Thủy Hotel cách trung tâm Đà Lạt bao xa?': 'Thanh Thủy Hotel cách trung tâm Đà Lạt 850 m.\nTất cả khoảng cách được đo theo đường thẳng. Khoảng cách di chuyển thực sự có thể khác.', 'Chi phí nghỉ tại Thanh Thủy Hotel là bao nhiêu?': 'Giá tại Thanh Thủy Hotel có thể khác nhau tùy vào kỳ nghỉ của bạn (ví dụ: ngày bạn chọn, chính sách khách sạn,v.v.). Vui lòng xem giá bằng cách nhập ngày của bạn.'}"
https://www.booking.com/hotel/vn/song-an-motel-di-linh.vi.html,"{'Song An Motel Di Linh có những loại phòng nào?': 'Lựa chọn phòng tại Song An Motel Di Linh bao gồm: Phòng giường đôi, Phòng gia đình', 'Song An Motel Di Linh cách trung tâm Di Linh bao xa?': 'Song An Motel Di Linh cách trung tâm Di Linh 1,4 km.\nTất cả khoảng cách được đo theo đường thẳng. Khoảng cách di chuyển thực sự có thể khác.', 'Song An Motel Di Linh có phổ biến với các gia đình không?': 'Có, Song An Motel Di Linh khá phổ biến đối với khách đặt kỳ nghỉ gia đình.', 'Chi phí nghỉ tại Song An Motel Di Linh là bao nhiêu?': 'Giá tại Song An Motel Di Linh có thể khác nhau tùy vào kỳ nghỉ của bạn (ví dụ: ngày bạn chọn, chính sách khách sạn,v.v.). Vui lòng xem giá bằng cách nhập ngày của bạn.', 'Song An Motel Di Linh có giờ nhận và trả phòng như thế nào?': 'Song An Motel Di Linh có giờ nhận phòng từ 12:00 và giờ trả phòng trước 11:00.', 'Tôi có thể làm gì ở Song An Motel Di Linh?': 'Song An Motel Di Linh có những hoạt động/dịch vụ sau (có thể áp dụng phí):'}"
https://www.booking.com/hotel/vn/new-sun-thanh-pho-da-lat.vi.html,"{'Tôi có thể làm gì ở New Sun Hotel Đà Lạt?': 'New Sun Hotel Đà Lạt có những hoạt động/dịch vụ sau (có thể áp dụng phí): Xe đạp, Biểu diễn/nhạc sống, Tour đi xe đạp, Cho thuê xe đạp, Tour đi bộ, Tour/lớp về văn hóa địa phương', 'New Sun Hotel Đà Lạt có giờ nhận và trả phòng như thế nào?': 'New Sun Hotel Đà Lạt có giờ nhận phòng từ 14:00 và giờ trả phòng trước 11:00.', 'Chi phí nghỉ tại New Sun Hotel Đà Lạt là bao nhiêu?': 'Giá tại New Sun Hotel Đà Lạt có thể khác nhau tùy vào kỳ nghỉ của bạn (ví dụ: ngày bạn chọn, chính sách khách sạn,v.v.). Vui lòng xem giá bằng cách nhập ngày của bạn.', 'New Sun Hotel Đà Lạt cách trung tâm Đà Lạt bao xa?': 'New Sun Hotel Đà Lạt cách trung tâm Đà Lạt 550 m.\nTất cả khoảng cách được đo theo đường thẳng. Khoảng cách di chuyển thực sự có thể khác.', 'New Sun Hotel Đà Lạt có những loại phòng nào?': 'Lựa chọn phòng tại New Sun Hotel Đà Lạt bao gồm: Phòng giường đôi, Phòng 4 người, Phòng gia đình'}"
https://www.booking.com/hotel/vn/street-view-da-lat1.vi.html,"{'Street View Hotel & Apartment có những loại phòng nào?': 'Lựa chọn phòng tại Street View Hotel & Apartment bao gồm: Căn hộPhòng giường đôi, Studio', 'Tôi có thể làm gì ở Street View Hotel & Apartment?': 'Street View Hotel & Apartment có những hoạt động/dịch vụ sau (có thể áp dụng phí): Sân gôn (trong vòng 3km)Giải trí buổi tối', 'Street View Hotel & Apartment có giờ nhận và trả phòng như thế nào?': 'Street View Hotel & Apartment có giờ nhận phòng từ 12:00 và giờ trả phòng trước 11:00.', 'Chi phí nghỉ tại Street View Hotel & Apartment là bao nhiêu?': 'Giá tại Street View Hotel & Apartment có thể khác nhau tùy vào kỳ nghỉ của bạn (ví dụ: ngày bạn chọn, chính sách khách sạn,v.v.). Vui lòng xem giá bằng cách nhập ngày của bạn.', 'Street View Hotel & Apartment cách trung tâm Đà Lạt bao xa?': 'Street View Hotel & Apartment cách trung tâm Đà Lạt 1,6 km.\nTất cả khoảng cách được đo theo đường thẳng. Khoảng cách di chuyển thực sự có thể khác.'}"
https://www.booking.com/hotel/vn/rosa-home-thanh-pho-da-lat2.vi.html,"{'ROSA HOME có những loại phòng nào?': 'Lựa chọn phòng tại R, O, S, A H, O, M, E bao gồm: Phòng 4 người, Phòng giường đôi', 'ROSA HOME cách trung tâm Ấp Ða Thành bao xa?': 'R, O, S, A H, O, M, E cách trung tâm Ấp Ða Thành 350 m.\nTất cả khoảng cách được đo theo đường thẳng. Khoảng cách di chuyển thực sự có thể khác.', 'Chi phí nghỉ tại ROSA HOME là bao nhiêu?': 'Giá tại R, O, S, A H, O, M, E có thể khác nhau tùy vào kỳ nghỉ của bạn (ví dụ: ngày bạn chọn, chính sách khách sạn,v.v.). Vui lòng xem giá bằng cách nhập ngày của bạn.', 'Tôi có thể làm gì ở ROSA HOME?': 'R, O, S, A H, O, M, E có những hoạt động/dịch vụ sau (có thể áp dụng phí):', 'ROSA HOME có giờ nhận và trả phòng như thế nào?': 'R, O, S, A H, O, M, E có giờ nhận phòng từ 09:00 và giờ trả phòng trước 12:00.'}"
https://www.booking.com/hotel/vn/po-dalat-casa-p-kim-th-ch.vi.html,"{'Tôi có thể làm gì ở Dalat CASA?': 'Dalat C, A, S, A có những hoạt động/dịch vụ sau (có thể áp dụng phí): Tour/lớp về văn hóa địa phương', 'Dalat CASA cách trung tâm Đà Lạt bao xa?': 'Dalat C, A, S, A cách trung tâm Đà Lạt 2,2 km.\nTất cả khoảng cách được đo theo đường thẳng. Khoảng cách di chuyển thực sự có thể khác.', 'Dalat CASA có nhà hàng trong khuôn viên không?': 'Dalat C, A, S, A có 1 nhà hàng: Nhà hàng', 'Chi phí nghỉ tại Dalat CASA là bao nhiêu?': 'Giá tại Dalat C, A, S, A có thể khác nhau tùy vào kỳ nghỉ của bạn (ví dụ: ngày bạn chọn, chính sách khách sạn,v.v.). Vui lòng xem giá bằng cách nhập ngày của bạn.'}"
https://www.booking.com/hotel/vn/chin-villa-da-lat.vi.html,"{'Chin villa Da Lạt có sân hiên không?': 'Có, nhiều lựa chọn tại chỗ nghỉ này có sân hiên. Bạn có thể tìm hiểu thêm về điều này và các tiện nghi khác tại Chin villa Da Lạt trên trang này.', 'Chin villa Da Lạt có bao nhiêu phòng ngủ?': 'Chin villa Da Lạt có số lượng phòng ngủ như sau: 1 phòng ngủ\n\nĐể biết thêm thông tin, vui lòng kiểm tra chi tiết (các) lựa chọn chỗ nghỉ ở trang này.', 'Chi phí nghỉ tại Chin villa Da Lạt là bao nhiêu?': 'Giá tại Chin villa Da Lạt có thể khác nhau tùy vào kỳ nghỉ của bạn (ví dụ: ngày bạn chọn, chính sách khách sạn,v.v.). Vui lòng xem giá bằng cách nhập ngày của bạn.', 'Chin villa Da Lạt cách trung tâm Đà Lạt bao xa?': 'Chin villa Da Lạt cách trung tâm Đà Lạt 750 m.\nTất cả khoảng cách được đo theo đường thẳng. Khoảng cách di chuyển thực sự có thể khác.', 'Chin villa Da Lạt có giờ nhận và trả phòng như thế nào?': 'Chin villa Da Lạt có giờ nhận phòng từ 14:00 và giờ trả phòng trước 12:00.', 'Tôi có thể làm gì ở Chin villa Da Lạt?': 'Chin villa Da Lạt có những hoạt động/dịch vụ sau (có thể áp dụng phí):', 'Bao nhiêu khách có thể lưu trú tại Chin villa Da Lạt?': 'Chin villa Da Lạt có thể tiếp đón nhóm có số lượng như sau: 1 khách\n\nĐể biết thêm thông tin, vui lòng kiểm tra chi tiết (các) lựa chọn chỗ nghỉ ở trang này.', 'Chin villa Da Lạt có ban công không?': 'Có, nhiều lựa chọn tại chỗ nghỉ này có ban công. Bạn có thể tìm hiểu thêm về điều này và các tiện nghi khác tại Chin villa Da Lạt trên trang này.', 'Chin villa Da Lạt có phổ biến với các gia đình không?': 'Có, Chin villa Da Lạt khá phổ biến đối với khách đặt kỳ nghỉ gia đình.'}"
https://www.booking.com/hotel/vn/lamarque-dalat-villa.vi.html,"{'Lamarque Dalat Villa có phổ biến với các gia đình không?': 'Có, Lamarque Dalat Villa khá phổ biến đối với khách đặt kỳ nghỉ gia đình.', 'Lamarque Dalat Villa có những loại phòng nào?': 'Lựa chọn phòng tại Lamarque Dalat Villa bao gồm: Suite, Phòng giường đôi, Phòng 3 người, Phòng 2 giường đơn Phòng 4 người', 'Lamarque Dalat Villa cách trung tâm Đà Lạt bao xa?': 'Lamarque Dalat Villa cách trung tâm Đà Lạt 1,1 km.\nTất cả khoảng cách được đo theo đường thẳng. Khoảng cách di chuyển thực sự có thể khác.', 'Chi phí nghỉ tại Lamarque Dalat Villa là bao nhiêu?': 'Giá tại Lamarque Dalat Villa có thể khác nhau tùy vào kỳ nghỉ của bạn (ví dụ: ngày bạn chọn, chính sách khách sạn,v.v.). Vui lòng xem giá bằng cách nhập ngày của bạn.', 'Lamarque Dalat Villa có hồ bơi không?': 'Có, khách sạn này có hồ bơi. Tìm hiểu chi tiết về hồ bơi và các tiện nghi khác trong trang này.', 'Tôi có thể làm gì ở Lamarque Dalat Villa?': 'Lamarque Dalat Villa có những hoạt động/dịch vụ sau (có thể áp dụng phí): Phòng xông hơi, Massage, Bida, Phòng chơi game, Sân gôn (trong vòng 3km)Mát-xa cổ, Phòng xông hơi ướt, Mát-xa tay, Hồ bơi, Mát-xa dành cho cặp đôi, Mát-xa lưng, Mát-xa toàn thân, Mát-xa chân, Mát-xa đầu', 'Lamarque Dalat Villa có giờ nhận và trả phòng như thế nào?': 'Lamarque Dalat Villa có giờ nhận phòng từ 14:00 và giờ trả phòng trước 12:00.'}"
https://www.booking.com/hotel/vn/hana-thanh-pho-da-lat.vi.html,"{'Hana Dalat Hotel có nhà hàng trong khuôn viên không?': 'Hana Dalat Hotel có 1 nhà hàng: D, O, W, N U, N, D, E, R', 'Hana Dalat Hotel có giờ nhận và trả phòng như thế nào?': 'Hana Dalat Hotel có giờ nhận phòng từ 14:00 và giờ trả phòng trước 11:00.', 'Chi phí nghỉ tại Hana Dalat Hotel là bao nhiêu?': 'Giá tại Hana Dalat Hotel có thể khác nhau tùy vào kỳ nghỉ của bạn (ví dụ: ngày bạn chọn, chính sách khách sạn,v.v.). Vui lòng xem giá bằng cách nhập ngày của bạn.', 'Hana Dalat Hotel có những loại phòng nào?': 'Lựa chọn phòng tại Hana Dalat Hotel bao gồm: Phòng giường đôi, Phòng 2 giường đơn Phòng 3 người, Phòng 4 người', 'Tôi có thể làm gì ở Hana Dalat Hotel?': 'Hana Dalat Hotel có những hoạt động/dịch vụ sau (có thể áp dụng phí): Tour đi xe đạp, Tour/lớp về văn hóa địa phương', 'Hana Dalat Hotel cách trung tâm Đà Lạt bao xa?': 'Hana Dalat Hotel cách trung tâm Đà Lạt 300 m.\nTất cả khoảng cách được đo theo đường thẳng. Khoảng cách di chuyển thực sự có thể khác.'}"
https://www.booking.com/hotel/vn/trang-trai-thong-non-thanh-pho-da-lat.vi.html,"{'Trang Trại Thông Non cách trung tâm Ấp Man Ling bao xa?': 'Trang Trại Thông Non cách trung tâm Ấp Man Ling 600 m.\nTất cả khoảng cách được đo theo đường thẳng. Khoảng cách di chuyển thực sự có thể khác.', 'Trang Trại Thông Non có hồ bơi không?': 'Có, khách sạn này có hồ bơi. Tìm hiểu chi tiết về hồ bơi và các tiện nghi khác trong trang này.', 'Tôi có thể làm gì ở Trang Trại Thông Non?': 'Trang Trại Thông Non có những hoạt động/dịch vụ sau (có thể áp dụng phí): Phòng xông hơi, Đi bộ đường dài, Sân chơi trẻ em, Câu cáGiải trí buổi tối, Lớp học yoga, Tour đi bộ, Hồ bơi, Đêm phim, Phòng xông hơi ướt, Bữa tối theo chủ đề', 'Trang Trại Thông Non có giờ nhận và trả phòng như thế nào?': 'Trang Trại Thông Non có giờ nhận phòng từ 14:00 và giờ trả phòng trước 12:00.', 'Chi phí nghỉ tại Trang Trại Thông Non là bao nhiêu?': 'Giá tại Trang Trại Thông Non có thể khác nhau tùy vào kỳ nghỉ của bạn (ví dụ: ngày bạn chọn, chính sách khách sạn,v.v.). Vui lòng xem giá bằng cách nhập ngày của bạn.'}"
https://www.booking.com/hotel/vn/po-hotel-des-pins-dalat.vi.html,"{'Hotel Des Pins Dalat cách trung tâm Đà Lạt bao xa?': 'Hotel Des Pins Dalat cách trung tâm Đà Lạt 2,5 km.\nTất cả khoảng cách được đo theo đường thẳng. Khoảng cách di chuyển thực sự có thể khác.', 'Chi phí nghỉ tại Hotel Des Pins Dalat là bao nhiêu?': 'Giá tại Hotel Des Pins Dalat có thể khác nhau tùy vào kỳ nghỉ của bạn (ví dụ: ngày bạn chọn, chính sách khách sạn,v.v.). Vui lòng xem giá bằng cách nhập ngày của bạn.', 'Hotel Des Pins Dalat có giờ nhận và trả phòng như thế nào?': 'Hotel Des Pins Dalat có giờ nhận phòng từ 14:00 và giờ trả phòng trước 12:00.', 'Tôi có thể làm gì ở Hotel Des Pins Dalat?': 'Hotel Des Pins Dalat có những hoạt động/dịch vụ sau (có thể áp dụng phí): Tour/lớp về văn hóa địa phương'}"
https://www.booking.com/hotel/vn/hostel-anh-khoi.vi.html,"{'Tôi có thể làm gì ở HOSTEL Anh Khôi?': 'H, O, S, T, E, L Anh Khôi có những hoạt động/dịch vụ sau (có thể áp dụng phí):', 'Chi phí nghỉ tại HOSTEL Anh Khôi là bao nhiêu?': 'Giá tại H, O, S, T, E, L Anh Khôi có thể khác nhau tùy vào kỳ nghỉ của bạn (ví dụ: ngày bạn chọn, chính sách khách sạn,v.v.). Vui lòng xem giá bằng cách nhập ngày của bạn.', 'HOSTEL Anh Khôi cách trung tâm Đà Lạt bao xa?': 'H, O, S, T, E, L Anh Khôi cách trung tâm Đà Lạt 400 m.\nTất cả khoảng cách được đo theo đường thẳng. Khoảng cách di chuyển thực sự có thể khác.', 'HOSTEL Anh Khôi có giờ nhận và trả phòng như thế nào?': 'H, O, S, T, E, L Anh Khôi có giờ nhận phòng từ 12:00 và giờ trả phòng trước 14:00.', 'HOSTEL Anh Khôi có phổ biến với các gia đình không?': 'Có, H, O, S, T, E, L Anh Khôi khá phổ biến đối với khách đặt kỳ nghỉ gia đình.', 'HOSTEL Anh Khôi có những loại phòng nào?': 'Lựa chọn phòng tại H, O, S, T, E, L Anh Khôi bao gồm: Phòng 2 giường đơn Phòng đơn'}"
https://www.booking.com/hotel/vn/mongo-garden-da-lat.vi.html,"{'Mongo Garden có ban công không?': 'Có, nhiều lựa chọn tại chỗ nghỉ này có ban công. Bạn có thể tìm hiểu thêm về điều này và các tiện nghi khác tại Mongo Garden trên trang này.', 'Mongo Garden có phổ biến với các gia đình không?': 'Có, Mongo Garden khá phổ biến đối với khách đặt kỳ nghỉ gia đình.', 'Bao nhiêu khách có thể lưu trú tại Mongo Garden?': 'Bạn có thể chọn từ nhiều lựa chọn chỗ nghỉ tại Mongo Garden (tùy vào tình trạng có sẵn). Những chỗ này có thể tiếp đón: 1 khách4 khách\n\nĐể biết thêm thông tin, vui lòng kiểm tra chi tiết (các) lựa chọn chỗ nghỉ ở trang này.', 'Tôi có thể làm gì ở Mongo Garden?': 'Mongo Garden có những hoạt động/dịch vụ sau (có thể áp dụng phí): Hồ bơi', 'Chi phí nghỉ tại Mongo Garden là bao nhiêu?': 'Giá tại Mongo Garden có thể khác nhau tùy vào kỳ nghỉ của bạn (ví dụ: ngày bạn chọn, chính sách khách sạn,v.v.). Vui lòng xem giá bằng cách nhập ngày của bạn.', 'Mongo Garden cách trung tâm Đà Lạt bao xa?': 'Mongo Garden cách trung tâm Đà Lạt 10 km.\nTất cả khoảng cách được đo theo đường thẳng. Khoảng cách di chuyển thực sự có thể khác.', 'Mongo Garden có bao nhiêu phòng ngủ?': 'Mongo Garden có số lượng phòng ngủ như sau: 1 phòng ngủ\n\nĐể biết thêm thông tin, vui lòng kiểm tra chi tiết (các) lựa chọn chỗ nghỉ ở trang này.', 'Mongo Garden có hồ bơi riêng cho khách lưu trú không?': 'Chỗ nghỉ có hồ bơi riêng. Bạn có thể tìm hiểu thêm về điều này và các tiện nghi khác tại Mongo Garden trên trang này.', 'Mongo Garden có sân hiên không?': 'Có, nhiều lựa chọn tại chỗ nghỉ này có sân hiên. Bạn có thể tìm hiểu thêm về điều này và các tiện nghi khác tại Mongo Garden trên trang này.', 'Mongo Garden có giờ nhận và trả phòng như thế nào?': 'Mongo Garden có giờ nhận phòng từ 14:00 và giờ trả phòng trước 12:00.', 'Mongo Garden có hồ bơi không?': 'Có, khách sạn này có hồ bơi. Tìm hiểu chi tiết về hồ bơi và các tiện nghi khác trong trang này.'}"
https://www.booking.com/hotel/vn/little-chai-nho.vi.html,"{'Chi phí nghỉ tại Little Chái Nho Homestay là bao nhiêu?': 'Giá tại Little Chái Nho Homestay có thể khác nhau tùy vào kỳ nghỉ của bạn (ví dụ: ngày bạn chọn, chính sách khách sạn,v.v.). Vui lòng xem giá bằng cách nhập ngày của bạn.', 'Little Chái Nho Homestay có giờ nhận và trả phòng như thế nào?': 'Little Chái Nho Homestay có giờ nhận phòng từ 00:00 và giờ trả phòng trước 12:00.', 'Tôi có thể làm gì ở Little Chái Nho Homestay?': 'Little Chái Nho Homestay có những hoạt động/dịch vụ sau (có thể áp dụng phí):', 'Little Chái Nho Homestay cách trung tâm Đà Lạt bao xa?': 'Little Chái Nho Homestay cách trung tâm Đà Lạt 800 m.\nTất cả khoảng cách được đo theo đường thẳng. Khoảng cách di chuyển thực sự có thể khác.'}"
https://www.booking.com/hotel/vn/po-hodota-the-blessed-virgin-dalat-p-kim-th-ch.vi.html,"{'Hodota The Blessed Virgin Dalat có giờ nhận và trả phòng như thế nào?': 'Hodota The Blessed Virgin Dalat có giờ nhận phòng từ 14:00 và giờ trả phòng trước 11:30.', 'Tôi có thể làm gì ở Hodota The Blessed Virgin Dalat?': 'Hodota The Blessed Virgin Dalat có những hoạt động/dịch vụ sau (có thể áp dụng phí): Tour/lớp về văn hóa địa phương', 'Hodota The Blessed Virgin Dalat có nhà hàng trong khuôn viên không?': 'Hodota The Blessed Virgin Dalat có 1 nhà hàng: Nhà hàng', 'Chi phí nghỉ tại Hodota The Blessed Virgin Dalat là bao nhiêu?': 'Giá tại Hodota The Blessed Virgin Dalat có thể khác nhau tùy vào kỳ nghỉ của bạn (ví dụ: ngày bạn chọn, chính sách khách sạn,v.v.). Vui lòng xem giá bằng cách nhập ngày của bạn.', 'Hodota The Blessed Virgin Dalat cách trung tâm Đà Lạt bao xa?': 'Hodota The Blessed Virgin Dalat cách trung tâm Đà Lạt 3,2 km.\nTất cả khoảng cách được đo theo đường thẳng. Khoảng cách di chuyển thực sự có thể khác.'}"
https://www.booking.com/hotel/vn/aeons-dalat-thanh-pho-da-lat.vi.html,"{'Aeons Dalat - The Lake Home có nhà hàng trong khuôn viên không?': 'Aeons Dalat - The Lake Home có 1 nhà hàng: Restaurant #1', 'Tôi có thể làm gì ở Aeons Dalat - The Lake Home?': 'Aeons Dalat - The Lake Home có những hoạt động/dịch vụ sau (có thể áp dụng phí): Xe đạp, Đi bộ đường dài, Sân chơi trẻ em, Phòng chơi game, Giải trí buổi tối', 'Aeons Dalat - The Lake Home cách trung tâm Ấp Ða Thiên bao xa?': 'Aeons Dalat - The Lake Home cách trung tâm Ấp Ða Thiên 1 km.\nTất cả khoảng cách được đo theo đường thẳng. Khoảng cách di chuyển thực sự có thể khác.', 'Chi phí nghỉ tại Aeons Dalat - The Lake Home là bao nhiêu?': 'Giá tại Aeons Dalat - The Lake Home có thể khác nhau tùy vào kỳ nghỉ của bạn (ví dụ: ngày bạn chọn, chính sách khách sạn,v.v.). Vui lòng xem giá bằng cách nhập ngày của bạn.', 'Aeons Dalat - The Lake Home có giờ nhận và trả phòng như thế nào?': 'Aeons Dalat - The Lake Home có giờ nhận phòng từ 14:00 và giờ trả phòng trước 11:00.'}"
https://www.booking.com/hotel/vn/elon-coffee-farmstay.vi.html,"{'Elon Coffee Farmstay cách trung tâm Đà Lạt bao xa?': 'Elon Coffee Farmstay cách trung tâm Đà Lạt 16 km.\nTất cả khoảng cách được đo theo đường thẳng. Khoảng cách di chuyển thực sự có thể khác.', 'Chi phí nghỉ tại Elon Coffee Farmstay là bao nhiêu?': 'Giá tại Elon Coffee Farmstay có thể khác nhau tùy vào kỳ nghỉ của bạn (ví dụ: ngày bạn chọn, chính sách khách sạn,v.v.). Vui lòng xem giá bằng cách nhập ngày của bạn.', 'Tôi có thể làm gì ở Elon Coffee Farmstay?': 'Elon Coffee Farmstay có những hoạt động/dịch vụ sau (có thể áp dụng phí): Xe đạp, Cho thuê xe đạp, Tour đi xe đạp, Tour/lớp về văn hóa địa phương, Lớp dạy nấu ăn', 'Elon Coffee Farmstay có giờ nhận và trả phòng như thế nào?': 'Elon Coffee Farmstay có giờ nhận phòng từ 08:00 và giờ trả phòng trước 09:00.'}"
https://www.booking.com/hotel/vn/po-tvt-hotel-dalat.vi.html,"{'Tôi có thể làm gì ở TVT Hotel?': 'T, V, T Hotel có những hoạt động/dịch vụ sau (có thể áp dụng phí): Sân gôn (trong vòng 3km)', 'TVT Hotel có phổ biến với các gia đình không?': 'Có, T, V, T Hotel khá phổ biến đối với khách đặt kỳ nghỉ gia đình.', 'Chi phí nghỉ tại TVT Hotel là bao nhiêu?': 'Giá tại T, V, T Hotel có thể khác nhau tùy vào kỳ nghỉ của bạn (ví dụ: ngày bạn chọn, chính sách khách sạn,v.v.). Vui lòng xem giá bằng cách nhập ngày của bạn.', 'TVT Hotel cách trung tâm Đà Lạt bao xa?': 'T, V, T Hotel cách trung tâm Đà Lạt 800 m.\nTất cả khoảng cách được đo theo đường thẳng. Khoảng cách di chuyển thực sự có thể khác.'}"
https://www.booking.com/hotel/vn/guesthouse-big-lucky.vi.html,"{'Guesthouse Big Lucky cách trung tâm Đà Lạt bao xa?': 'Guesthouse Big Lucky cách trung tâm Đà Lạt 600 m.\nTất cả khoảng cách được đo theo đường thẳng. Khoảng cách di chuyển thực sự có thể khác.', 'Tôi có thể làm gì ở Guesthouse Big Lucky?': 'Guesthouse Big Lucky có những hoạt động/dịch vụ sau (có thể áp dụng phí):', 'Guesthouse Big Lucky có những loại phòng nào?': 'Lựa chọn phòng tại Guesthouse Big Lucky bao gồm: Phòng giường đôi, Phòng 4 người', 'Chi phí nghỉ tại Guesthouse Big Lucky là bao nhiêu?': 'Giá tại Guesthouse Big Lucky có thể khác nhau tùy vào kỳ nghỉ của bạn (ví dụ: ngày bạn chọn, chính sách khách sạn,v.v.). Vui lòng xem giá bằng cách nhập ngày của bạn.'}"
https://www.booking.com/hotel/vn/dong-thanh-thanh-pho-da-lat.vi.html,"{'Chi phí nghỉ tại Đồng Thanh Hotel là bao nhiêu?': 'Giá tại Đồng Thanh Hotel có thể khác nhau tùy vào kỳ nghỉ của bạn (ví dụ: ngày bạn chọn, chính sách khách sạn,v.v.). Vui lòng xem giá bằng cách nhập ngày của bạn.', 'Đồng Thanh Hotel có giờ nhận và trả phòng như thế nào?': 'Đồng Thanh Hotel có giờ nhận phòng từ 07:00 và giờ trả phòng trước 12:00.', 'Đồng Thanh Hotel có phổ biến với các gia đình không?': 'Có, Đồng Thanh Hotel khá phổ biến đối với khách đặt kỳ nghỉ gia đình.', 'Tôi có thể làm gì ở Đồng Thanh Hotel?': 'Đồng Thanh Hotel có những hoạt động/dịch vụ sau (có thể áp dụng phí):', 'Đồng Thanh Hotel cách trung tâm Đà Lạt bao xa?': 'Đồng Thanh Hotel cách trung tâm Đà Lạt 1,6 km.\nTất cả khoảng cách được đo theo đường thẳng. Khoảng cách di chuyển thực sự có thể khác.'}"
https://www.booking.com/hotel/vn/bae-homestay-da-lat-thanh-pho-da-lat4.vi.html,"{'Tôi có thể làm gì ở Hoa Đà Lạt Homestay?': 'Hoa Đà Lạt Homestay có những hoạt động/dịch vụ sau (có thể áp dụng phí):', 'Chi phí nghỉ tại Hoa Đà Lạt Homestay là bao nhiêu?': 'Giá tại Hoa Đà Lạt Homestay có thể khác nhau tùy vào kỳ nghỉ của bạn (ví dụ: ngày bạn chọn, chính sách khách sạn,v.v.). Vui lòng xem giá bằng cách nhập ngày của bạn.', 'Hoa Đà Lạt Homestay có giờ nhận và trả phòng như thế nào?': 'Hoa Đà Lạt Homestay có giờ nhận phòng từ 14:00 và giờ trả phòng trước 11:00.', 'Hoa Đà Lạt Homestay cách trung tâm Ấp Ða Thiên bao xa?': 'Hoa Đà Lạt Homestay cách trung tâm Ấp Ða Thiên 750 m.\nTất cả khoảng cách được đo theo đường thẳng. Khoảng cách di chuyển thực sự có thể khác.'}"
https://www.booking.com/hotel/vn/pinetown-backpacker-39-s.vi.html,"{'PINETOWN Homestay có giờ nhận và trả phòng như thế nào?': 'P, I, N, E, T, O, W, N Homestay có giờ nhận phòng từ 12:00 và giờ trả phòng trước 11:30.', 'PINETOWN Homestay cách trung tâm Đà Lạt bao xa?': 'P, I, N, E, T, O, W, N Homestay cách trung tâm Đà Lạt 1,8 km.\nTất cả khoảng cách được đo theo đường thẳng. Khoảng cách di chuyển thực sự có thể khác.', 'Tôi có thể làm gì ở PINETOWN Homestay?': 'P, I, N, E, T, O, W, N Homestay có những hoạt động/dịch vụ sau (có thể áp dụng phí): Xe đạp, Đi bộ đường dài, Karaoke, Giải trí buổi tối, Tour/lớp về văn hóa địa phương, Tour đi xe đạp, Lớp dạy nấu ăn, Tour đi bộ, Cho thuê xe đạp, Giờ vàng', 'Chi phí nghỉ tại PINETOWN Homestay là bao nhiêu?': 'Giá tại P, I, N, E, T, O, W, N Homestay có thể khác nhau tùy vào kỳ nghỉ của bạn (ví dụ: ngày bạn chọn, chính sách khách sạn,v.v.). Vui lòng xem giá bằng cách nhập ngày của bạn.'}"
https://www.booking.com/hotel/vn/xuan-home.vi.html,"{'Xuân Home có những loại phòng nào?': 'Lựa chọn phòng tại Xuân Home bao gồm: Phòng giường đôi, Phòng gia đình', 'Chi phí nghỉ tại Xuân Home là bao nhiêu?': 'Giá tại Xuân Home có thể khác nhau tùy vào kỳ nghỉ của bạn (ví dụ: ngày bạn chọn, chính sách khách sạn,v.v.). Vui lòng xem giá bằng cách nhập ngày của bạn.', 'Tôi có thể làm gì ở Xuân Home?': 'Xuân Home có những hoạt động/dịch vụ sau (có thể áp dụng phí):', 'Xuân Home cách trung tâm Trai Mat bao xa?': 'Xuân Home cách trung tâm Trai Mat 1 km.\nTất cả khoảng cách được đo theo đường thẳng. Khoảng cách di chuyển thực sự có thể khác.', 'Xuân Home có giờ nhận và trả phòng như thế nào?': 'Xuân Home có giờ nhận phòng từ 14:00 và giờ trả phòng trước 12:00.'}"
https://www.booking.com/hotel/vn/oyo-1232-pon-pon-hostel.vi.html,"{'Chi phí nghỉ tại OYO 1232 Pòn Pon Hostel là bao nhiêu?': 'Giá tại O, Y, O 1232 Pòn Pon Hostel có thể khác nhau tùy vào kỳ nghỉ của bạn (ví dụ: ngày bạn chọn, chính sách khách sạn,v.v.). Vui lòng xem giá bằng cách nhập ngày của bạn.', 'OYO 1232 Pòn Pon Hostel có những loại phòng nào?': 'Lựa chọn phòng tại O, Y, O 1232 Pòn Pon Hostel bao gồm: Phòng giường đôi, Phòng gia đình', 'OYO 1232 Pòn Pon Hostel có phổ biến với các gia đình không?': 'Có, O, Y, O 1232 Pòn Pon Hostel khá phổ biến đối với khách đặt kỳ nghỉ gia đình.', 'OYO 1232 Pòn Pon Hostel cách trung tâm Đà Lạt bao xa?': 'O, Y, O 1232 Pòn Pon Hostel cách trung tâm Đà Lạt 2,1 km.\nTất cả khoảng cách được đo theo đường thẳng. Khoảng cách di chuyển thực sự có thể khác.', 'Tôi có thể làm gì ở OYO 1232 Pòn Pon Hostel?': 'O, Y, O 1232 Pòn Pon Hostel có những hoạt động/dịch vụ sau (có thể áp dụng phí):', 'OYO 1232 Pòn Pon Hostel có giờ nhận và trả phòng như thế nào?': 'O, Y, O 1232 Pòn Pon Hostel có giờ nhận phòng từ 14:00 và giờ trả phòng trước 12:00.'}"
https://www.booking.com/hotel/vn/hung-mai-glamorous-homestay.vi.html,"{'Chi phí nghỉ tại Huong Mai Hotel là bao nhiêu?': 'Giá tại Huong Mai Hotel có thể khác nhau tùy vào kỳ nghỉ của bạn (ví dụ: ngày bạn chọn, chính sách khách sạn,v.v.). Vui lòng xem giá bằng cách nhập ngày của bạn.', 'Huong Mai Hotel cách trung tâm Đà Lạt bao xa?': 'Huong Mai Hotel cách trung tâm Đà Lạt 1,7 km.\nTất cả khoảng cách được đo theo đường thẳng. Khoảng cách di chuyển thực sự có thể khác.', 'Huong Mai Hotel có giờ nhận và trả phòng như thế nào?': 'Huong Mai Hotel có giờ nhận phòng từ 14:00 và giờ trả phòng trước 12:00.', 'Huong Mai Hotel có những loại phòng nào?': 'Lựa chọn phòng tại Huong Mai Hotel bao gồm: Phòng 4 người, Phòng giường đôi, Phòng gia đình, Phòng giường đôi/2 giường đơn', 'Tôi có thể làm gì ở Huong Mai Hotel?': 'Huong Mai Hotel có những hoạt động/dịch vụ sau (có thể áp dụng phí):', 'Huong Mai Hotel có phổ biến với các gia đình không?': 'Có, Huong Mai Hotel khá phổ biến đối với khách đặt kỳ nghỉ gia đình.'}"
https://www.booking.com/hotel/vn/thien-thanh-house-da-lat.vi.html,"{'Tôi có thể làm gì ở Thiên Thanh House?': 'Thiên Thanh House có những hoạt động/dịch vụ sau (có thể áp dụng phí): Tour đi bộ, Tour/lớp về văn hóa địa phương, Tour đi xe đạp', 'Thiên Thanh House cách trung tâm Đà Lạt bao xa?': 'Thiên Thanh House cách trung tâm Đà Lạt 150 m.\nTất cả khoảng cách được đo theo đường thẳng. Khoảng cách di chuyển thực sự có thể khác.', 'Thiên Thanh House có giờ nhận và trả phòng như thế nào?': 'Thiên Thanh House có giờ nhận phòng từ 11:00 và giờ trả phòng trước 11:30.', 'Chi phí nghỉ tại Thiên Thanh House là bao nhiêu?': 'Giá tại Thiên Thanh House có thể khác nhau tùy vào kỳ nghỉ của bạn (ví dụ: ngày bạn chọn, chính sách khách sạn,v.v.). Vui lòng xem giá bằng cách nhập ngày của bạn.', 'Thiên Thanh House có những loại phòng nào?': 'Lựa chọn phòng tại Thiên Thanh House bao gồm: Phòng giường đôi, Phòng 4 người'}"
https://www.booking.com/hotel/vn/sunlight-homestay.vi.html,"{'SUNLIGHT HOMESTAY có bao nhiêu phòng ngủ?': 'S, U, N, L, I, G, H, T H, O, M, E, S, T, A, Y có số lượng phòng ngủ như sau: 1 phòng ngủ\n\nĐể biết thêm thông tin, vui lòng kiểm tra chi tiết (các) lựa chọn chỗ nghỉ ở trang này.', 'SUNLIGHT HOMESTAY có ban công không?': 'Có, nhiều lựa chọn tại chỗ nghỉ này có ban công. Bạn có thể tìm hiểu thêm về điều này và các tiện nghi khác tại S, U, N, L, I, G, H, T H, O, M, E, S, T, A, Y trên trang này.', 'Tôi có thể làm gì ở SUNLIGHT HOMESTAY?': 'S, U, N, L, I, G, H, T H, O, M, E, S, T, A, Y có những hoạt động/dịch vụ sau (có thể áp dụng phí):', 'SUNLIGHT HOMESTAY cách trung tâm Ấp Ða Thành bao xa?': 'S, U, N, L, I, G, H, T H, O, M, E, S, T, A, Y cách trung tâm Ấp Ða Thành 600 m.\nTất cả khoảng cách được đo theo đường thẳng. Khoảng cách di chuyển thực sự có thể khác.', 'SUNLIGHT HOMESTAY có giờ nhận và trả phòng như thế nào?': 'S, U, N, L, I, G, H, T H, O, M, E, S, T, A, Y có giờ nhận phòng từ 14:00 và giờ trả phòng trước 12:00.', 'Bao nhiêu khách có thể lưu trú tại SUNLIGHT HOMESTAY?': 'S, U, N, L, I, G, H, T H, O, M, E, S, T, A, Y có thể tiếp đón nhóm có số lượng như sau: 1 khách\n\nĐể biết thêm thông tin, vui lòng kiểm tra chi tiết (các) lựa chọn chỗ nghỉ ở trang này.', 'Chi phí nghỉ tại SUNLIGHT HOMESTAY là bao nhiêu?': 'Giá tại S, U, N, L, I, G, H, T H, O, M, E, S, T, A, Y có thể khác nhau tùy vào kỳ nghỉ của bạn (ví dụ: ngày bạn chọn, chính sách khách sạn,v.v.). Vui lòng xem giá bằng cách nhập ngày của bạn.'}"
https://www.booking.com/hotel/vn/books-home-da-lat-home-amp-garden.vi.html,"{'Books Home Đà Lạt - Home & Garden có giờ nhận và trả phòng như thế nào?': 'Books Home Đà Lạt - Home & Garden có giờ nhận phòng từ 12:00 và giờ trả phòng trước 00:00.', 'Chi phí nghỉ tại Books Home Đà Lạt - Home & Garden là bao nhiêu?': 'Giá tại Books Home Đà Lạt - Home & Garden có thể khác nhau tùy vào kỳ nghỉ của bạn (ví dụ: ngày bạn chọn, chính sách khách sạn,v.v.). Vui lòng xem giá bằng cách nhập ngày của bạn.', 'Books Home Đà Lạt - Home & Garden có những loại phòng nào?': 'Lựa chọn phòng tại Books Home Đà Lạt - Home & Garden bao gồm: Phòng giường đôi', 'Tôi có thể làm gì ở Books Home Đà Lạt - Home & Garden?': 'Books Home Đà Lạt - Home & Garden có những hoạt động/dịch vụ sau (có thể áp dụng phí): Đi bộ đường dài, Sân chơi trẻ em, Tour đi bộ, Lớp học yoga, Giờ vàng, Thiết bị dành cho cầu lông, Cho thuê xe đạp, Bữa tối theo chủ đề, Tour/lớp về văn hóa địa phương', 'Books Home Đà Lạt - Home & Garden cách trung tâm Ấp Xuân An bao xa?': 'Books Home Đà Lạt - Home & Garden cách trung tâm Ấp Xuân An 1,3 km.\nTất cả khoảng cách được đo theo đường thẳng. Khoảng cách di chuyển thực sự có thể khác.'}"
https://www.booking.com/hotel/vn/gia-ha-house-p0-3-ban-cong-view-trien-doi.vi.html,"{'Gia Hạ House(P0.3)_Ban Công_View Triền Đồi có ban công không?': 'Có, nhiều lựa chọn tại chỗ nghỉ này có ban công. Bạn có thể tìm hiểu thêm về điều này và các tiện nghi khác tại Gia Hạ House(P0.3)_Ban Công_View Triền Đồi trên trang này.', 'Gia Hạ House(P0.3)_Ban Công_View Triền Đồi có phổ biến với các gia đình không?': 'Có, Gia Hạ House(P0.3)_Ban Công_View Triền Đồi khá phổ biến đối với khách đặt kỳ nghỉ gia đình.', 'Bao nhiêu khách có thể lưu trú tại Gia Hạ House(P0.3)_Ban Công_View Triền Đồi?': 'Gia Hạ House(P0.3)_Ban Công_View Triền Đồi có thể tiếp đón nhóm có số lượng như sau: 2 khách\n\nĐể biết thêm thông tin, vui lòng kiểm tra chi tiết (các) lựa chọn chỗ nghỉ ở trang này.', 'Gia Hạ House(P0.3)_Ban Công_View Triền Đồi có giờ nhận và trả phòng như thế nào?': 'Gia Hạ House(P0.3)_Ban Công_View Triền Đồi có giờ nhận phòng từ 14:00 và giờ trả phòng trước 12:00.', 'Tôi có thể làm gì ở Gia Hạ House(P0.3)_Ban Công_View Triền Đồi?': 'Gia Hạ House(P0.3)_Ban Công_View Triền Đồi có những hoạt động/dịch vụ sau (có thể áp dụng phí): Sân gôn (trong vòng 3km)', 'Gia Hạ House(P0.3)_Ban Công_View Triền Đồi có bao nhiêu phòng ngủ?': 'Gia Hạ House(P0.3)_Ban Công_View Triền Đồi có số lượng phòng ngủ như sau: 1 phòng ngủ\n\nĐể biết thêm thông tin, vui lòng kiểm tra chi tiết (các) lựa chọn chỗ nghỉ ở trang này.', 'Gia Hạ House(P0.3)_Ban Công_View Triền Đồi cách trung tâm Đà Lạt bao xa?': 'Gia Hạ House(P0.3)_Ban Công_View Triền Đồi cách trung tâm Đà Lạt 2,2 km.\nTất cả khoảng cách được đo theo đường thẳng. Khoảng cách di chuyển thực sự có thể khác.', 'Chi phí nghỉ tại Gia Hạ House(P0.3)_Ban Công_View Triền Đồi là bao nhiêu?': 'Giá tại Gia Hạ House(P0.3)_Ban Công_View Triền Đồi có thể khác nhau tùy vào kỳ nghỉ của bạn (ví dụ: ngày bạn chọn, chính sách khách sạn,v.v.). Vui lòng xem giá bằng cách nhập ngày của bạn.'}"
https://www.booking.com/hotel/vn/lalaland-homestay-thanh-pho-da-lat.vi.html,"{'Lalaland Homestay có giờ nhận và trả phòng như thế nào?': 'Lalaland Homestay có giờ nhận phòng từ 14:00 và giờ trả phòng trước 12:00.', 'Lalaland Homestay cách trung tâm Đà Lạt bao xa?': 'Lalaland Homestay cách trung tâm Đà Lạt 2,6 km.\nTất cả khoảng cách được đo theo đường thẳng. Khoảng cách di chuyển thực sự có thể khác.', 'Lalaland Homestay có phổ biến với các gia đình không?': 'Có, Lalaland Homestay khá phổ biến đối với khách đặt kỳ nghỉ gia đình.', 'Lalaland Homestay có nhà hàng trong khuôn viên không?': 'Lalaland Homestay có 1 nhà hàng: Lalaland', 'Tôi có thể làm gì ở Lalaland Homestay?': 'Lalaland Homestay có những hoạt động/dịch vụ sau (có thể áp dụng phí): Phòng tắm chung', 'Lalaland Homestay có những loại phòng nào?': 'Lựa chọn phòng tại Lalaland Homestay bao gồm: Phòng giường đôi/2 giường đơn, Phòng giường đôi, Phòng 4 người, Phòng tập thể', 'Chi phí nghỉ tại Lalaland Homestay là bao nhiêu?': 'Giá tại Lalaland Homestay có thể khác nhau tùy vào kỳ nghỉ của bạn (ví dụ: ngày bạn chọn, chính sách khách sạn,v.v.). Vui lòng xem giá bằng cách nhập ngày của bạn.'}"
